1	-193.2843602987808	4.935285965
2	-193.3174851460774	10.480319962
3	-193.48087332137476	15.714329049
4	-193.51653441045562	19.781799717
5	-193.52739841339906	23.655575034
6	-193.52739841339906	29.098294559
7	-193.52739841339906	33.584922933
8	-193.52739841339906	38.110013317
9	-193.52739841339906	43.238708963
10	-193.52739841339906	48.135889294
11	-193.52739841339906	53.616839043
12	-193.52739841339906	59.381295831
13	-193.52739841339906	64.659155037
14	-193.52739841339906	70.143478946
15	-193.52739841339906	74.887632325
16	-193.52739841339906	79.251159858
17	-193.52739841339906	83.859146541
18	-193.52739841339906	87.698000507
19	-193.52739841339906	93.118895043
20	-193.52739841339906	98.569606211
21	-193.52739841339906	104.010268738
22	-193.52739841339906	108.971563252
23	-193.52739841339906	114.018550613
24	-193.52739841339906	119.552256154
25	-193.52739841339906	124.069729802
26	-193.52739841339906	129.310050437
27	-193.59845921083075	136.032006201
28	-193.65012282333151	141.77813504
29	-193.65012282333151	147.63373693
30	-193.65012282333151	154.499684251
31	-193.65012282333151	160.824011935
32	-193.65012282333151	166.624618286
33	-193.65012282333151	174.31521075
34	-193.65012282333151	179.580446575
35	-193.65012282333151	186.164330888
36	-193.65012282333151	192.277185799
37	-193.65012282333151	197.860557217
38	-193.65012282333151	205.08154863
39	-193.65012282333151	211.63249931
40	-193.65012282333151	218.183645855
41	-193.65012282333151	223.162067193
42	-193.65012282333151	228.654882811
43	-193.83286658648402	234.849806944
44	-193.83286658648402	239.781464154
45	-193.83286658648402	245.219303905
46	-193.83286658648402	249.778233399
47	-193.83286658648402	256.241452197
48	-193.83286658648402	261.706757359
49	-193.83286658648402	268.121188388
50	-193.83286658648402	273.358516327
51	-193.83286658648402	279.601886964
52	-193.83286658648402	286.342264191
53	-193.83286658648402	293.939232037
54	-193.83286658648402	300.256989017
55	-193.83286658648402	306.501996699
56	-193.83286658648402	312.074319915
57	-193.83286658648402	319.830189771
58	-193.83286658648402	326.228816557
59	-193.83286658648402	332.69810856
60	-193.83286658648402	339.182856698
61	-193.83286658648402	346.384945399
62	-193.83286658648402	354.110608891
63	-193.83286658648402	361.487266713
64	-193.83286658648402	368.736883895
65	-193.83286658648402	375.609299854
66	-193.83286658648402	383.159582259
67	-193.83286658648402	389.139527458
68	-193.83286658648402	396.165566797
69	-193.83286658648402	402.776119666
70	-193.83286658648402	410.680221944
71	-193.83286658648402	418.300106998
72	-193.83286658648402	424.420000176
73	-193.83286658648402	431.069616332
74	-193.83286658648402	437.863661387
75	-193.83286658648402	443.198648112
76	-193.83286658648402	448.236647404
77	-193.83286658648402	454.676744292
78	-193.83286658648402	460.374215653
79	-193.83286658648402	467.936699777
80	-194.05925347716297	475.17823893
81	-194.08468310019893	481.602625943
82	-194.08468310019893	488.519585384
83	-194.08468310019893	494.994401487
84	-194.08468310019893	502.211371848
85	-194.08468310019893	508.935577052
86	-194.08468310019893	514.091858422
87	-194.08468310019893	520.043921393
88	-194.08468310019893	526.935013409
89	-194.08468310019893	534.087879564
90	-194.08468310019893	540.265221284
91	-194.08468310019893	546.833683103
92	-194.08468310019893	554.285521843
93	-194.08468310019893	559.588841065
94	-194.08468310019893	566.134574127
95	-194.08468310019893	572.21221945
96	-194.08468310019893	577.751956286
97	-194.08468310019893	583.824496035
98	-194.08468310019893	590.6184969
99	-194.08468310019893	598.087500951
100	-194.08468310019893	603.641485953
101	-194.08468310019893	610.910872267
102	-194.08468310019893	616.917023018
103	-194.08468310019893	623.811785414
104	-194.08468310019893	630.752431548
105	-194.08468310019893	635.989437038
106	-194.08468310019893	641.156185576
107	-194.08468310019893	647.521174818
108	-194.08468310019893	654.765321212
109	-194.08468310019893	661.4455959
110	-194.08468310019893	668.379687866
111	-194.08468310019893	675.014753934
112	-194.08468310019893	681.855190776
113	-194.08468310019893	687.977457128
114	-194.08468310019893	695.569618755
115	-194.08468310019893	702.341721646
116	-194.08468310019893	710.965060688
117	-194.08468310019893	718.845309774
118	-194.08468310019893	725.700137047
119	-194.08468310019893	731.581793958
120	-194.08468310019893	739.615462864
121	-194.08468310019893	746.194096487
122	-194.08468310019893	753.178525741
123	-194.08468310019893	759.666629508
124	-194.08468310019893	766.315566555
125	-194.08468310019893	771.924126574
126	-194.08468310019893	778.267445636
127	-194.08468310019893	785.769601421
128	-194.08468310019893	791.862628469
129	-194.08468310019893	796.886063134
130	-194.08468310019893	802.3937721
131	-194.08468310019893	808.259187709
132	-194.08468310019893	814.548149001
133	-194.08468310019893	820.306299374
134	-194.08468310019893	827.001806965
135	-194.08468310019893	833.791048652
136	-194.08468310019893	839.789424151
137	-194.08468310019893	845.854267051
138	-194.08468310019893	852.4945285
139	-194.08468310019893	858.711094303
140	-194.08468310019893	864.636782656
141	-194.08468310019893	870.104766903
142	-194.08468310019893	876.734175443
143	-194.08468310019893	881.856680424
144	-194.08468310019893	887.813243701
145	-194.08468310019893	892.794098939
146	-194.08468310019893	897.783168768
147	-194.08468310019893	902.627021681
148	-194.08468310019893	909.297419929
149	-194.08468310019893	914.412037043
150	-194.08468310019893	920.285448857
151	-194.08468310019893	926.094001235
152	-194.08468310019893	932.871901923
153	-194.08468310019893	939.152631517
154	-194.08468310019893	945.015081514
155	-194.08468310019893	950.171802509
156	-194.08468310019893	955.093278221
157	-194.08468310019893	961.252824844
158	-194.08468310019893	967.900290203
159	-194.08468310019893	972.575611846
160	-194.08468310019893	978.701111805
161	-194.08468310019893	985.288894008
162	-194.08468310019893	992.01573867
163	-194.08468310019893	998.309904751
164	-194.08468310019893	1004.732028353
165	-194.08468310019893	1011.087010009
166	-194.08468310019893	1018.043098594
167	-194.08468310019893	1025.330427117
168	-194.08468310019893	1032.417427147
169	-194.08468310019893	1038.686946032
170	-194.08468310019893	1043.924332986
171	-194.08468310019893	1051.484711645
172	-194.08468310019893	1058.717797008
173	-194.08468310019893	1065.954240565
174	-194.08468310019893	1073.903219893
175	-194.08468310019893	1080.694317582
176	-194.08468310019893	1086.879179105
177	-194.08468310019893	1093.629786867
178	-194.08468310019893	1098.036289261
179	-194.08468310019893	1104.783387725
180	-194.08468310019893	1110.96758582
181	-194.08468310019893	1116.102910901
182	-194.08468310019893	1121.82719907
183	-194.08468310019893	1127.721355343
184	-194.08468310019893	1133.401250278
185	-194.08468310019893	1140.382356404
186	-194.08468310019893	1145.771887354
187	-194.08468310019893	1150.569051976
188	-194.08468310019893	1156.399835896
189	-194.08468310019893	1162.280071012
190	-194.08468310019893	1170.69061071
191	-194.08468310019893	1178.347200986
192	-194.08468310019893	1185.112805873
193	-194.08468310019893	1191.173497714
194	-194.08468310019893	1197.526119025
195	-194.08468310019893	1203.345539992
196	-194.08468310019893	1211.377301293
197	-194.08468310019893	1217.145305298
198	-194.08468310019893	1223.764381807
199	-194.08468310019893	1229.589705773
200	-194.08468310019893	1237.238452943
201	-194.08468310019893	1244.967811334
202	-194.08468310019893	1252.570482038
203	-194.08468310019893	1260.442445258
204	-194.08468310019893	1265.195994969
205	-194.08468310019893	1270.047734038
206	-194.08468310019893	1276.459039229
207	-194.08468310019893	1282.002150795
208	-194.08468310019893	1288.329651359
209	-194.08468310019893	1294.718623513
210	-194.08468310019893	1301.866364422
211	-194.08468310019893	1310.29605715
212	-194.08468310019893	1316.602846896
213	-194.08468310019893	1323.799732519
214	-194.08468310019893	1330.173161296
215	-194.08468310019893	1335.584651232
216	-194.08468310019893	1341.791577228
217	-194.08468310019893	1348.41229734
218	-194.08468310019893	1354.553454145
219	-194.08468310019893	1360.488704758
220	-194.08468310019893	1366.345157388
221	-194.08468310019893	1371.666020249
222	-194.08468310019893	1378.746012802
223	-194.08468310019893	1385.091048168
224	-194.08468310019893	1392.932038389
225	-194.08468310019893	1400.631293052
226	-194.08468310019893	1406.43334315
227	-194.08468310019893	1413.998797732
228	-194.08468310019893	1419.805345001
229	-194.08468310019893	1426.148579388
230	-194.08468310019893	1432.509174381
231	-194.08468310019893	1439.975302911
232	-194.08468310019893	1446.192210265
233	-194.08468310019893	1453.533168697
234	-194.08468310019893	1459.049115633
235	-194.08468310019893	1464.959739863
236	-194.08468310019893	1472.251351161
237	-194.08468310019893	1480.327467207
238	-194.08468310019893	1487.032903411
239	-194.08468310019893	1494.507354301
240	-194.08468310019893	1500.328973961
241	-194.08468310019893	1505.391729072
242	-194.08468310019893	1511.09990509
243	-194.08468310019893	1516.5802624
244	-194.08468310019893	1523.568982412
245	-194.08468310019893	1531.219359784
246	-194.08468310019893	1537.367045384
247	-194.08468310019893	1544.259338242
248	-194.08468310019893	1550.729074716
249	-194.08468310019893	1556.43634611
250	-194.08468310019893	1562.846606124
251	-194.08468310019893	1568.912006965
252	-194.08468310019893	1575.044835424
253	-194.08468310019893	1581.464824482
254	-194.08468310019893	1587.074012006
255	-194.08468310019893	1593.907142586
256	-194.08468310019893	1602.356865882
257	-194.08468310019893	1609.822022791
258	-194.08468310019893	1615.727100682
259	-194.08468310019893	1621.942598785
260	-194.08468310019893	1628.016867952
261	-194.08468310019893	1635.473564798
262	-194.08468310019893	1641.111171109
263	-194.08468310019893	1647.958286992
264	-194.08468310019893	1654.111670889
265	-194.08468310019893	1659.196910996
266	-194.08468310019893	1664.13126839
267	-194.08468310019893	1670.575655181
268	-194.08468310019893	1677.488232347
269	-194.08468310019893	1682.886381876
270	-194.08468310019893	1687.887749787
271	-194.08468310019893	1693.894759545
272	-194.08468310019893	1701.710969999
273	-194.08468310019893	1708.437161782
274	-194.08468310019893	1716.958711507
275	-194.08468310019893	1725.335990562
276	-194.08468310019893	1731.904756583
277	-194.08468310019893	1738.35947854
278	-194.08468310019893	1743.465005236
279	-194.08468310019893	1748.496589774
280	-194.08468310019893	1756.214404458
281	-194.08468310019893	1763.288641124
282	-194.08468310019893	1770.324623332
283	-194.08468310019893	1776.282813106
284	-194.08468310019893	1782.541289491
285	-194.08468310019893	1788.769903342
286	-194.08468310019893	1794.963595558
287	-194.08468310019893	1799.952914565
288	-194.08468310019893	1805.557997217
289	-194.08468310019893	1812.413663255
290	-194.08468310019893	1819.693995989
291	-194.08468310019893	1826.794516611
292	-194.08468310019893	1833.704155819
293	-194.08468310019893	1840.148980524
294	-194.08468310019893	1846.543176284
295	-194.08468310019893	1856.001801548
296	-194.08468310019893	1862.214539311
297	-194.08468310019893	1868.501440468
298	-194.08468310019893	1875.492404218
299	-194.08468310019893	1881.622363999
300	-194.08468310019893	1887.587714634
301	-194.08468310019893	1894.803615298
302	-194.08468310019893	1901.159904708
303	-194.08468310019893	1907.594677065
304	-194.08468310019893	1913.5425388
305	-194.08468310019893	1919.401352059
306	-194.08468310019893	1926.323040171
307	-194.08468310019893	1934.435103073
308	-194.08468310019893	1940.096357018
309	-194.08468310019893	1945.794388601
310	-194.08468310019893	1951.812605362
311	-194.08468310019893	1959.484971656
312	-194.08468310019893	1964.893818144
313	-194.08468310019893	1970.460344988
314	-194.08468310019893	1975.693038623
315	-194.08468310019893	1983.112593188
316	-194.08468310019893	1988.033879309
317	-194.08468310019893	1993.507569837
318	-194.08468310019893	1998.192219103
319	-194.08468310019893	2006.076435358
320	-194.08468310019893	2013.259315149
321	-194.08468310019893	2019.088229097
322	-194.08468310019893	2026.616694497
323	-194.08468310019893	2033.457141887
324	-194.08468310019893	2039.648104269
325	-194.08468310019893	2046.28796116
326	-194.08468310019893	2053.061686555
327	-194.08468310019893	2060.342381938
328	-194.08468310019893	2066.668264558
329	-194.08468310019893	2074.094735368
330	-194.08468310019893	2078.997670731
331	-194.08468310019893	2084.40070089
332	-194.08468310019893	2089.888430606
333	-194.08468310019893	2098.566451577
334	-194.08468310019893	2104.869702375
335	-194.08468310019893	2110.320526443
336	-194.08468310019893	2115.966176285
337	-194.08468310019893	2122.102645473
338	-194.08468310019893	2129.837922258
339	-194.08468310019893	2137.427449559
340	-194.08468310019893	2143.10142895
341	-194.08468310019893	2151.265240671
342	-194.08468310019893	2158.180589296
343	-194.08468310019893	2165.089169357
344	-194.08468310019893	2171.666130868
345	-194.08468310019893	2178.362933384
346	-194.08468310019893	2184.885089232
347	-194.08468310019893	2191.811789976
348	-194.08468310019893	2198.188109384
349	-194.08468310019893	2205.634654668
350	-194.08468310019893	2213.690530312
351	-194.109250161243	2221.025352533
352	-194.109250161243	2228.877746477
353	-194.109250161243	2234.782687234
354	-194.109250161243	2240.194716865
355	-194.109250161243	2246.885271411
356	-194.109250161243	2253.247221485
357	-194.109250161243	2259.785380291
358	-194.109250161243	2265.959297387
359	-194.109250161243	2272.350402376
360	-194.109250161243	2278.704952389
361	-194.109250161243	2285.410831925
362	-194.109250161243	2291.479543349
363	-194.109250161243	2297.732127853
364	-194.109250161243	2304.390433862
365	-194.109250161243	2311.223534506
366	-194.109250161243	2317.262154177
367	-194.109250161243	2322.48915151
368	-194.109250161243	2329.530551192
369	-194.109250161243	2334.790859916
370	-194.109250161243	2340.797308312
371	-194.109250161243	2346.50562973
372	-194.109250161243	2352.927602515
373	-194.109250161243	2359.660969129
374	-194.109250161243	2367.352451106
375	-194.109250161243	2373.929419459
376	-194.109250161243	2379.075363951
377	-194.109250161243	2385.939860683
378	-194.109250161243	2392.814171132
379	-194.11860224191392	2400.130003401
380	-194.17369082896425	2408.971046651
381	-194.17369082896425	2415.335519576
382	-194.17369082896425	2424.478317133
383	-194.17369082896425	2431.147494297
384	-194.17369082896425	2437.715867735
385	-194.17369082896425	2444.662934895
386	-194.17369082896425	2454.310703031
387	-194.17369082896425	2461.896409705
388	-194.17369082896425	2469.169904311
389	-194.17369082896425	2475.279751415
390	-194.17369082896425	2482.088288683
391	-194.17369082896425	2488.809139684
392	-194.17369082896425	2495.878201496
393	-194.17369082896425	2502.466892599
394	-194.17369082896425	2508.262730364
395	-194.17369082896425	2515.339099294
396	-194.17369082896425	2521.160003067
397	-194.17369082896425	2526.67971133
398	-194.17369082896425	2532.840140908
399	-194.17369082896425	2537.683010509
400	-194.17369082896425	2544.009533465
401	-194.17369082896425	2551.274683759
402	-194.17369082896425	2557.723543202
403	-194.17369082896425	2564.960450618
404	-194.17369082896425	2571.649451367
405	-194.17369082896425	2577.598018724
406	-194.17369082896425	2584.287810057
407	-194.17369082896425	2593.93129998
408	-194.17369082896425	2599.479916545
409	-194.17369082896425	2606.43577534
410	-194.17369082896425	2613.236820175
411	-194.17369082896425	2619.604511596
412	-194.17369082896425	2627.201813009
413	-194.17369082896425	2634.090848312
414	-194.17369082896425	2641.203191468
415	-194.17369082896425	2647.087601306
416	-194.17369082896425	2654.501299344
417	-194.17369082896425	2660.82110762
418	-194.17369082896425	2668.209439439
419	-194.17369082896425	2674.628581179
420	-194.17369082896425	2680.409471427
421	-194.17369082896425	2686.455774547
422	-194.17369082896425	2691.921870576
423	-194.17369082896425	2700.134773127
424	-194.17369082896425	2707.181067409
425	-194.17369082896425	2716.141766919
426	-194.17369082896425	2722.963327564
427	-194.17369082896425	2728.150466751
428	-194.17369082896425	2734.126858176
429	-194.17369082896425	2739.541483074
430	-194.17369082896425	2745.420478289
431	-194.17369082896425	2751.10253856
432	-194.17369082896425	2757.271620643
433	-194.17369082896425	2764.143635751
434	-194.17369082896425	2769.113855327
435	-194.17369082896425	2775.466778844
436	-194.17369082896425	2780.985195318
437	-194.17369082896425	2787.679132006
438	-194.17369082896425	2792.621463368
439	-194.17369082896425	2799.295690796
440	-194.17369082896425	2804.942347326
441	-194.17369082896425	2810.040456571
442	-194.17369082896425	2816.78169195
443	-194.17369082896425	2822.364683899
444	-194.17369082896425	2827.109973973
445	-194.17369082896425	2833.044458237
446	-194.17369082896425	2838.656463691
447	-194.17369082896425	2844.926093765
448	-194.17369082896425	2850.40622214
449	-194.17369082896425	2855.728221981
450	-194.17369082896425	2860.954832148
451	-194.17369082896425	2866.274105291
452	-194.17369082896425	2872.524373927
453	-194.17369082896425	2878.449435059
454	-194.17369082896425	2885.091773462
455	-194.17369082896425	2890.972159397
456	-194.17369082896425	2897.427783982
457	-194.17369082896425	2904.489131268
458	-194.17369082896425	2911.036360251
459	-194.17369082896425	2918.478092759
460	-194.17369082896425	2926.19102938
461	-194.17369082896425	2932.57377352
462	-194.17369082896425	2939.226391495
463	-194.17369082896425	2945.724753167
464	-194.17369082896425	2951.317241233
465	-194.17369082896425	2956.341059928
466	-194.17369082896425	2963.787605783
467	-194.17369082896425	2971.073671312
468	-194.17369082896425	2978.53164056
469	-194.17369082896425	2984.344146137
470	-194.17369082896425	2989.735764021
471	-194.17369082896425	2996.954433578
472	-194.17369082896425	3002.259138387
473	-194.17369082896425	3008.031556598
474	-194.17369082896425	3013.80736351
475	-194.17369082896425	3020.487681819
476	-194.17369082896425	3028.260761177
477	-194.17369082896425	3033.427614062
478	-194.17369082896425	3039.570555594
479	-194.17369082896425	3046.504472794
480	-194.17369082896425	3052.096143763
481	-194.17369082896425	3057.163201321
482	-194.17369082896425	3063.073269606
483	-194.17369082896425	3069.504195676
484	-194.17369082896425	3075.232935115
485	-194.17369082896425	3082.37565826
486	-194.17369082896425	3090.234805372
487	-194.17369082896425	3096.239389498
488	-194.17369082896425	3102.910393583
489	-194.17369082896425	3108.724103709
490	-194.17369082896425	3115.198417181
491	-194.17369082896425	3121.565727138
492	-194.17369082896425	3127.22031373
493	-194.17369082896425	3135.186068636
494	-194.17369082896425	3144.810600823
495	-194.17369082896425	3151.136172969
496	-194.17369082896425	3156.194013238
497	-194.17369082896425	3162.149831833
498	-194.17369082896425	3168.562607286
499	-194.17369082896425	3174.21166436
500	-194.17369082896425	3181.69542149
501	-194.17369082896425	3188.136876596
502	-194.17369082896425	3195.006935632
503	-194.17369082896425	3202.151024692
504	-194.17369082896425	3207.452313146
505	-194.17369082896425	3213.173195223
506	-194.17369082896425	3218.970113803
507	-194.17369082896425	3225.259991692
508	-194.17369082896425	3231.422563227
509	-194.17369082896425	3237.733137108
510	-194.17369082896425	3243.583249395
511	-194.17369082896425	3250.205778182
512	-194.17369082896425	3258.251704115
513	-194.17369082896425	3264.041578155
514	-194.17369082896425	3270.405891139
515	-194.17369082896425	3276.399097487
516	-194.17369082896425	3283.22627717
517	-194.17369082896425	3290.716172792
518	-194.17369082896425	3297.925648154
519	-194.17369082896425	3304.33580211
520	-194.17369082896425	3310.817547003
521	-194.17369082896425	3317.87878082
522	-194.17369082896425	3324.722450128
523	-194.17369082896425	3332.474939836
524	-194.17369082896425	3340.700322933
525	-194.17369082896425	3348.810987419
526	-194.17369082896425	3356.193941108
527	-194.17369082896425	3363.485730023
528	-194.17369082896425	3370.620228884
529	-194.17369082896425	3376.450139542
530	-194.17369082896425	3384.30610351
531	-194.17369082896425	3390.389721397
532	-194.17369082896425	3397.821964346
533	-194.17369082896425	3406.70705928
534	-194.17369082896425	3415.218882242
535	-194.17369082896425	3421.830750848
536	-194.17369082896425	3427.990217642
537	-194.17369082896425	3433.761229454
538	-194.17369082896425	3439.325990673
539	-194.17369082896425	3445.51204705
540	-194.17369082896425	3451.476802111
541	-194.17369082896425	3459.754381918
542	-194.17369082896425	3466.741221694
543	-194.17369082896425	3471.735001948
544	-194.17369082896425	3476.14051533
545	-194.17369082896425	3483.234973581
546	-194.17369082896425	3488.486758379
547	-194.17369082896425	3496.105434608
548	-194.17369082896425	3503.895626534
549	-194.17369082896425	3510.472884264
550	-194.17369082896425	3516.40156845
551	-194.17369082896425	3523.287146629
552	-194.17369082896425	3530.763574688
553	-194.17369082896425	3537.349654273
554	-194.17369082896425	3545.35469627
555	-194.17369082896425	3551.503062118
556	-194.17369082896425	3557.424424076
557	-194.17369082896425	3562.522732605
558	-194.17369082896425	3567.357873141
559	-194.17369082896425	3573.914212215
560	-194.17369082896425	3579.730684391
561	-194.17369082896425	3585.275767425
562	-194.17369082896425	3591.096773835
563	-194.17369082896425	3598.332098944
564	-194.17369082896425	3606.03190328
565	-194.17369082896425	3613.020698273
566	-194.17369082896425	3618.443661211
567	-194.17369082896425	3625.650095694
568	-194.17369082896425	3632.22919289
569	-194.17369082896425	3639.24784842
570	-194.17369082896425	3646.059558853
571	-194.17369082896425	3653.915014202
572	-194.17369082896425	3660.891739479
573	-194.17369082896425	3668.279791329
574	-194.17369082896425	3674.311958612
575	-194.17369082896425	3681.858354818
576	-194.17369082896425	3688.325190397
577	-194.17369082896425	3693.645541503
578	-194.17369082896425	3700.888851984
579	-194.17369082896425	3707.598144169
580	-194.17369082896425	3714.826796223
581	-194.17369082896425	3720.312848125
582	-194.17369082896425	3727.022970806
583	-194.17369082896425	3732.207262699
584	-194.17369082896425	3738.375387985
585	-194.17369082896425	3744.675278022
586	-194.17369082896425	3750.108379122
587	-194.17369082896425	3757.111398904
588	-194.17369082896425	3763.05071533
589	-194.17369082896425	3771.117801398
590	-194.17369082896425	3778.884541269
591	-194.17369082896425	3784.731013397
592	-194.17369082896425	3791.840619306
593	-194.17369082896425	3797.778952422
594	-194.17369082896425	3804.911700768
595	-194.17369082896425	3811.546934759
596	-194.17369082896425	3817.643663548
597	-194.17369082896425	3824.639805288
598	-194.17369082896425	3831.448744262
599	-194.17369082896425	3838.392755433
600	-194.17369082896425	3843.766815707
601	-194.17369082896425	3851.626269586
602	-194.17369082896425	3859.772464112
603	-194.17369082896425	3867.488430777
604	-194.17369082896425	3874.004421618
605	-194.17369082896425	3879.692113758
606	-194.17369082896425	3886.68274223
607	-194.17369082896425	3893.450008396
608	-194.17369082896425	3899.627650612
609	-194.17369082896425	3906.457692701
610	-194.17369082896425	3912.536296816
611	-194.17369082896425	3918.754072014
612	-194.17369082896425	3926.333548108
613	-194.17369082896425	3934.12714071
614	-194.17369082896425	3940.886487648
615	-194.17369082896425	3948.416585247
616	-194.17369082896425	3956.610321653
617	-194.17369082896425	3962.06739084
618	-194.17369082896425	3968.725188515
619	-194.17369082896425	3975.383289252
620	-194.17369082896425	3981.8605518
621	-194.17369082896425	3988.269873264
622	-194.17369082896425	3995.537364517
623	-194.17369082896425	4002.913432181
624	-194.17369082896425	4009.377640562
625	-194.17369082896425	4015.884532146
626	-194.17369082896425	4022.107326533
627	-194.17369082896425	4029.084575538
628	-194.17369082896425	4034.575543992
629	-194.17369082896425	4040.396152402
630	-194.17369082896425	4046.699579676
631	-194.17369082896425	4053.007557435
632	-194.17369082896425	4059.158288475
633	-194.17369082896425	4065.851101014
634	-194.17369082896425	4071.951397832
635	-194.17369082896425	4079.081665236
636	-194.17369082896425	4085.116320018
637	-194.17369082896425	4091.972044216
638	-194.17369082896425	4098.29281499
639	-194.17369082896425	4104.945498254
640	-194.17369082896425	4112.084293289
641	-194.17369082896425	4118.707108602
642	-194.17369082896425	4125.103579176
643	-194.17369082896425	4132.911826212
644	-194.17369082896425	4139.740404882
645	-194.17369082896425	4146.808116745
646	-194.17369082896425	4154.738774109
647	-194.17369082896425	4160.499801427
648	-194.17369082896425	4165.314865209
649	-194.17369082896425	4171.753910933
650	-194.17369082896425	4179.093866953
651	-194.17369082896425	4186.149516798
652	-194.17369082896425	4190.914161752
653	-194.17369082896425	4196.052902619
654	-194.17369082896425	4200.979039434
655	-194.17369082896425	4206.081817479
656	-194.17369082896425	4212.557746613
657	-194.17369082896425	4218.081714558
658	-194.17369082896425	4225.161080461
659	-194.17369082896425	4230.66481228
660	-194.17369082896425	4237.616910033
661	-194.17369082896425	4243.397990443
662	-194.17369082896425	4250.119610074
663	-194.17369082896425	4256.6201616
664	-194.17369082896425	4264.147465217
665	-194.17369082896425	4270.197634866
666	-194.17369082896425	4277.453716694
667	-194.17369082896425	4284.698370281
668	-194.17369082896425	4290.45720518
669	-194.17369082896425	4295.654930993
670	-194.17369082896425	4300.529298747
671	-194.17369082896425	4305.229947835
672	-194.17369082896425	4310.62088547
673	-194.17369082896425	4318.393059635
674	-194.17369082896425	4324.592423919
675	-194.17369082896425	4331.244850306
676	-194.17369082896425	4336.520033847
677	-194.17369082896425	4343.500709757
678	-194.17369082896425	4350.108776267
679	-194.17369082896425	4356.342960976
680	-194.17369082896425	4364.128277975
681	-194.17369082896425	4372.379933338
682	-194.17369082896425	4378.641999989
683	-194.17369082896425	4385.615010695
684	-194.17369082896425	4391.438500042
685	-194.17369082896425	4396.447417976
686	-194.17369082896425	4402.850571868
687	-194.17369082896425	4407.84265321
688	-194.17369082896425	4413.782752807
689	-194.17369082896425	4421.991844709
690	-194.17369082896425	4429.87028455
691	-194.17369082896425	4436.476057429
692	-194.17369082896425	4442.837066387
693	-194.17369082896425	4449.897610261
694	-194.17369082896425	4459.126191326
695	-194.17369082896425	4465.148591648
696	-194.17369082896425	4472.077190873
697	-194.17369082896425	4478.726297555
698	-194.17369082896425	4486.985358395
699	-194.17369082896425	4493.740421133
700	-194.17369082896425	4500.154038772
701	-194.17369082896425	4505.637039531
702	-194.17369082896425	4512.925089357
703	-194.17369082896425	4517.957687712
704	-194.17369082896425	4523.083499
705	-194.17369082896425	4529.479015343
706	-194.17369082896425	4535.294410411
707	-194.17369082896425	4541.503590694
708	-194.17369082896425	4548.037321324
709	-194.17369082896425	4554.281025528
710	-194.17369082896425	4561.564907475
711	-194.17369082896425	4569.128879251
712	-194.17369082896425	4575.228583631
713	-194.17369082896425	4581.121261089
714	-194.17369082896425	4587.395406009
715	-194.17369082896425	4593.976223215
716	-194.17369082896425	4600.248227318
717	-194.17369082896425	4605.823260126
718	-194.17369082896425	4612.310994974
719	-194.17369082896425	4618.669407239
720	-194.17369082896425	4625.323965321
721	-194.17369082896425	4631.17749767
722	-194.17369082896425	4637.428028312
723	-194.17369082896425	4644.003500745
724	-194.17369082896425	4653.28618413
725	-194.17369082896425	4659.203649054
726	-194.17369082896425	4666.092383577
727	-194.17369082896425	4672.50370844
728	-194.17369082896425	4679.386822498
729	-194.17369082896425	4685.565752512
730	-194.17369082896425	4691.999226808
731	-194.17369082896425	4697.57489824
732	-194.17369082896425	4703.059966546
733	-194.17369082896425	4709.16519075
734	-194.17369082896425	4714.110732624
735	-194.17369082896425	4720.356773795
736	-194.17369082896425	4726.128604985
737	-194.17369082896425	4731.474641907
738	-194.17369082896425	4737.285188561
739	-194.17369082896425	4743.676505949
740	-194.17369082896425	4750.45838806
741	-194.17369082896425	4756.300514976
742	-194.17369082896425	4762.39381344
743	-194.17369082896425	4769.268334293
744	-194.17369082896425	4774.623444244
745	-194.17369082896425	4780.280646915
746	-194.17369082896425	4787.345525737
747	-194.17369082896425	4794.529237451
748	-194.17369082896425	4801.755919178
749	-194.17369082896425	4807.279383636
750	-194.17369082896425	4813.645816055
751	-194.17369082896425	4819.165079561
752	-194.17369082896425	4824.901557473
753	-194.17369082896425	4830.382523473
754	-194.17369082896425	4839.389308857
755	-194.17369082896425	4845.927211358
756	-194.17369082896425	4852.982928486
757	-194.17369082896425	4859.689332606
758	-194.17369082896425	4864.84740526
759	-194.17369082896425	4871.312499732
760	-194.17369082896425	4877.623683728
761	-194.17369082896425	4883.480789237
762	-194.17369082896425	4888.883784613
763	-194.17369082896425	4894.843184352
764	-194.17369082896425	4900.287968287
765	-194.17369082896425	4905.770796846
766	-194.17369082896425	4911.848538248
767	-194.17369082896425	4918.051211405
768	-194.17369082896425	4924.609921087
769	-194.17369082896425	4931.281308347
770	-194.17369082896425	4938.54959788
771	-194.17369082896425	4944.914842287
772	-194.17369082896425	4950.480588526
773	-194.17369082896425	4957.220744516
774	-194.17369082896425	4964.344669011
775	-194.17369082896425	4971.06722149
776	-194.17369082896425	4976.819946407
777	-194.17369082896425	4983.627142278
778	-194.17369082896425	4989.590740117
779	-194.17369082896425	4995.410063865
780	-194.17369082896425	5001.409610271
781	-194.17369082896425	5008.870918327
782	-194.17369082896425	5014.80208545
783	-194.17369082896425	5021.620835292
784	-194.17369082896425	5028.682944936
785	-194.17369082896425	5035.862677792
786	-194.17369082896425	5041.613368518
787	-194.17369082896425	5048.296040329
788	-194.17369082896425	5054.756313757
789	-194.17369082896425	5060.149385652
790	-194.17369082896425	5065.597778385
791	-194.17369082896425	5071.001458287
792	-194.17369082896425	5076.72491938
793	-194.17369082896425	5084.099133609
794	-194.17369082896425	5089.802099135
795	-194.17369082896425	5096.145711566
796	-194.17369082896425	5103.115888946
797	-194.17369082896425	5111.374114443
798	-194.17369082896425	5117.642293642
799	-194.17369082896425	5123.609659935
800	-194.17369082896425	5131.026662569
801	-194.17369082896425	5138.333863714
802	-194.17369082896425	5145.038361939
803	-194.17369082896425	5151.845124174
804	-194.17369082896425	5156.68867545
805	-194.17369082896425	5162.343012009
806	-194.17369082896425	5169.159068224
807	-194.17369082896425	5177.232623785
808	-194.17369082896425	5183.563148977
809	-194.17369082896425	5188.817506234
810	-194.17369082896425	5193.983240956
811	-194.17369082896425	5199.558700559
812	-194.17369082896425	5205.980736921
813	-194.17369082896425	5212.347858997
814	-194.17369082896425	5217.851239287
815	-194.17369082896425	5225.359937266
816	-194.17369082896425	5231.986955526
817	-194.17369082896425	5237.955840548
818	-194.17369082896425	5243.119741505
819	-194.17369082896425	5249.94282658
820	-194.17369082896425	5255.957751859
821	-194.17369082896425	5261.706509321
822	-194.17369082896425	5267.024130879
823	-194.17369082896425	5273.40741842
824	-194.17369082896425	5281.565410962
825	-194.17369082896425	5287.609890866
826	-194.17369082896425	5294.838679199
827	-194.17369082896425	5301.395940287
828	-194.17369082896425	5307.804894828
829	-194.17369082896425	5314.152745272
830	-194.17369082896425	5320.528562048
831	-194.17369082896425	5326.229383622
832	-194.17369082896425	5331.464815359
833	-194.17369082896425	5336.493042843
834	-194.17369082896425	5341.667123587
835	-194.17369082896425	5349.349220636
836	-194.17369082896425	5356.035451352
837	-194.17369082896425	5362.809272541
838	-194.17369082896425	5368.359736271
839	-194.17369082896425	5374.008544452
840	-194.17369082896425	5378.93733327
841	-194.17369082896425	5385.527581304
842	-194.17369082896425	5394.982620008
843	-194.17369082896425	5401.802955861
844	-194.17369082896425	5409.273478926
845	-194.17369082896425	5416.629256581
846	-194.17369082896425	5423.404888726
847	-194.17369082896425	5431.352075914
848	-194.17369082896425	5438.485374218
849	-194.17369082896425	5445.763319524
850	-194.17369082896425	5451.596093443
851	-194.17369082896425	5458.191542275
852	-194.17369082896425	5464.568091473
853	-194.17369082896425	5470.37921403
854	-194.17369082896425	5477.097797914
855	-194.17369082896425	5482.696250847
856	-194.17369082896425	5488.93360701
857	-194.17369082896425	5494.529226332
858	-194.17369082896425	5500.811432175
859	-194.17369082896425	5507.097973251
860	-194.17369082896425	5514.556737359
861	-194.17369082896425	5520.770256011
862	-194.17369082896425	5526.879043682
863	-194.17369082896425	5532.96916556
864	-194.17369082896425	5538.461478261
865	-194.17369082896425	5544.425974166
866	-194.17369082896425	5551.147840409
867	-194.17369082896425	5559.158363171
868	-194.17369082896425	5566.187053372
869	-194.17369082896425	5572.821475399
870	-194.17369082896425	5579.164947275
871	-194.17369082896425	5585.622485737
872	-194.17369082896425	5591.027700048
873	-194.17369082896425	5597.523971365
874	-194.17369082896425	5604.13490969
875	-194.17369082896425	5611.260246001
876	-194.17369082896425	5617.117846729
877	-194.17369082896425	5623.583743759
878	-194.17369082896425	5629.715820408
879	-194.17369082896425	5636.003428044
880	-194.17369082896425	5642.184091182
881	-194.17369082896425	5650.458166823
882	-194.17369082896425	5657.470390493
883	-194.17369082896425	5665.468436416
884	-194.17369082896425	5671.773402947
885	-194.17369082896425	5678.040733688
886	-194.17369082896425	5685.079338533
887	-194.17369082896425	5691.399649155
888	-194.17369082896425	5697.633332373
889	-194.17369082896425	5704.162403611
890	-194.17369082896425	5709.287145773
891	-194.17369082896425	5715.478014927
892	-194.17369082896425	5721.628409833
893	-194.17369082896425	5727.321169059
894	-194.17369082896425	5732.662858203
895	-194.17369082896425	5737.514714163
896	-194.17369082896425	5742.69572056
897	-194.17369082896425	5748.375055844
898	-194.17369082896425	5755.022828256
899	-194.17369082896425	5760.358438495
900	-194.17369082896425	5765.716362954
901	-194.17369082896425	5772.965474368
902	-194.17369082896425	5778.610949443
903	-194.17369082896425	5784.728687264
904	-194.17369082896425	5790.953800371
905	-194.17369082896425	5798.324235596
906	-194.17369082896425	5805.375576722
907	-194.17369082896425	5811.310170464
908	-194.17369082896425	5817.54056163
909	-194.17369082896425	5823.840281747
910	-194.17369082896425	5829.537256178
911	-194.17369082896425	5837.115960221
912	-194.17369082896425	5842.725906967
913	-194.17369082896425	5848.045205199
914	-194.17369082896425	5852.897875405
915	-194.17369082896425	5859.073122779
916	-194.17369082896425	5865.532999063
917	-194.17369082896425	5872.301901989
918	-194.17369082896425	5878.757007691
919	-194.17369082896425	5883.34823647
920	-194.17369082896425	5889.938789276
921	-194.17369082896425	5895.878398216
922	-194.17369082896425	5901.423489518
923	-194.17369082896425	5906.966837147
924	-194.17369082896425	5914.673091019
925	-194.17369082896425	5922.690042505
926	-194.17369082896425	5929.798414215
927	-194.17369082896425	5936.453025611
928	-194.17369082896425	5943.67965488
929	-194.17369082896425	5951.036331741
930	-194.17369082896425	5957.339516966
931	-194.17369082896425	5964.750733776
932	-194.17369082896425	5971.588298804
933	-194.17369082896425	5979.414496603
934	-194.17369082896425	5986.453965016
935	-194.17369082896425	5994.230484108
936	-194.17369082896425	6000.435652176
937	-194.17369082896425	6007.746476945
938	-194.17369082896425	6014.663440948
939	-194.17369082896425	6021.188434113
940	-194.17369082896425	6026.767753117
941	-194.17369082896425	6032.527512595
942	-194.17369082896425	6039.232618938
943	-194.17369082896425	6045.262496867
944	-194.17369082896425	6050.948350966
945	-194.17369082896425	6056.562716765
946	-194.17369082896425	6061.673900988
947	-194.17369082896425	6066.749583397
948	-194.17369082896425	6073.619828603
949	-194.17369082896425	6079.634922092
950	-194.17369082896425	6086.999462301
951	-194.17369082896425	6092.838664089
952	-194.17369082896425	6097.986741986
953	-194.17369082896425	6105.872842754
954	-194.17369082896425	6112.629559928
955	-194.17369082896425	6118.774102298
956	-194.17369082896425	6124.259278371
957	-194.17369082896425	6130.483904241
958	-194.17369082896425	6136.525811402
959	-194.17369082896425	6141.780349128
960	-194.18071236227865	6147.267919187
961	-194.18071236227865	6153.978126259
962	-194.18071236227865	6159.209756755
963	-194.18071236227865	6166.070694581
964	-194.18071236227865	6172.0643454
965	-194.18071236227865	6177.372025799
966	-194.18071236227865	6183.260189836
967	-194.18071236227865	6190.682208808
968	-194.18071236227865	6198.115883244
969	-194.18071236227865	6203.430361287
970	-194.18071236227865	6209.07878829
971	-194.18071236227865	6216.112066038
972	-194.18071236227865	6222.30771119
973	-194.18071236227865	6228.93535724
974	-194.18071236227865	6234.309169477
975	-194.18071236227865	6240.474781321
976	-194.18071236227865	6246.401557331
977	-194.18071236227865	6252.673889299
978	-194.18071236227865	6259.775844545
979	-194.18071236227865	6266.332500936
980	-194.18071236227865	6272.570319817
981	-194.18071236227865	6280.203117912
982	-194.18071236227865	6286.933969372
983	-194.18071236227865	6293.872423656
984	-194.18071236227865	6300.029130966
985	-194.18071236227865	6307.633801933
986	-194.18071236227865	6315.235175147
987	-194.18071236227865	6323.203719474
988	-194.18071236227865	6331.420845498
989	-194.18071236227865	6338.106159333
990	-194.18071236227865	6345.214179514
991	-194.18071236227865	6351.802252804
992	-194.18071236227865	6357.824534239
993	-194.18071236227865	6364.005120969
994	-194.18071236227865	6370.540469257
995	-194.18071236227865	6376.90669954
996	-194.18071236227865	6383.434504648
997	-194.18071236227865	6389.188201471
998	-194.18071236227865	6397.890372993
999	-194.18071236227865	6403.692707052
1000	-194.18071236227865	6409.556720538
1001	-194.18071236227865	6417.381272453
1002	-194.18071236227865	6425.633194955
1003	-194.18071236227865	6432.264810455
1004	-194.18071236227865	6438.561382211
1005	-194.18071236227865	6443.963802255
1006	-194.18071236227865	6449.211394941
1007	-194.18071236227865	6455.36682215
1008	-194.18071236227865	6461.170125549
1009	-194.18071236227865	6468.789743179
1010	-194.18071236227865	6477.615586027
1011	-194.18071236227865	6484.520318947
1012	-194.18071236227865	6490.929648109
1013	-194.18071236227865	6495.585075461
1014	-194.18071236227865	6501.325744346
1015	-194.18071236227865	6506.942675192
1016	-194.18071236227865	6512.659848115
1017	-194.18071236227865	6518.728009581
1018	-194.18071236227865	6525.931432266
1019	-194.18071236227865	6533.14787348
1020	-194.18071236227865	6541.585832688
1021	-194.18071236227865	6548.274743345
1022	-194.18071236227865	6556.412914582
1023	-194.18071236227865	6562.886783297
1024	-194.18071236227865	6569.111165977
1025	-194.18071236227865	6576.817016717
1026	-194.18071236227865	6583.461921877
1027	-194.18071236227865	6589.603604977
1028	-194.18071236227865	6595.757969619
1029	-194.18071236227865	6602.685705846
1030	-194.18071236227865	6609.179530149
1031	-194.18071236227865	6616.384102928
1032	-194.18071236227865	6622.355727192
1033	-194.18071236227865	6628.859512609
1034	-194.18071236227865	6635.467529513
1035	-194.18071236227865	6642.175338891
1036	-194.18071236227865	6649.339597649
1037	-194.18071236227865	6656.042020345
1038	-194.18071236227865	6663.769256735
1039	-194.18071236227865	6671.248331095
1040	-194.18071236227865	6677.923381607
1041	-194.18071236227865	6683.048991615
1042	-194.18071236227865	6689.138573227
1043	-194.18071236227865	6695.775600784
1044	-194.18071236227865	6703.67192895
1045	-194.18071236227865	6709.184654254
1046	-194.18071236227865	6715.331672149
1047	-194.18071236227865	6721.828949585
1048	-194.18071236227865	6726.485753971
1049	-194.18071236227865	6730.891275621
1050	-194.18071236227865	6737.352368997
1051	-194.18071236227865	6744.668516871
1052	-194.18071236227865	6751.617121577
1053	-194.18071236227865	6758.952548496
1054	-194.18071236227865	6765.838204792
1055	-194.18071236227865	6772.786499309
1056	-194.18071236227865	6779.718151672
1057	-194.18071236227865	6785.419666324
1058	-194.18071236227865	6791.551531715
1059	-194.18071236227865	6797.459506508
1060	-194.18071236227865	6803.495156575
1061	-194.18071236227865	6809.111767253
1062	-194.18071236227865	6813.739840098
1063	-194.18071236227865	6820.188718643
1064	-194.18071236227865	6826.470472602
1065	-194.18071236227865	6831.787134227
1066	-194.18071236227865	6836.609713819
1067	-194.18071236227865	6841.799497881
1068	-194.18071236227865	6847.45273652
1069	-194.18071236227865	6852.702456622
1070	-194.18071236227865	6857.582556601
1071	-194.18071236227865	6863.319154826
1072	-194.18071236227865	6869.497559114
1073	-194.18071236227865	6877.045184387
1074	-194.18071236227865	6885.608585107
1075	-194.18071236227865	6891.591077961
1076	-194.18071236227865	6898.556601081
1077	-194.18071236227865	6905.034547584
1078	-194.18071236227865	6911.45275334
1079	-194.18071236227865	6917.201438672
1080	-194.18071236227865	6923.782351386
1081	-194.18071236227865	6929.560109809
1082	-194.18071236227865	6934.902312989
1083	-194.18071236227865	6941.059908956
1084	-194.18071236227865	6948.514468691
1085	-194.18071236227865	6955.466659957
1086	-194.18071236227865	6962.284416224
1087	-194.18071236227865	6967.396125032
1088	-194.18071236227865	6973.771322001
1089	-194.18071236227865	6980.083205347
1090	-194.18071236227865	6987.785351781
1091	-194.18071236227865	6994.563958091
1092	-194.18071236227865	7000.995285013
1093	-194.18071236227865	7008.059323645
1094	-194.18071236227865	7014.729615836
1095	-194.18071236227865	7022.934240503
1096	-194.18071236227865	7030.450569473
1097	-194.18071236227865	7036.160073202
1098	-194.18071236227865	7041.205594292
1099	-194.18071236227865	7045.739286719
1100	-194.18071236227865	7051.966824602
1101	-194.18071236227865	7059.939764319
1102	-194.18071236227865	7066.683531102
1103	-194.18071236227865	7073.568731523
1104	-194.18071236227865	7080.95768315
1105	-194.18071236227865	7088.06801863
1106	-194.18071236227865	7094.771441458
1107	-194.18071236227865	7102.529422196
1108	-194.18071236227865	7109.711040989
1109	-194.18071236227865	7116.298628468
1110	-194.18071236227865	7124.40640774
1111	-194.18071236227865	7130.789786799
1112	-194.18071236227865	7137.194599404
1113	-194.18071236227865	7143.949469414
1114	-194.18071236227865	7150.621502996
1115	-194.18071236227865	7156.463463129
1116	-194.18071236227865	7162.596665069
1117	-194.18071236227865	7168.462357795
1118	-194.18071236227865	7175.02544348
1119	-194.18071236227865	7183.036706648
1120	-194.18071236227865	7191.134054104
1121	-194.18071236227865	7197.431043532
1122	-194.18071236227865	7204.28384973
1123	-194.18071236227865	7212.717953528
1124	-194.18071236227865	7219.545976823
1125	-194.18071236227865	7226.199196929
1126	-194.18071236227865	7232.723316262
1127	-194.18071236227865	7240.053392991
1128	-194.18071236227865	7247.867451509
1129	-194.18071236227865	7254.005235864
1130	-194.18071236227865	7260.721301459
1131	-194.18071236227865	7266.808884234
1132	-194.18071236227865	7273.771601969
1133	-194.18071236227865	7280.719433198
1134	-194.18071236227865	7288.017594387
1135	-194.18071236227865	7294.995236261
1136	-194.18071236227865	7301.56109426
1137	-194.18071236227865	7307.901147784
1138	-194.18071236227865	7314.039000564
1139	-194.18071236227865	7320.927879918
1140	-194.18071236227865	7327.630792701
1141	-194.18071236227865	7334.777628702
1142	-194.18071236227865	7341.322662128
1143	-194.18071236227865	7346.522879717
1144	-194.18071236227865	7352.320182897
1145	-194.18071236227865	7357.821570052
1146	-194.18071236227865	7364.431598622
1147	-194.18071236227865	7370.987588734
1148	-194.18071236227865	7377.810308595
1149	-194.18071236227865	7384.84848579
1150	-194.18071236227865	7391.043182413
1151	-194.18071236227865	7398.002766042
1152	-194.18071236227865	7404.915454397
1153	-194.18071236227865	7411.705572482
1154	-194.18071236227865	7419.472231385
1155	-194.18071236227865	7425.406113232
1156	-194.18071236227865	7431.843711217
1157	-194.18071236227865	7437.5896804
1158	-194.18071236227865	7443.280037941
1159	-194.18071236227865	7448.285246721
1160	-194.18071236227865	7454.16181887
1161	-194.18071236227865	7460.747875362
1162	-194.18071236227865	7467.994456797
1163	-194.18071236227865	7474.605913148
1164	-194.18071236227865	7481.963019085
1165	-194.18071236227865	7489.374296052
1166	-194.18071236227865	7497.15582635
1167	-194.18071236227865	7503.717792161
1168	-194.18071236227865	7510.244812958
1169	-194.18071236227865	7516.011857031
1170	-194.18071236227865	7522.898764632
1171	-194.18071236227865	7529.754470014
1172	-194.18071236227865	7534.737428721
1173	-194.18071236227865	7540.43616108
1174	-194.18071236227865	7547.235703437
1175	-194.18071236227865	7552.73368336
1176	-194.18071236227865	7558.660149181
1177	-194.18071236227865	7564.566841879
1178	-194.18071236227865	7570.420674723
1179	-194.18071236227865	7577.399395416
1180	-194.18071236227865	7583.732963767
1181	-194.18071236227865	7590.761462951
1182	-194.18071236227865	7596.834350238
1183	-194.18071236227865	7602.693226789
1184	-194.18071236227865	7608.587529604
1185	-194.18071236227865	7614.178560808
1186	-194.18071236227865	7620.220048586
1187	-194.18071236227865	7626.356696532
1188	-194.18071236227865	7633.239652645
1189	-194.18071236227865	7638.171704434
1190	-194.18071236227865	7643.182245158
1191	-194.18071236227865	7650.44802809
1192	-194.18071236227865	7658.694122004
1193	-194.18071236227865	7665.174760993
1194	-194.18071236227865	7672.234225193
1195	-194.18071236227865	7677.734746499
1196	-194.18071236227865	7685.027612237
1197	-194.18071236227865	7691.003301175
1198	-194.18071236227865	7697.724883458
1199	-194.18071236227865	7704.95702856
1200	-194.18071236227865	7712.204312767
1201	-194.18071236227865	7718.454709698
1202	-194.18071236227865	7725.475313318
1203	-194.18071236227865	7731.598046949
1204	-194.18071236227865	7738.295409402
1205	-194.18071236227865	7744.857886968
1206	-194.18071236227865	7750.848965613
1207	-194.18071236227865	7756.970053932
1208	-194.18071236227865	7763.72432067
1209	-194.18071236227865	7770.415376422
1210	-194.18071236227865	7777.85686745
1211	-194.18071236227865	7786.260131676
1212	-194.18071236227865	7792.370018409
1213	-194.18071236227865	7798.859591012
1214	-194.18071236227865	7806.58780444
1215	-194.18071236227865	7813.227467748
1216	-194.18071236227865	7820.334242327
1217	-194.18071236227865	7827.05377246
1218	-194.18071236227865	7833.540096632
1219	-194.18071236227865	7840.923472269
1220	-194.18071236227865	7845.843515924
1221	-194.18071236227865	7853.162872601
1222	-194.18071236227865	7860.284338392
1223	-194.18071236227865	7866.881917777
1224	-194.18071236227865	7872.710381267
1225	-194.18071236227865	7879.392167556
1226	-194.18071236227865	7885.090932702
1227	-194.18071236227865	7891.09458284
1228	-194.18071236227865	7898.966224466
1229	-194.18071236227865	7903.846254311
1230	-194.18071236227865	7909.90916138
1231	-194.18071236227865	7917.128930569
1232	-194.18071236227865	7924.077969482
1233	-194.18071236227865	7930.457412162
1234	-194.18071236227865	7938.160401067
1235	-194.18071236227865	7946.475281101
1236	-194.18071236227865	7952.839142487
1237	-194.18071236227865	7960.977921557
1238	-194.18071236227865	7970.285506732
1239	-194.18071236227865	7977.495638395
1240	-194.18071236227865	7986.161315384
1241	-194.18071236227865	7991.934653613
1242	-194.18071236227865	7999.24336522
1243	-194.18071236227865	8005.162540174
1244	-194.18071236227865	8012.228260327
1245	-194.18071236227865	8017.618341521
1246	-194.18071236227865	8023.539479105
1247	-194.18071236227865	8030.173223163
1248	-194.18071236227865	8037.087061042
1249	-194.18071236227865	8043.785216358
1250	-194.18071236227865	8049.853015462
1251	-194.18071236227865	8055.517206223
1252	-194.18071236227865	8062.475734411
1253	-194.18071236227865	8068.516070669
1254	-194.18071236227865	8075.287347624
1255	-194.18071236227865	8083.04300109
1256	-194.18071236227865	8089.65962032
1257	-194.18071236227865	8095.410715319
1258	-194.18071236227865	8100.559821002
1259	-194.18071236227865	8106.322949224
1260	-194.18071236227865	8114.207576024
1261	-194.18071236227865	8121.335276386
1262	-194.18071236227865	8129.045080895
1263	-194.18071236227865	8137.083191377
1264	-194.18071236227865	8143.649011458
1265	-194.18071236227865	8149.873292927
1266	-194.18071236227865	8155.412311595
1267	-194.18071236227865	8161.824626326
1268	-194.18071236227865	8168.853534059
1269	-194.18071236227865	8174.787310134
1270	-194.18071236227865	8181.613447206
1271	-194.18071236227865	8187.335144099
1272	-194.18071236227865	8193.27421534
1273	-194.18071236227865	8199.508298268
1274	-194.18071236227865	8205.540299623
1275	-194.18071236227865	8212.289152308
1276	-194.18071236227865	8219.764808032
1277	-194.18071236227865	8226.168142392
1278	-194.18071236227865	8231.742161099
1279	-194.18071236227865	8239.515020645
1280	-194.18071236227865	8246.236246838
1281	-194.18071236227865	8252.289952014
1282	-194.18071236227865	8259.742439072
1283	-194.18071236227865	8265.879722221
1284	-194.18071236227865	8272.306614409
1285	-194.18071236227865	8279.14542447
1286	-194.18071236227865	8286.719905324
1287	-194.18071236227865	8294.015301326
1288	-194.18071236227865	8302.591880803
1289	-194.18071236227865	8310.082416475
1290	-194.18071236227865	8315.254363814
1291	-194.18071236227865	8320.564654876
1292	-194.18071236227865	8326.13122477
1293	-194.18071236227865	8333.211540057
1294	-194.18071236227865	8339.634169712
1295	-194.18071236227865	8346.353390226
1296	-194.18071236227865	8353.650931892
1297	-194.18071236227865	8360.429369139
1298	-194.18071236227865	8366.502092492
1299	-194.18071236227865	8373.476468544
1300	-194.18071236227865	8381.196714277
1301	-194.18071236227865	8388.651952836
1302	-194.18071236227865	8394.822285083
1303	-194.18071236227865	8400.185831433
1304	-194.18071236227865	8406.122212183
1305	-194.18071236227865	8412.986104787
1306	-194.18071236227865	8419.475627783
1307	-194.18071236227865	8425.634742479
1308	-194.18071236227865	8431.702466886
1309	-194.18071236227865	8437.800858094
1310	-194.18071236227865	8444.931952574
1311	-194.18071236227865	8451.828111961
1312	-194.18071236227865	8457.150299683
1313	-194.18071236227865	8462.784903318
1314	-194.18071236227865	8469.170388412
1315	-194.18071236227865	8476.97491318
1316	-194.18071236227865	8484.198238708
1317	-194.18071236227865	8490.378432285
1318	-194.18071236227865	8496.0521223
1319	-194.18071236227865	8503.09414236
1320	-194.18071236227865	8508.557885457
1321	-194.18071236227865	8515.802786227
1322	-194.18071236227865	8521.792072447
1323	-194.18071236227865	8527.96681719
1324	-194.18071236227865	8533.566207246
1325	-194.18071236227865	8539.970313943
1326	-194.18071236227865	8547.214992905
1327	-194.18071236227865	8553.392795917
1328	-194.18071236227865	8559.671517266
1329	-194.18071236227865	8567.085335045
1330	-194.18071236227865	8573.638665457
1331	-194.18071236227865	8580.153043772
1332	-194.18071236227865	8586.99692833
1333	-194.18071236227865	8592.528554351
1334	-194.18071236227865	8598.624324063
1335	-194.18071236227865	8606.086159555
1336	-194.18071236227865	8612.285587416
1337	-194.18071236227865	8618.07336825
1338	-194.18071236227865	8624.87071334
1339	-194.18071236227865	8631.265262909
1340	-194.18071236227865	8636.919816714
1341	-194.18071236227865	8643.486327308
1342	-194.18071236227865	8649.708038884
1343	-194.18071236227865	8654.860905609
1344	-194.18071236227865	8660.039585019
1345	-194.18071236227865	8666.832792736
1346	-194.18071236227865	8671.987889229
1347	-194.18071236227865	8677.392070908
1348	-194.18071236227865	8683.955292585
1349	-194.18071236227865	8691.269026802
1350	-194.18071236227865	8697.984978356
1351	-194.18071236227865	8705.976041036
1352	-194.18071236227865	8713.51146231
1353	-194.18071236227865	8720.717821526
1354	-194.18071236227865	8726.705540551
1355	-194.18071236227865	8732.953254119
1356	-194.18071236227865	8740.225887438
1357	-194.18071236227865	8746.873313739
1358	-194.18071236227865	8753.570249112
1359	-194.18071236227865	8759.255266156
1360	-194.18071236227865	8766.296447452
1361	-194.18071236227865	8772.064171489
1362	-194.18071236227865	8779.3109428
1363	-194.18071236227865	8784.68772293
1364	-194.18071236227865	8792.880544165
1365	-194.18071236227865	8801.051128155
1366	-194.18071236227865	8808.066444592
1367	-194.18071236227865	8814.380804889
1368	-194.18071236227865	8821.868177374
1369	-194.18071236227865	8829.637065475
1370	-194.18071236227865	8835.663608872
1371	-194.18071236227865	8842.354291712
1372	-194.18071236227865	8848.056055542
1373	-194.27487701839965	8854.059104688
1374	-194.27487701839965	8860.334802264
1375	-194.27487701839965	8866.239515797
1376	-194.27487701839965	8873.319185047
1377	-194.27487701839965	8879.533565272
1378	-194.27487701839965	8885.709244002
1379	-194.27487701839965	8892.161266631
1380	-194.27487701839965	8899.428694306
1381	-194.27487701839965	8905.99102077
1382	-194.27487701839965	8911.920351847
1383	-194.27487701839965	8916.91923511
1384	-194.27487701839965	8922.038052606
1385	-194.27487701839965	8928.762136928
1386	-194.27487701839965	8935.364690456
1387	-194.27487701839965	8943.001491359
1388	-194.27487701839965	8949.717905061
1389	-194.27487701839965	8956.649442814
1390	-194.27487701839965	8962.160231147
1391	-194.27487701839965	8969.034104824
1392	-194.27487701839965	8974.342740879
1393	-194.27487701839965	8980.744868125
1394	-194.27487701839965	8985.62316399
1395	-194.27487701839965	8990.792431103
1396	-194.27487701839965	8997.063146553
1397	-194.27487701839965	9002.936166925
1398	-194.27487701839965	9009.343396609
1399	-194.27487701839965	9016.250192514
1400	-194.27487701839965	9023.087546852
1401	-194.27487701839965	9029.76710765
1402	-194.27487701839965	9035.735210927
1403	-194.27487701839965	9041.748573002
1404	-194.27487701839965	9047.354898691
1405	-194.27487701839965	9054.731427362
1406	-194.27487701839965	9060.525454171
1407	-194.27487701839965	9067.692957084
1408	-194.27487701839965	9074.089142558
1409	-194.27487701839965	9080.695908727
1410	-194.27487701839965	9087.096895287
1411	-194.27487701839965	9094.275237424
1412	-194.27487701839965	9100.212782238
1413	-194.27487701839965	9106.226853643
1414	-194.27487701839965	9112.905883013
1415	-194.27487701839965	9120.671225323
1416	-194.27487701839965	9127.972283415
1417	-194.27487701839965	9135.333811256
1418	-194.27487701839965	9142.314720093
1419	-194.27487701839965	9148.912239607
1420	-194.27487701839965	9158.119851554
1421	-194.27487701839965	9166.409595445
1422	-194.27487701839965	9172.028415649
1423	-194.27487701839965	9179.014295493
1424	-194.27487701839965	9185.640732719
1425	-194.27487701839965	9192.267902652
1426	-194.27487701839965	9197.743910189
1427	-194.27487701839965	9204.941539067
1428	-194.27487701839965	9210.862587985
1429	-194.27487701839965	9216.893724631
1430	-194.27487701839965	9224.399366621
1431	-194.27487701839965	9230.117003688
1432	-194.27487701839965	9235.134804773
1433	-194.27487701839965	9241.013023091
1434	-194.27487701839965	9248.13193524
1435	-194.27487701839965	9254.030210925
1436	-194.27487701839965	9260.900724126
1437	-194.27487701839965	9268.864125816
1438	-194.27487701839965	9277.094458536
1439	-194.27487701839965	9284.328776102
1440	-194.27487701839965	9291.219371188
1441	-194.27487701839965	9298.88632115
1442	-194.27487701839965	9305.062639645
1443	-194.27487701839965	9311.668181023
1444	-194.27487701839965	9318.47223338
1445	-194.27487701839965	9324.886584867
1446	-194.27487701839965	9332.066653001
1447	-194.27487701839965	9337.336382004
1448	-194.27487701839965	9342.448164653
1449	-194.27487701839965	9349.863788257
1450	-194.27487701839965	9355.201239672
1451	-194.27487701839965	9365.068181137
1452	-194.27487701839965	9373.142530703
1453	-194.27487701839965	9378.702859754
1454	-194.27487701839965	9386.869771939
1455	-194.27487701839965	9393.995843809
1456	-194.27487701839965	9400.666172208
1457	-194.27487701839965	9409.041087497
1458	-194.27487701839965	9416.28878738
1459	-194.27487701839965	9424.056075784
1460	-194.27487701839965	9431.880856349
1461	-194.27487701839965	9438.568084346
1462	-194.27487701839965	9446.175564976
1463	-194.27487701839965	9452.262519105
1464	-194.27487701839965	9460.212493147
1465	-194.27487701839965	9466.34687027
1466	-194.27487701839965	9471.982872036
1467	-194.27487701839965	9477.848946512
1468	-194.27487701839965	9482.800907702
1469	-194.27487701839965	9490.231037203
1470	-194.27487701839965	9497.146631584
1471	-194.27487701839965	9503.394219137
1472	-194.27487701839965	9512.457917075
1473	-194.27487701839965	9519.704554104
1474	-194.27487701839965	9527.794563938
1475	-194.27487701839965	9534.504034595
1476	-194.27487701839965	9540.865202354
1477	-194.27487701839965	9548.886986288
1478	-194.27487701839965	9556.552805257
1479	-194.27487701839965	9564.023519909
1480	-194.27487701839965	9568.842829687
1481	-194.27487701839965	9574.578687507
1482	-194.27487701839965	9579.954251114
1483	-194.27487701839965	9587.953633587
1484	-194.27487701839965	9594.130396554
1485	-194.27487701839965	9600.578773607
1486	-194.27487701839965	9605.590513177
1487	-194.27487701839965	9612.722153339
1488	-194.27487701839965	9619.89126051
1489	-194.27487701839965	9625.434590748
1490	-194.27487701839965	9632.465492757
1491	-194.27487701839965	9637.620056398
1492	-194.27487701839965	9643.567321418
1493	-194.27487701839965	9649.648865771
1494	-194.27487701839965	9656.434551975
1495	-194.27487701839965	9663.643634753
1496	-194.27487701839965	9669.769937839
1497	-194.27487701839965	9676.556504717
1498	-194.27487701839965	9682.289698846
1499	-194.27487701839965	9688.718108622
1500	-194.27487701839965	9693.940387263
1501	-194.27487701839965	9702.398052024
1502	-194.27487701839965	9709.625921764
1503	-194.27487701839965	9718.357144425
1504	-194.27487701839965	9725.234006236
1505	-194.27487701839965	9730.874228911
1506	-194.27487701839965	9737.718695358
1507	-194.27487701839965	9744.862520131
1508	-194.27487701839965	9751.110503119
1509	-194.27487701839965	9757.601840778
1510	-194.27487701839965	9764.248717975
1511	-194.27487701839965	9770.766413146
1512	-194.27487701839965	9777.061873581
1513	-194.27487701839965	9782.828292714
1514	-194.27487701839965	9789.141953945
1515	-194.27487701839965	9796.155161211
1516	-194.27487701839965	9803.03722553
1517	-194.27487701839965	9809.142706325
1518	-194.27487701839965	9816.905451657
1519	-194.27487701839965	9822.386909169
1520	-194.27487701839965	9831.259174025
1521	-194.27487701839965	9837.314521093
1522	-194.27487701839965	9843.810268111
1523	-194.27487701839965	9849.550682971
1524	-194.27487701839965	9856.672048407
1525	-194.27487701839965	9862.976049304
1526	-194.27487701839965	9868.148004626
1527	-194.27487701839965	9874.844329885
1528	-194.27487701839965	9880.350268379
1529	-194.27487701839965	9886.770349809
1530	-194.27487701839965	9893.096399783
1531	-194.27487701839965	9898.444803037
1532	-194.27487701839965	9903.800151616
1533	-194.27487701839965	9910.274035442
1534	-194.27487701839965	9916.798363753
1535	-194.27487701839965	9921.758555215
1536	-194.27487701839965	9926.357951829
1537	-194.27487701839965	9932.017793672
1538	-194.27487701839965	9937.201397618
1539	-194.27487701839965	9944.627281122
1540	-194.27487701839965	9951.565553797
1541	-194.27487701839965	9957.673696857
1542	-194.27487701839965	9963.649585934
1543	-194.27487701839965	9971.35714585
1544	-194.27487701839965	9977.287318829
1545	-194.27487701839965	9985.39217839
1546	-194.27487701839965	9991.513173196
1547	-194.27487701839965	9996.22357385
1548	-194.27487701839965	10002.502402681
1549	-194.27487701839965	10010.093632316
1550	-194.27487701839965	10016.218032358
1551	-194.27487701839965	10023.505253968
1552	-194.27487701839965	10029.439581712
1553	-194.27487701839965	10035.912571749
1554	-194.27487701839965	10044.316310096
1555	-194.27487701839965	10051.99445252
1556	-194.27487701839965	10059.394475442
1557	-194.27487701839965	10067.623869898
1558	-194.27487701839965	10074.582173142
1559	-194.27487701839965	10081.61788365
1560	-194.27487701839965	10087.86667005
1561	-194.27487701839965	10093.363922397
1562	-194.27487701839965	10098.478959179
1563	-194.27487701839965	10103.906831257
1564	-194.27487701839965	10109.789223726
1565	-194.27487701839965	10115.555245715
1566	-194.27487701839965	10123.148164567
1567	-194.27487701839965	10129.198778402
1568	-194.27487701839965	10137.489560344
1569	-194.27487701839965	10144.636805178
1570	-194.27487701839965	10149.712390083
1571	-194.27487701839965	10155.378403205
1572	-194.27487701839965	10162.452469951
1573	-194.27487701839965	10169.077847744
1574	-194.27487701839965	10174.410587594
1575	-194.27487701839965	10182.95576243
1576	-194.27487701839965	10191.595704851
1577	-194.27487701839965	10199.815635407
1578	-194.27487701839965	10206.657876363
1579	-194.27487701839965	10213.642157364
1580	-194.27487701839965	10220.558887584
1581	-194.27487701839965	10227.244899629
1582	-194.27487701839965	10233.125500529
1583	-194.27487701839965	10238.867969821
1584	-194.27487701839965	10246.256995004
1585	-194.27487701839965	10252.995679306
1586	-194.27487701839965	10260.474749675
1587	-194.27487701839965	10267.027439752
1588	-194.27487701839965	10273.759845008
1589	-194.27487701839965	10279.759707875
1590	-194.27487701839965	10287.604213951
1591	-194.27487701839965	10294.423398285
1592	-194.27487701839965	10299.999485394
1593	-194.27487701839965	10304.759411656
1594	-194.27487701839965	10310.850272798
1595	-194.27487701839965	10317.044376983
1596	-194.27487701839965	10323.442034429
1597	-194.27487701839965	10330.710455393
1598	-194.27487701839965	10335.53050244
1599	-194.27487701839965	10341.620634296
1600	-194.27487701839965	10348.509522203
1601	-194.27487701839965	10354.07545946
1602	-194.27487701839965	10361.614388892
1603	-194.27487701839965	10368.935585605
1604	-194.27487701839965	10374.733133402
1605	-194.27487701839965	10380.897794151
1606	-194.27487701839965	10386.935455885
1607	-194.27487701839965	10393.215242938
1608	-194.27487701839965	10399.827167994
1609	-194.27487701839965	10406.296687221
1610	-194.27487701839965	10412.393529765
1611	-194.27487701839965	10418.838678914
1612	-194.27487701839965	10426.233609091
1613	-194.27487701839965	10432.559925349
1614	-194.27487701839965	10438.81974142
1615	-194.27487701839965	10444.925200546
1616	-194.27487701839965	10451.331827814
1617	-194.27487701839965	10458.357381343
1618	-194.27487701839965	10465.113398596
1619	-194.27487701839965	10472.267734728
1620	-194.27487701839965	10478.876492606
1621	-194.27487701839965	10484.738698842
1622	-194.27487701839965	10493.075221972
1623	-194.27487701839965	10499.134777689
1624	-194.27487701839965	10506.498537863
1625	-194.27487701839965	10512.935087535
1626	-194.27487701839965	10519.19307868
1627	-194.27487701839965	10525.330480716
1628	-194.27487701839965	10532.190847771
1629	-194.27487701839965	10539.617786431
1630	-194.27487701839965	10545.708341945
1631	-194.27487701839965	10551.97430221
1632	-194.27487701839965	10558.622626861
1633	-194.27487701839965	10564.364082053
1634	-194.27487701839965	10570.381041807
1635	-194.27487701839965	10576.210055255
1636	-194.27487701839965	10582.01203807
1637	-194.27487701839965	10587.321389441
1638	-194.27487701839965	10593.033947163
1639	-194.27487701839965	10600.734725401
1640	-194.27487701839965	10606.293942277
1641	-194.27487701839965	10612.171812202
1642	-194.27487701839965	10618.373764625
1643	-194.27487701839965	10626.675027419
1644	-194.27487701839965	10633.246309449
1645	-194.27487701839965	10638.07339676
1646	-194.27487701839965	10644.470435824
1647	-194.27487701839965	10650.803546874
1648	-194.27487701839965	10658.325703007
1649	-194.27487701839965	10664.314315535
1650	-194.27487701839965	10671.49334847
1651	-194.27487701839965	10677.773452269
1652	-194.27487701839965	10684.505080057
1653	-194.27487701839965	10691.522096262
1654	-194.27487701839965	10699.060440383
1655	-194.27487701839965	10704.460952251
1656	-194.27487701839965	10710.085087008
1657	-194.27487701839965	10716.239927196
1658	-194.27487701839965	10722.319478985
1659	-194.27487701839965	10729.85284155
1660	-194.27487701839965	10737.577727575
1661	-194.27487701839965	10744.269840478
1662	-194.27487701839965	10750.098808024
1663	-194.27487701839965	10757.792048784
1664	-194.27487701839965	10763.994390083
1665	-194.27487701839965	10770.65008657
1666	-194.27487701839965	10776.716499232
1667	-194.27487701839965	10783.169210663
1668	-194.27487701839965	10790.053012097
1669	-194.27487701839965	10797.513418667
1670	-194.27487701839965	10804.036713205
1671	-194.27487701839965	10809.960367368
1672	-194.27487701839965	10815.453630309
1673	-194.27487701839965	10822.791296975
1674	-194.27487701839965	10828.140536142
1675	-194.27487701839965	10834.372321448
1676	-194.27487701839965	10841.346024377
1677	-194.27487701839965	10849.558863636
1678	-194.27487701839965	10856.149928482
1679	-194.27487701839965	10863.822181877
1680	-194.27487701839965	10869.405818153
1681	-194.27487701839965	10874.029402096
1682	-194.27487701839965	10880.882755687
1683	-194.27487701839965	10886.245269974
1684	-194.27487701839965	10893.390719533
1685	-194.27487701839965	10899.180499775
1686	-194.27487701839965	10905.33442137
1687	-194.27487701839965	10912.242325174
1688	-194.27487701839965	10917.906138463
1689	-194.27487701839965	10923.886329703
1690	-194.27487701839965	10931.618403958
1691	-194.27487701839965	10938.512920027
1692	-194.27487701839965	10945.245500335
1693	-194.27487701839965	10951.455125944
1694	-194.27487701839965	10957.87126672
1695	-194.27487701839965	10963.711973837
1696	-194.27487701839965	10969.298998243
1697	-194.27487701839965	10976.246677799
1698	-194.27487701839965	10984.566402825
1699	-194.27487701839965	10991.614924025
1700	-194.27487701839965	10998.319210991
1701	-194.27487701839965	11004.585190642
1702	-194.27487701839965	11011.00082622
1703	-194.27487701839965	11016.44555285
1704	-194.27487701839965	11022.19552769
1705	-194.27487701839965	11028.979506429
1706	-194.27487701839965	11035.454185969
1707	-194.27487701839965	11041.369659182
1708	-194.27487701839965	11048.965353485
1709	-194.27487701839965	11057.651788618
1710	-194.27487701839965	11064.668707603
1711	-194.27487701839965	11070.210959023
1712	-194.27487701839965	11074.920083568
1713	-194.27487701839965	11080.748043001
1714	-194.27487701839965	11087.037293669
1715	-194.27487701839965	11094.837278787
1716	-194.27487701839965	11101.966776991
1717	-194.27487701839965	11109.226186223
1718	-194.27487701839965	11115.716555397
1719	-194.27487701839965	11122.933843358
1720	-194.27487701839965	11130.526534986
1721	-194.27487701839965	11138.535651635
1722	-194.27487701839965	11145.104748087
1723	-194.27487701839965	11151.760170877
1724	-194.27487701839965	11159.015954776
1725	-194.27487701839965	11164.668173041
1726	-194.27487701839965	11170.384462439
1727	-194.27487701839965	11175.286686762
1728	-194.27487701839965	11183.239743592
1729	-194.27487701839965	11189.179995717
1730	-194.27487701839965	11195.073378229
1731	-194.27487701839965	11200.673226156
1732	-194.27487701839965	11205.987322165
1733	-194.27487701839965	11212.431526206
1734	-194.27487701839965	11218.036170945
1735	-194.27487701839965	11224.961925441
1736	-194.27487701839965	11231.383930157
1737	-194.27487701839965	11236.766518348
1738	-194.27487701839965	11245.339788951
1739	-194.27487701839965	11251.126926315
1740	-194.27487701839965	11258.250092443
1741	-194.27487701839965	11265.162523353
1742	-194.27487701839965	11270.858513904
1743	-194.27487701839965	11278.447641209
1744	-194.27487701839965	11285.92846979
1745	-194.27487701839965	11293.038365076
1746	-194.27487701839965	11299.478854832
1747	-194.27487701839965	11306.324310292
1748	-194.27487701839965	11313.089040492
1749	-194.27487701839965	11319.16322584
1750	-194.27487701839965	11326.601804
1751	-194.27487701839965	11332.833912894
1752	-194.27487701839965	11339.393941735
1753	-194.27487701839965	11345.056710987
1754	-194.27487701839965	11351.565664986
1755	-194.27487701839965	11358.700452938
1756	-194.27487701839965	11364.770416522
1757	-194.27487701839965	11369.736195948
1758	-194.27487701839965	11375.095966431
1759	-194.27487701839965	11383.77960131
1760	-194.27487701839965	11390.372838334
1761	-194.27487701839965	11395.930011042
1762	-194.27487701839965	11402.975465419
1763	-194.27487701839965	11411.664844496
1764	-194.27487701839965	11417.443907252
1765	-194.27487701839965	11423.471431679
1766	-194.27487701839965	11430.127209419
1767	-194.27487701839965	11436.060695262
1768	-194.27487701839965	11442.686987942
1769	-194.27487701839965	11449.209965163
1770	-194.27487701839965	11455.426887056
1771	-194.27487701839965	11460.412308744
1772	-194.27487701839965	11467.125448355
1773	-194.27487701839965	11473.073636815
1774	-194.27487701839965	11477.765886281
1775	-194.27487701839965	11482.064581748
1776	-194.27487701839965	11486.85244298
1777	-194.27487701839965	11492.388833025
1778	-194.27487701839965	11497.552633627
1779	-194.27487701839965	11502.343675722
1780	-194.27487701839965	11508.852651674
1781	-194.27487701839965	11516.23559681
1782	-194.27487701839965	11521.358299081
1783	-194.27487701839965	11527.941708987
1784	-194.27487701839965	11533.621392663
1785	-194.27487701839965	11538.922642342
1786	-194.27487701839965	11544.370576065
1787	-194.27487701839965	11548.984769663
1788	-194.27487701839965	11555.943636835
1789	-194.27487701839965	11562.506363863
1790	-194.27487701839965	11568.01733352
1791	-194.27487701839965	11575.656635322
1792	-194.27487701839965	11582.794196729
1793	-194.27487701839965	11588.834593713
1794	-194.27487701839965	11594.608837136
1795	-194.27487701839965	11601.337888474
1796	-194.27487701839965	11608.153258452
1797	-194.27487701839965	11614.55789401
1798	-194.27487701839965	11622.129527854
1799	-194.27487701839965	11628.003283213
1800	-194.27487701839965	11633.811375155
1801	-194.27487701839965	11640.677329033
1802	-194.27487701839965	11646.031441133
1803	-194.27487701839965	11652.111680868
1804	-194.27487701839965	11657.373391429
1805	-194.27487701839965	11662.373967616
1806	-194.27487701839965	11668.637178945
1807	-194.27487701839965	11673.568005088
1808	-194.27487701839965	11679.996291702
1809	-194.27487701839965	11686.005656387
1810	-194.27487701839965	11691.905654363
1811	-194.27487701839965	11696.791344586
1812	-194.27487701839965	11704.465097038
1813	-194.27487701839965	11710.610061356
1814	-194.27487701839965	11716.297986993
1815	-194.27487701839965	11721.927840574
1816	-194.27487701839965	11727.962745104
1817	-194.27487701839965	11734.051016966
1818	-194.27487701839965	11740.517387547
1819	-194.27487701839965	11747.519336777
1820	-194.27487701839965	11755.459774788
1821	-194.27487701839965	11761.825844844
1822	-194.27487701839965	11767.539391009
1823	-194.27487701839965	11773.791770811
1824	-194.27487701839965	11781.243409125
1825	-194.27487701839965	11787.817656767
1826	-194.27487701839965	11792.789610892
1827	-194.27487701839965	11799.558663211
1828	-194.27487701839965	11806.901775005
1829	-194.27487701839965	11812.516661967
1830	-194.27487701839965	11819.474572057
1831	-194.27487701839965	11826.829968533
1832	-194.27487701839965	11835.179480827
1833	-194.27487701839965	11841.945875441
1834	-194.27487701839965	11847.893119363
1835	-194.27487701839965	11853.596196649
1836	-194.27487701839965	11858.825078495
1837	-194.27487701839965	11867.468538197
1838	-194.27487701839965	11875.376451409
1839	-194.27487701839965	11881.393283724
1840	-194.27487701839965	11887.873394422
1841	-194.27487701839965	11895.318684125
1842	-194.27487701839965	11901.776373976
1843	-194.27487701839965	11907.778006174
1844	-194.27487701839965	11914.532280895
1845	-194.27487701839965	11922.485980626
1846	-194.27487701839965	11928.93760611
1847	-194.27487701839965	11936.120427741
1848	-194.27487701839965	11942.840628429
1849	-194.27487701839965	11949.01373128
1850	-194.27487701839965	11954.992960876
1851	-194.27487701839965	11960.87331659
1852	-194.27487701839965	11966.719700051
1853	-194.27487701839965	11972.762487031
1854	-194.27487701839965	11978.196602518
1855	-194.27487701839965	11983.970358134
1856	-194.27487701839965	11990.062842637
1857	-194.27487701839965	11995.70493956
1858	-194.27487701839965	12003.899823209
1859	-194.27487701839965	12010.895461176
1860	-194.27487701839965	12017.822448446
1861	-194.27487701839965	12025.56842333
1862	-194.27487701839965	12033.737465499
1863	-194.27487701839965	12039.988753938
1864	-194.27487701839965	12045.533535621
1865	-194.27487701839965	12050.821601698
1866	-194.27487701839965	12055.65485259
1867	-194.27487701839965	12062.622878035
1868	-194.27487701839965	12069.835875524
1869	-194.27487701839965	12077.147721807
1870	-194.27487701839965	12082.949219381
1871	-194.27487701839965	12088.329456066
1872	-194.27487701839965	12093.70714595
1873	-194.27487701839965	12100.238224293
1874	-194.27487701839965	12106.592661692
1875	-194.27487701839965	12112.535397895
1876	-194.27487701839965	12118.769505342
1877	-194.27487701839965	12126.011762663
1878	-194.27487701839965	12133.28376306
1879	-194.27487701839965	12141.061471875
1880	-194.27487701839965	12148.142563774
1881	-194.27487701839965	12155.037169936
1882	-194.27487701839965	12162.676584636
1883	-194.27487701839965	12169.893577519
1884	-194.27487701839965	12177.851041713
1885	-194.27487701839965	12183.277269048
1886	-194.27487701839965	12189.444956136
1887	-194.27487701839965	12195.544199223
1888	-194.27487701839965	12201.229539857
1889	-194.27487701839965	12206.991856398
1890	-194.27487701839965	12213.076136288
1891	-194.27487701839965	12219.483233686
1892	-194.27487701839965	12226.474988874
1893	-194.27487701839965	12232.331166097
1894	-194.27487701839965	12239.51696959
1895	-194.27487701839965	12245.331390185
1896	-194.27487701839965	12251.351628592
1897	-194.27487701839965	12258.31236374
1898	-194.27487701839965	12266.027964051
1899	-194.27487701839965	12272.558996208
1900	-194.27487701839965	12278.261848834
1901	-194.27487701839965	12283.607871502
1902	-194.27487701839965	12288.570094302
1903	-194.27487701839965	12293.527615231
1904	-194.27487701839965	12300.823899891
1905	-194.27487701839965	12306.708071956
1906	-194.27487701839965	12312.465455409
1907	-194.27487701839965	12318.547000047
1908	-194.27487701839965	12324.145507149
1909	-194.27487701839965	12329.849935524
1910	-194.27487701839965	12336.198288315
1911	-194.27487701839965	12343.386923139
1912	-194.27487701839965	12349.457577806
1913	-194.27487701839965	12356.502119292
1914	-194.27487701839965	12363.48687527
1915	-194.27487701839965	12369.767410141
1916	-194.27487701839965	12376.648679031
1917	-194.27487701839965	12383.318591183
1918	-194.27487701839965	12388.895402731
1919	-194.27487701839965	12394.723392954
1920	-194.27487701839965	12400.113625821
1921	-194.27487701839965	12407.859849313
1922	-194.27487701839965	12414.96612012
1923	-194.27487701839965	12422.04728415
1924	-194.27487701839965	12428.638955974
1925	-194.27487701839965	12435.159316831
1926	-194.27487701839965	12440.82771111
1927	-194.27487701839965	12445.280715909
1928	-194.27487701839965	12450.633291889
1929	-194.27487701839965	12456.326221319
1930	-194.27487701839965	12462.138212861
1931	-194.27487701839965	12469.784058566
1932	-194.27487701839965	12476.286958177
1933	-194.27487701839965	12481.230273704
1934	-194.27487701839965	12487.079267828
1935	-194.27487701839965	12495.386468119
1936	-194.27487701839965	12502.577800845
1937	-194.27487701839965	12508.571719658
1938	-194.27487701839965	12513.314561577
1939	-194.27487701839965	12520.58467347
1940	-194.27487701839965	12527.021451793
1941	-194.27487701839965	12534.075967223
1942	-194.27487701839965	12540.041663114
1943	-194.27487701839965	12548.274398659
1944	-194.27487701839965	12554.619910142
1945	-194.27487701839965	12560.374740238
1946	-194.27487701839965	12567.312857818
1947	-194.27487701839965	12573.922017403
1948	-194.27487701839965	12580.168385298
1949	-194.27487701839965	12586.500658724
1950	-194.27487701839965	12594.821367061
1951	-194.27487701839965	12600.821358223
1952	-194.27487701839965	12606.18599223
1953	-194.27487701839965	12613.140820387
1954	-194.27487701839965	12619.35165254
1955	-194.27487701839965	12627.126862737
1956	-194.27487701839965	12635.191205571
1957	-194.27487701839965	12641.727256347
1958	-194.27487701839965	12648.588419401
1959	-194.27487701839965	12655.439411792
1960	-194.27487701839965	12661.187039117
1961	-194.27487701839965	12666.994363284
1962	-194.27487701839965	12674.166078552
1963	-194.27487701839965	12682.124469892
1964	-194.27487701839965	12688.963148521
1965	-194.27487701839965	12694.586362974
1966	-194.27487701839965	12701.69223179
1967	-194.27487701839965	12709.05417331
1968	-194.27487701839965	12715.287245558
1969	-194.27487701839965	12722.407245365
1970	-194.27487701839965	12728.860880235
1971	-194.27487701839965	12735.782073984
1972	-194.27487701839965	12743.803786358
1973	-194.27487701839965	12750.14791653
1974	-194.27487701839965	12755.837123122
1975	-194.27487701839965	12761.303966684
1976	-194.27487701839965	12767.783693068
1977	-194.27487701839965	12773.46451914
1978	-194.27487701839965	12780.5429368
1979	-194.27487701839965	12785.305895102
1980	-194.27487701839965	12791.774292459
1981	-194.27487701839965	12798.267353834
1982	-194.27487701839965	12804.331853188
1983	-194.27487701839965	12810.880710378
1984	-194.27487701839965	12820.003816351
1985	-194.27487701839965	12827.954872347
1986	-194.27487701839965	12834.788285746
1987	-194.27487701839965	12842.763643968
1988	-194.27487701839965	12849.73977481
1989	-194.27487701839965	12855.590930564
1990	-194.27487701839965	12861.074919195
1991	-194.27487701839965	12867.161940893
1992	-194.27487701839965	12876.013890936
1993	-194.27487701839965	12883.412147947
1994	-194.27487701839965	12889.019004493
1995	-194.27487701839965	12894.885477823
1996	-194.27487701839965	12901.201225132
1997	-194.27487701839965	12907.796751796
1998	-194.27487701839965	12913.942702276
1999	-194.27487701839965	12919.653580473
2000	-194.27487701839965	12925.128300783
2001	-194.27487701839965	12930.781698507
2002	-194.27487701839965	12937.690161677
2003	-194.27487701839965	12944.241873005
2004	-194.27487701839965	12950.930093721
2005	-194.27487701839965	12957.676560973
2006	-194.27487701839965	12964.104816226
2007	-194.27487701839965	12970.649358139
2008	-194.27487701839965	12976.934442069
2009	-194.27487701839965	12983.222297172
2010	-194.27487701839965	12989.915748335
2011	-194.27487701839965	12997.459738295
2012	-194.27487701839965	13005.180208972
2013	-194.27487701839965	13010.480719387
2014	-194.27487701839965	13016.262613758
2015	-194.27487701839965	13022.59060726
2016	-194.27487701839965	13030.408031386
2017	-194.27487701839965	13037.27381677
2018	-194.27487701839965	13045.458937448
2019	-194.27487701839965	13051.942707408
2020	-194.27487701839965	13059.746638312
2021	-194.27487701839965	13068.097339188
2022	-194.27487701839965	13075.823470245
2023	-194.27487701839965	13084.329785927
2024	-194.27487701839965	13091.070662935
2025	-194.27487701839965	13098.804352282
2026	-194.27487701839965	13106.563402431
2027	-194.27487701839965	13112.917235132
2028	-194.27487701839965	13120.203148418
2029	-194.27487701839965	13125.304079013
2030	-194.27487701839965	13133.532781531
2031	-194.27487701839965	13141.230802565
2032	-194.27487701839965	13149.155951509
2033	-194.27487701839965	13154.294510766
2034	-194.27487701839965	13161.903380689
2035	-194.27487701839965	13168.922423956
2036	-194.27487701839965	13176.977293766
2037	-194.27487701839965	13183.609634276
2038	-194.27487701839965	13191.280957389
2039	-194.27487701839965	13196.966509852
2040	-194.27487701839965	13204.164966947
2041	-194.27487701839965	13210.464493196
2042	-194.27487701839965	13216.875018923
2043	-194.27487701839965	13222.982243105
2044	-194.27487701839965	13228.990341946
2045	-194.27487701839965	13234.339589381
2046	-194.27487701839965	13240.932457771
2047	-194.27487701839965	13247.433458901
2048	-194.27487701839965	13253.074811997
2049	-194.27487701839965	13258.586481861
2050	-194.27487701839965	13263.502536679
2051	-194.27487701839965	13269.02409239
2052	-194.27487701839965	13274.83048542
2053	-194.27487701839965	13281.085393776
2054	-194.27487701839965	13288.171062674
2055	-194.27487701839965	13293.113283986
2056	-194.27487701839965	13298.466574142
2057	-194.27487701839965	13304.222322831
2058	-194.27487701839965	13311.402566871
2059	-194.27487701839965	13317.257570621
2060	-194.27487701839965	13324.721523552
2061	-194.27487701839965	13330.585759132
2062	-194.27487701839965	13336.944241817
2063	-194.27487701839965	13343.452185991
2064	-194.27487701839965	13350.664720763
2065	-194.27487701839965	13359.839697007
2066	-194.27487701839965	13366.808622513
2067	-194.27487701839965	13373.902024468
2068	-194.27487701839965	13380.747393543
2069	-194.27487701839965	13387.20467627
2070	-194.27487701839965	13394.946004021
2071	-194.27487701839965	13401.385123586
2072	-194.27487701839965	13408.276275189
2073	-194.27487701839965	13414.806515052
2074	-194.27487701839965	13422.727814858
2075	-194.27487701839965	13429.285410369
2076	-194.27487701839965	13434.71579589
2077	-194.27487701839965	13441.306789461
2078	-194.27487701839965	13449.194329699
2079	-194.27487701839965	13456.468113968
2080	-194.27487701839965	13463.756067145
2081	-194.27487701839965	13469.691056892
2082	-194.27487701839965	13476.706524717
2083	-194.27487701839965	13483.895221407
2084	-194.27487701839965	13489.695741088
2085	-194.27487701839965	13496.179482252
2086	-194.27487701839965	13502.357745131
2087	-194.27487701839965	13509.722424469
2088	-194.27487701839965	13515.518631439
2089	-194.27487701839965	13519.555111147
2090	-194.27487701839965	13525.001103337
2091	-194.27487701839965	13530.430402627
2092	-194.27487701839965	13535.914324545
2093	-194.27487701839965	13541.792404874
2094	-194.27487701839965	13547.695271813
2095	-194.27487701839965	13553.326226736
2096	-194.27487701839965	13558.948070998
2097	-194.27487701839965	13564.890445979
2098	-194.27487701839965	13571.760280356
2099	-194.27487701839965	13577.555983554
2100	-194.27487701839965	13584.901707436
2101	-194.27487701839965	13591.305029252
2102	-194.27487701839965	13597.917631422
2103	-194.27487701839965	13604.735013923
2104	-194.27487701839965	13610.484425405
2105	-194.27487701839965	13616.677279711
2106	-194.27487701839965	13623.554198827
2107	-194.27487701839965	13629.687705824
2108	-194.27487701839965	13637.21394003
2109	-194.27487701839965	13641.985904077
2110	-194.27487701839965	13649.039606687
2111	-194.27487701839965	13654.56035357
2112	-194.27487701839965	13660.255980903
2113	-194.27487701839965	13666.066301187
2114	-194.27487701839965	13671.731061579
2115	-194.27487701839965	13679.414393396
2116	-194.27487701839965	13684.581796524
2117	-194.27487701839965	13691.61826882
2118	-194.27487701839965	13697.484257766
2119	-194.27487701839965	13702.649748442
2120	-194.27487701839965	13708.736083333
2121	-194.27487701839965	13714.950321578
2122	-194.27487701839965	13720.961352389
2123	-194.27487701839965	13728.441908415
2124	-194.27487701839965	13734.828683016
2125	-194.27487701839965	13741.689927895
2126	-194.27487701839965	13750.019862644
2127	-194.27487701839965	13756.456631843
2128	-194.27487701839965	13762.659981827
2129	-194.27487701839965	13768.71827227
2130	-194.27487701839965	13774.768881258
2131	-194.27487701839965	13780.214229692
2132	-194.27487701839965	13788.140136431
2133	-194.27487701839965	13795.063234649
2134	-194.27487701839965	13802.056225176
2135	-194.27487701839965	13808.926621771
2136	-194.27487701839965	13814.768564227
2137	-194.27487701839965	13819.586882997
2138	-194.27487701839965	13824.731344968
2139	-194.27487701839965	13831.768905492
2140	-194.27487701839965	13838.303567829
2141	-194.27487701839965	13845.607904573
2142	-194.27487701839965	13851.901477075
2143	-194.27487701839965	13857.690360677
2144	-194.27487701839965	13865.580405235
2145	-194.27487701839965	13873.016888764
2146	-194.27487701839965	13879.875733954
2147	-194.27487701839965	13886.668396274
2148	-194.27487701839965	13893.558520946
2149	-194.27487701839965	13900.210683331
2150	-194.27487701839965	13908.869910783
2151	-194.27487701839965	13915.808887656
2152	-194.27487701839965	13923.178589318
2153	-194.27487701839965	13929.320434926
2154	-194.27487701839965	13934.73157704
2155	-194.27487701839965	13942.537091105
2156	-194.27487701839965	13949.452893325
2157	-194.27487701839965	13955.114087683
2158	-194.27487701839965	13961.297420214
2159	-194.27487701839965	13966.244694927
2160	-194.27487701839965	13971.024376635
2161	-194.27487701839965	13976.845334863
2162	-194.27487701839965	13983.324256979
2163	-194.27487701839965	13990.362063828
2164	-194.27487701839965	13995.976486077
2165	-194.27487701839965	14002.898994138
2166	-194.27487701839965	14010.481715812
2167	-194.27487701839965	14017.484139734
2168	-194.27487701839965	14023.591070548
2169	-194.27487701839965	14030.184194103
2170	-194.27487701839965	14036.423435634
2171	-194.27487701839965	14041.800181837
2172	-194.27487701839965	14047.643718003
2173	-194.27487701839965	14053.460752111
2174	-194.27487701839965	14060.450411242
2175	-194.27487701839965	14067.158206081
2176	-194.27487701839965	14074.565894206
2177	-194.27487701839965	14080.88652243
2178	-194.27487701839965	14086.15797572
2179	-194.27487701839965	14093.579087502
2180	-194.27487701839965	14100.208391695
2181	-194.27487701839965	14106.384998427
2182	-194.27487701839965	14113.607895165
2183	-194.27487701839965	14121.806166945
2184	-194.27487701839965	14127.748900867
2185	-194.27487701839965	14133.881768955
2186	-194.27487701839965	14140.026359792
2187	-194.27487701839965	14147.798269385
2188	-194.27487701839965	14155.117345238
2189	-194.27487701839965	14161.839900568
2190	-194.27487701839965	14169.953737934
2191	-194.27487701839965	14177.492557032
2192	-194.27487701839965	14183.911774609
2193	-194.27487701839965	14190.850616914
2194	-194.27487701839965	14197.147314684
2195	-194.27487701839965	14203.610716801
2196	-194.27487701839965	14210.46250006
2197	-194.27487701839965	14216.730613686
2198	-194.27487701839965	14222.124466755
2199	-194.27487701839965	14227.429297864
2200	-194.27487701839965	14232.795172341
2201	-194.27487701839965	14238.224382964
2202	-194.27487701839965	14244.155838609
2203	-194.27487701839965	14249.68313966
2204	-194.27487701839965	14256.574810715
2205	-194.27487701839965	14261.87368608
2206	-194.27487701839965	14267.812359321
2207	-194.27487701839965	14274.614409989
2208	-194.27487701839965	14280.784227345
2209	-194.27487701839965	14286.268797296
2210	-194.27487701839965	14292.176940014
2211	-194.27487701839965	14298.753637807
2212	-194.27487701839965	14305.88973608
2213	-194.27487701839965	14312.83210935
2214	-194.27487701839965	14319.98942763
2215	-194.27487701839965	14326.583118249
2216	-194.27487701839965	14333.781792875
2217	-194.27487701839965	14339.941537357
2218	-194.27487701839965	14346.346680963
2219	-194.27487701839965	14353.3476255
2220	-194.27487701839965	14359.94119153
2221	-194.27487701839965	14365.041070106
2222	-194.27487701839965	14372.253472876
2223	-194.27487701839965	14379.220380443
2224	-194.27487701839965	14387.046073614
2225	-194.27487701839965	14393.664524614
2226	-194.27487701839965	14399.249780259
2227	-194.27487701839965	14405.440549912
2228	-194.27487701839965	14412.812199379
2229	-194.27487701839965	14419.665945838
2230	-194.27487701839965	14426.170066248
2231	-194.27487701839965	14432.160081185
2232	-194.27487701839965	14439.041978435
2233	-194.27487701839965	14446.846435634
2234	-194.27487701839965	14453.794503211
2235	-194.27487701839965	14459.898230069
2236	-194.27487701839965	14468.148423438
2237	-194.27487701839965	14474.99173238
2238	-194.27487701839965	14481.36952433
2239	-194.27487701839965	14487.724046689
2240	-194.27487701839965	14494.526993427
2241	-194.27487701839965	14501.177744566
2242	-194.27487701839965	14506.689150142
2243	-194.27487701839965	14511.590873544
2244	-194.27487701839965	14517.019014756
2245	-194.27487701839965	14524.343603877
2246	-194.27487701839965	14530.433054343
2247	-194.27487701839965	14536.863422188
2248	-194.27487701839965	14543.594136515
2249	-194.27487701839965	14550.572501403
2250	-194.27487701839965	14556.840187949
2251	-194.27487701839965	14564.075526744
2252	-194.27487701839965	14570.868165115
2253	-194.27487701839965	14578.002602109
2254	-194.27487701839965	14585.324093046
2255	-194.27487701839965	14591.877337073
2256	-194.27487701839965	14597.425120861
2257	-194.27487701839965	14604.947401012
2258	-194.27487701839965	14610.338558459
2259	-194.27487701839965	14615.214330902
2260	-194.27487701839965	14621.199982095
2261	-194.27487701839965	14629.643543521
2262	-194.27487701839965	14635.641668988
2263	-194.27487701839965	14641.94782296
2264	-194.27487701839965	14647.310031905
2265	-194.27487701839965	14653.232077248
2266	-194.27487701839965	14659.809070975
2267	-194.27487701839965	14664.81080638
2268	-194.27487701839965	14671.002224066
2269	-194.27487701839965	14678.141004847
2270	-194.27487701839965	14684.370423536
2271	-194.27487701839965	14689.930069202
2272	-194.27487701839965	14694.839938772
2273	-194.27487701839965	14703.334892071
2274	-194.27487701839965	14709.556607923
2275	-194.27487701839965	14717.030017913
2276	-194.27487701839965	14723.123333482
2277	-194.27487701839965	14729.552751373
2278	-194.27487701839965	14735.586433394
2279	-194.27487701839965	14743.482553437
2280	-194.27487701839965	14749.705394865
2281	-194.27487701839965	14755.909273425
2282	-194.27487701839965	14763.873229064
2283	-194.27487701839965	14769.904491725
2284	-194.27487701839965	14776.353932486
2285	-194.27487701839965	14783.047675877
2286	-194.27487701839965	14790.131795826
2287	-194.27487701839965	14795.575082415
2288	-194.27487701839965	14802.830190341
2289	-194.27487701839965	14811.209320267
2290	-194.27487701839965	14818.619091334
2291	-194.27487701839965	14824.364978693
2292	-194.27487701839965	14831.184541355
2293	-194.27487701839965	14836.374198547
2294	-194.27487701839965	14842.187596488
2295	-194.27487701839965	14848.28443276
2296	-194.27487701839965	14854.090259866
2297	-194.27487701839965	14860.681543954
2298	-194.27487701839965	14865.811738657
2299	-194.27487701839965	14872.785378295
2300	-194.27487701839965	14879.08556227
2301	-194.27487701839965	14884.719889358
2302	-194.27487701839965	14889.333369066
2303	-194.27487701839965	14894.849514431
2304	-194.27487701839965	14900.074382352
2305	-194.27487701839965	14905.385913599
2306	-194.27487701839965	14910.865598358
2307	-194.27487701839965	14917.504741358
2308	-194.27487701839965	14924.330202173
2309	-194.27487701839965	14930.076008848
2310	-194.27487701839965	14936.091556216
2311	-194.27487701839965	14943.788660083
2312	-194.27487701839965	14953.17088306
2313	-194.27487701839965	14960.468070348
2314	-194.27487701839965	14966.868875585
2315	-194.27487701839965	14973.657810219
2316	-194.27487701839965	14981.414488905
2317	-194.27487701839965	14988.933605014
2318	-194.27487701839965	14994.330173948
2319	-194.27487701839965	15000.964681219
2320	-194.27487701839965	15007.217133437
2321	-194.27487701839965	15013.312571293
2322	-194.27487701839965	15019.727033113
2323	-194.27487701839965	15025.739052081
2324	-194.27487701839965	15032.740739875
2325	-194.27487701839965	15039.519276621
2326	-194.27487701839965	15047.374969743
2327	-194.27487701839965	15053.422757095
2328	-194.27487701839965	15059.39109558
2329	-194.27487701839965	15064.169308167
2330	-194.27487701839965	15069.360425928
2331	-194.27487701839965	15074.181740816
2332	-194.27487701839965	15079.870864728
2333	-194.27487701839965	15085.88209511
2334	-194.27487701839965	15091.741101382
2335	-194.27487701839965	15098.099603169
2336	-194.27487701839965	15104.439258409
2337	-194.27487701839965	15111.362584992
2338	-194.27487701839965	15118.585338894
2339	-194.27487701839965	15124.63366594
2340	-194.27487701839965	15131.272556057
2341	-194.27487701839965	15136.350051703
2342	-194.27487701839965	15142.338267087
2343	-194.27487701839965	15148.914577143
2344	-194.27487701839965	15153.652131594
2345	-194.27487701839965	15159.839945614
2346	-194.27487701839965	15166.265786353
2347	-194.27487701839965	15171.506300286
2348	-194.27487701839965	15177.057913825
2349	-194.53316879765197	15183.692870984
2350	-194.53316879765197	15190.888124408
2351	-194.53316879765197	15199.065202696
2352	-194.53316879765197	15204.564924296
2353	-194.53316879765197	15209.583749175
2354	-194.53316879765197	15215.562977061
2355	-194.53316879765197	15221.591159214
2356	-194.53316879765197	15227.264848088
2357	-194.53316879765197	15233.268708915
2358	-194.53316879765197	15239.934775921
2359	-194.53316879765197	15245.772824194
2360	-194.53316879765197	15253.254788043
2361	-194.53316879765197	15260.414125972
2362	-194.53316879765197	15267.181105898
2363	-194.53316879765197	15274.207618789
2364	-194.53316879765197	15281.044962864
2365	-194.53316879765197	15287.463867971
2366	-194.53316879765197	15292.759904024
2367	-194.53316879765197	15297.372862853
2368	-194.53316879765197	15303.42639925
2369	-194.53316879765197	15310.104141678
2370	-194.53316879765197	15316.481419308
2371	-194.53316879765197	15321.988549521
2372	-194.53316879765197	15327.690550269
2373	-194.53316879765197	15335.126162816
2374	-194.53316879765197	15343.349295047
2375	-194.53316879765197	15348.700790782
2376	-194.53316879765197	15356.612768382
2377	-194.53316879765197	15363.462668269
2378	-194.53316879765197	15370.147367998
2379	-194.53316879765197	15378.483094272
2380	-194.53316879765197	15385.4973604
2381	-194.53316879765197	15392.590405979
2382	-194.53316879765197	15398.455113685
2383	-194.53316879765197	15403.662467901
2384	-194.53316879765197	15409.179354527
2385	-194.53316879765197	15415.924712455
2386	-194.53316879765197	15424.236960729
2387	-194.53316879765197	15432.197972424
2388	-194.53316879765197	15439.664802016
2389	-194.53316879765197	15445.164888544
2390	-194.53316879765197	15452.734177439
2391	-194.53316879765197	15458.96963626
2392	-194.53316879765197	15466.674080887
2393	-194.53316879765197	15472.724109126
2394	-194.53316879765197	15479.003611649
2395	-194.53316879765197	15486.082812764
2396	-194.53316879765197	15491.673879036
2397	-194.53316879765197	15497.500134424
2398	-194.53316879765197	15502.6251557
2399	-194.53316879765197	15508.200961985
2400	-194.53316879765197	15513.876771719
2401	-194.53316879765197	15518.910965209
2402	-194.53316879765197	15526.260210079
2403	-194.53316879765197	15533.741560963
2404	-194.53316879765197	15539.190900799
2405	-194.53316879765197	15544.833462151
2406	-194.53316879765197	15550.993779684
2407	-194.53316879765197	15557.318583485
2408	-194.53316879765197	15562.968670056
2409	-194.53316879765197	15568.244354802
2410	-194.53316879765197	15573.922908056
2411	-194.53316879765197	15580.625535453
2412	-194.53316879765197	15586.964984281
2413	-194.53316879765197	15592.394716352
2414	-194.53316879765197	15598.844650337
2415	-194.53316879765197	15606.157358763
2416	-194.53316879765197	15613.017809068
2417	-194.53316879765197	15619.674338617
2418	-194.53316879765197	15625.345306495
2419	-194.53316879765197	15630.75541056
2420	-194.53316879765197	15636.972900372
2421	-194.53316879765197	15642.949467703
2422	-194.53316879765197	15647.737106273
2423	-194.53316879765197	15652.988509322
2424	-194.53316879765197	15659.444995194
2425	-194.53316879765197	15665.521229557
2426	-194.53316879765197	15670.941562446
2427	-194.53316879765197	15677.059697411
2428	-194.53316879765197	15684.628291802
2429	-194.53316879765197	15691.381541873
2430	-194.53316879765197	15697.448853455
2431	-194.53316879765197	15702.777315092
2432	-194.53316879765197	15708.419819138
2433	-194.53316879765197	15715.867619718
2434	-194.53316879765197	15722.851573995
2435	-194.53316879765197	15728.761882904
2436	-194.53316879765197	15734.140862297
2437	-194.53316879765197	15739.805351558
2438	-194.53316879765197	15747.417236985
2439	-194.53316879765197	15753.330826257
2440	-194.53316879765197	15759.405840106
2441	-194.53316879765197	15765.083177977
2442	-194.53316879765197	15771.468635131
2443	-194.53316879765197	15778.791686707
2444	-194.53316879765197	15786.67773245
2445	-194.53316879765197	15792.616858429
2446	-194.53316879765197	15797.552493072
2447	-194.53316879765197	15803.977507591
2448	-194.53316879765197	15810.863139084
2449	-194.53316879765197	15818.115767779
2450	-194.53316879765197	15824.402565445
2451	-194.53316879765197	15830.18788672
2452	-194.53316879765197	15835.550041781
2453	-194.53316879765197	15840.993271635
2454	-194.53316879765197	15848.188619713
2455	-194.53316879765197	15854.349803665
2456	-194.53316879765197	15862.149186367
2457	-194.53316879765197	15868.096644399
2458	-194.53316879765197	15874.085716509
2459	-194.53316879765197	15881.347623219
2460	-194.53316879765197	15887.862962322
2461	-194.53316879765197	15894.140263586
2462	-194.53316879765197	15901.667050031
2463	-194.53316879765197	15907.716242071
2464	-194.53316879765197	15913.119065533
2465	-194.53316879765197	15919.627863011
2466	-194.53316879765197	15926.633486042
2467	-194.53316879765197	15934.345102934
2468	-194.53316879765197	15942.005708561
2469	-194.53316879765197	15949.478818909
2470	-194.53316879765197	15957.128168781
2471	-194.53316879765197	15964.296621648
2472	-194.53316879765197	15971.120725386
2473	-194.53316879765197	15977.182128552
2474	-194.53316879765197	15984.17032797
2475	-194.53316879765197	15991.001558357
2476	-194.53316879765197	15998.161138051
2477	-194.53316879765197	16004.136084873
2478	-194.53316879765197	16009.911396281
2479	-194.53316879765197	16016.118068822
2480	-194.53316879765197	16023.339398649
2481	-194.53316879765197	16030.791514506
2482	-194.53316879765197	16037.69115126
2483	-194.53316879765197	16044.038927293
2484	-194.53316879765197	16050.590368916
2485	-194.53316879765197	16057.066341101
2486	-194.53316879765197	16062.526648741
2487	-194.53316879765197	16068.193073548
2488	-194.53316879765197	16074.395218414
2489	-194.53316879765197	16079.897153816
2490	-194.53316879765197	16085.498592318
2491	-194.53316879765197	16091.950110889
2492	-194.53316879765197	16100.179259304
2493	-194.53316879765197	16107.231895639
2494	-194.53316879765197	16111.789915949
2495	-194.53316879765197	16118.567412935
2496	-194.53316879765197	16124.466288757
2497	-194.53316879765197	16131.100807717
2498	-194.53316879765197	16137.64715403
2499	-194.53316879765197	16144.409901643
2500	-194.53316879765197	16149.672421604
2501	-194.53316879765197	16156.155039473
