1	-88.45944821893075	2.908651421
2	-88.61861664465417	4.387155936
3	-88.88526932605538	6.480210526
4	-89.08574228757584	7.629392145
5	-89.13285038471022	8.554093871
6	-89.413629405411	9.479353244
7	-89.413629405411	10.323326197
8	-89.413629405411	11.18893362
9	-89.413629405411	12.261922906
10	-89.413629405411	14.38052319
11	-89.413629405411	16.537978565
12	-89.413629405411	20.309294939
13	-89.413629405411	22.11276438
14	-89.413629405411	24.183054097
15	-89.413629405411	25.990738104
16	-89.413629405411	27.915047823
17	-89.413629405411	30.740504682
18	-89.413629405411	33.017557034
19	-89.413629405411	34.640931669
20	-89.413629405411	36.549587652
21	-89.413629405411	38.440264375
22	-89.413629405411	40.814255457
23	-89.413629405411	42.578900028
24	-89.413629405411	44.345229227
25	-89.413629405411	46.426617995
26	-89.413629405411	48.958352114
27	-89.413629405411	51.250927059
28	-89.413629405411	53.913632609
29	-89.413629405411	55.387131988
30	-89.413629405411	57.324809834
31	-89.413629405411	59.110923233
32	-89.413629405411	61.003561127
33	-89.413629405411	63.494788882
34	-89.413629405411	66.171791115
35	-89.413629405411	68.647923921
36	-89.413629405411	71.074806769
37	-89.413629405411	73.591073319
38	-89.413629405411	76.085053671
39	-89.413629405411	77.91291873
40	-89.413629405411	80.178141617
41	-89.413629405411	83.272157833
42	-89.413629405411	86.143444073
43	-89.413629405411	89.555437241
44	-89.413629405411	92.758764761
45	-89.413629405411	95.140069968
46	-89.413629405411	97.541567632
47	-89.413629405411	99.89440292
48	-89.413629405411	102.138171802
49	-89.413629405411	104.798714619
50	-89.413629405411	108.3554365
51	-89.413629405411	110.776275895
52	-89.413629405411	113.089432452
53	-89.413629405411	115.050218711
54	-89.413629405411	116.868396512
55	-89.413629405411	119.069267935
56	-89.413629405411	120.980818777
57	-89.413629405411	123.840359083
58	-89.413629405411	126.21406165
59	-89.413629405411	128.588886922
60	-89.413629405411	131.048999643
61	-89.413629405411	132.725099833
62	-89.413629405411	134.57563597
63	-89.413629405411	136.655415944
64	-89.413629405411	138.12342752
65	-89.413629405411	139.635888615
66	-89.413629405411	142.030806561
67	-89.413629405411	143.521961616
68	-89.413629405411	145.773536412
69	-89.413629405411	147.880154704
70	-89.413629405411	149.812924917
71	-89.413629405411	151.19910155
72	-89.413629405411	152.921591334
73	-89.413629405411	154.437021414
74	-89.413629405411	156.018632699
75	-89.413629405411	157.901961941
76	-89.413629405411	160.510712605
77	-89.413629405411	162.476226032
78	-89.413629405411	165.353977096
79	-89.413629405411	171.193006779
80	-89.413629405411	173.677298447
81	-89.413629405411	175.839031109
82	-89.413629405411	178.349477434
83	-89.413629405411	181.143045224
84	-89.413629405411	184.40374222
85	-89.413629405411	186.54353422
86	-89.413629405411	188.926666604
87	-89.413629405411	191.383553185
88	-89.413629405411	193.802104404
89	-89.413629405411	195.794136841
90	-89.413629405411	197.922145275
91	-89.413629405411	200.156258259
92	-89.413629405411	202.421506519
93	-89.413629405411	204.367249145
94	-89.413629405411	206.733134109
95	-89.413629405411	209.161326971
96	-89.413629405411	211.217834318
97	-89.413629405411	213.404125673
98	-89.413629405411	216.137890698
99	-89.413629405411	218.389460648
100	-89.413629405411	220.196440184
101	-89.413629405411	222.089313567
102	-89.413629405411	224.460191692
103	-89.413629405411	226.954780438
104	-89.413629405411	229.529355282
105	-89.413629405411	232.155534687
106	-89.413629405411	234.88456228
107	-89.413629405411	237.798552969
108	-89.413629405411	240.628650897
109	-89.413629405411	243.58125121
110	-89.413629405411	246.023837117
111	-89.413629405411	248.598744097
112	-89.413629405411	251.62940583
113	-89.413629405411	254.470405238
114	-89.413629405411	256.702436169
115	-89.413629405411	258.929359901
116	-89.413629405411	260.993193916
117	-89.413629405411	263.356854279
118	-89.413629405411	264.819575054
119	-89.413629405411	266.681886488
120	-89.413629405411	268.75787954
121	-89.413629405411	271.152097576
122	-89.413629405411	273.122469314
123	-89.413629405411	275.047240604
124	-89.413629405411	277.36910141
125	-89.413629405411	280.000283385
126	-89.413629405411	282.352363741
127	-89.413629405411	284.74379839
128	-89.413629405411	286.787546004
129	-89.413629405411	288.763003561
130	-89.413629405411	290.527575716
131	-89.413629405411	292.361835752
132	-89.413629405411	294.290701868
133	-89.413629405411	296.181248302
134	-89.413629405411	297.915041551
135	-89.413629405411	299.606970242
136	-89.413629405411	301.288224959
137	-89.413629405411	303.495350806
138	-89.413629405411	304.952142165
139	-89.413629405411	306.912830636
140	-89.413629405411	308.90304673
141	-89.413629405411	310.772464168
142	-89.413629405411	312.993936875
143	-89.413629405411	315.598164783
144	-89.413629405411	317.93881053
145	-89.413629405411	319.739443556
146	-89.413629405411	321.975458697
147	-89.413629405411	324.365368941
148	-89.413629405411	326.488943285
149	-89.413629405411	328.194625836
150	-89.413629405411	330.301919234
151	-89.413629405411	331.655836745
152	-89.413629405411	333.487549738
153	-89.413629405411	334.892738248
154	-89.413629405411	336.978002034
155	-89.413629405411	338.615918533
156	-89.413629405411	340.70484152
157	-89.413629405411	343.365272578
158	-89.413629405411	345.480125282
159	-89.413629405411	347.707305315
160	-89.413629405411	349.439491196
161	-89.413629405411	351.120891596
162	-89.413629405411	353.078035476
163	-89.413629405411	354.886282261
164	-89.413629405411	356.4910624
165	-89.413629405411	357.863954725
166	-89.413629405411	359.942777349
167	-89.413629405411	362.113294087
168	-89.413629405411	364.442091266
169	-89.413629405411	366.804077549
170	-89.413629405411	369.778652166
171	-89.413629405411	371.937928445
172	-89.413629405411	374.410867326
173	-89.413629405411	375.890398754
174	-89.413629405411	377.410961978
175	-89.413629405411	378.842745047
176	-89.413629405411	380.561315909
177	-89.413629405411	382.269438023
178	-89.413629405411	383.992986937
179	-89.413629405411	385.748380159
180	-89.413629405411	387.535285838
181	-89.413629405411	389.95823722
182	-89.413629405411	392.54805897
183	-89.413629405411	394.518825851
184	-89.413629405411	397.751613426
185	-89.413629405411	400.879318804
186	-89.413629405411	402.669515911
187	-89.413629405411	404.780362738
188	-89.413629405411	407.078252433
189	-89.413629405411	409.004249918
190	-89.413629405411	410.374378813
191	-89.413629405411	412.150756201
192	-89.413629405411	415.058328251
193	-89.413629405411	417.139102924
194	-89.413629405411	419.993304533
195	-89.413629405411	422.091928178
196	-89.413629405411	423.845908182
197	-89.413629405411	425.593504328
198	-89.413629405411	427.910973809
199	-89.413629405411	430.594177153
200	-89.413629405411	432.753913577
201	-89.413629405411	434.866058729
202	-89.413629405411	436.713993084
203	-89.413629405411	439.534594196
204	-89.413629405411	440.990564766
205	-89.413629405411	442.254059403
206	-89.413629405411	443.905706955
207	-89.413629405411	445.184968227
208	-89.413629405411	447.258616654
209	-89.413629405411	449.998981354
210	-89.413629405411	451.657857502
211	-89.413629405411	453.571206726
212	-89.413629405411	455.426796465
213	-89.413629405411	457.252547827
214	-89.413629405411	459.060780358
215	-89.413629405411	461.464081535
216	-89.413629405411	463.466204356
217	-89.413629405411	468.243069828
218	-89.413629405411	470.925846954
219	-89.413629405411	473.192270948
220	-89.413629405411	475.338879866
221	-89.413629405411	478.579785819
222	-89.413629405411	481.068649848
223	-89.413629405411	483.034884566
224	-89.413629405411	484.820172044
225	-89.413629405411	486.796838405
226	-89.413629405411	489.397330138
227	-89.413629405411	491.245955279
228	-89.413629405411	493.747943393
229	-89.413629405411	495.926539736
230	-89.413629405411	497.356491068
231	-89.413629405411	499.366095364
232	-89.413629405411	500.947030403
233	-89.413629405411	502.422348691
234	-89.413629405411	504.444375451
235	-89.413629405411	506.554485307
236	-89.413629405411	509.321982828
237	-89.413629405411	511.602647625
238	-89.413629405411	513.755541757
239	-89.413629405411	515.60145393
240	-89.413629405411	517.707622341
241	-89.413629405411	519.835378181
242	-89.413629405411	522.733856255
243	-89.413629405411	524.708041716
244	-89.413629405411	526.851289929
245	-89.413629405411	528.802729903
246	-89.413629405411	530.595393085
247	-89.413629405411	532.521695622
248	-89.413629405411	534.688829988
249	-89.413629405411	538.313733875
250	-89.413629405411	540.42469246
251	-89.413629405411	542.378199947
252	-89.413629405411	544.900291852
253	-89.413629405411	547.5029486
254	-89.413629405411	549.663098127
255	-89.413629405411	552.522526391
256	-89.413629405411	553.86786766
257	-89.413629405411	555.760755868
258	-89.413629405411	557.362769725
259	-89.413629405411	558.888580701
260	-89.413629405411	560.810209098
261	-89.413629405411	562.215086853
262	-89.413629405411	563.916391478
263	-89.413629405411	565.801568994
264	-89.413629405411	567.64644513
265	-89.413629405411	569.252912179
266	-89.413629405411	571.49218425
267	-89.413629405411	573.405593915
268	-89.413629405411	575.272008158
269	-89.413629405411	576.866207264
270	-89.413629405411	578.868117403
271	-89.413629405411	580.844009161
272	-89.413629405411	584.034999745
273	-89.413629405411	589.016000698
274	-89.413629405411	591.135752482
275	-89.413629405411	593.76464571
276	-89.413629405411	596.131076061
277	-89.413629405411	598.695851889
278	-89.413629405411	601.016109889
279	-89.413629405411	603.675185604
280	-89.413629405411	606.162659222
281	-89.413629405411	607.895452072
282	-89.413629405411	609.616852791
283	-89.413629405411	612.356085662
284	-89.413629405411	614.878002804
285	-89.413629405411	616.748015522
286	-89.413629405411	618.661940069
287	-89.413629405411	620.64839946
288	-89.413629405411	622.484848174
289	-89.413629405411	623.906217561
290	-89.413629405411	625.786437838
291	-89.413629405411	628.032946772
292	-89.413629405411	630.075447664
293	-89.413629405411	631.597159537
294	-89.413629405411	633.911596458
295	-89.413629405411	635.69024007
296	-89.413629405411	637.708862791
297	-89.413629405411	639.802952848
298	-89.413629405411	642.33402583
299	-89.413629405411	644.978704509
300	-89.413629405411	646.802474172
301	-89.413629405411	649.292750279
302	-89.413629405411	652.121651661
303	-89.413629405411	654.16623717
304	-89.413629405411	656.325261996
305	-89.413629405411	657.751292694
306	-89.413629405411	659.141279058
307	-89.413629405411	660.759058124
308	-89.413629405411	662.574163166
309	-89.413629405411	664.855971196
310	-89.413629405411	666.735728762
311	-89.413629405411	668.431633395
312	-89.413629405411	671.391766215
313	-89.413629405411	673.499425105
314	-89.413629405411	675.380694532
315	-89.413629405411	676.76198577
316	-89.413629405411	678.04688509
317	-89.413629405411	679.410394067
318	-89.413629405411	680.771227139
319	-89.413629405411	682.122435103
320	-89.413629405411	683.755428859
321	-89.413629405411	685.481859518
322	-89.413629405411	687.565803882
323	-89.413629405411	689.168847789
324	-89.413629405411	691.097481552
325	-89.413629405411	693.164793447
326	-89.413629405411	695.001604517
327	-89.413629405411	697.042538809
328	-89.413629405411	699.830604542
329	-89.413629405411	702.067536265
330	-89.413629405411	704.928574748
331	-89.413629405411	707.195005013
332	-89.413629405411	709.037264828
333	-89.413629405411	711.724227156
334	-89.413629405411	714.110234157
335	-89.413629405411	716.280963007
336	-89.413629405411	718.166396824
337	-89.413629405411	720.2011913
338	-89.413629405411	722.291200785
339	-89.413629405411	725.234458234
340	-89.413629405411	727.705948545
341	-89.413629405411	729.660252304
342	-89.413629405411	731.412632637
343	-89.413629405411	733.728282069
344	-89.413629405411	735.690510341
345	-89.413629405411	737.589249848
346	-89.413629405411	739.456630565
347	-89.413629405411	741.985572744
348	-89.413629405411	744.430487311
349	-89.413629405411	746.334634224
350	-89.413629405411	748.24863033
351	-89.413629405411	750.217087083
352	-89.413629405411	752.128985741
353	-89.413629405411	753.907286955
354	-89.413629405411	755.832478475
355	-89.413629405411	757.314452316
356	-89.413629405411	759.060933454
357	-89.413629405411	760.687082923
358	-89.413629405411	762.360675984
359	-89.413629405411	764.608081259
360	-89.413629405411	766.802603321
361	-89.413629405411	768.709923061
362	-89.413629405411	770.741795879
363	-89.413629405411	773.279936948
364	-89.413629405411	776.11328753
365	-89.413629405411	779.464954497
366	-89.413629405411	781.95151524
367	-89.413629405411	783.979433213
368	-89.413629405411	785.959144964
369	-89.413629405411	788.879876166
370	-89.413629405411	791.281429423
371	-89.413629405411	794.41482274
372	-89.413629405411	797.895153862
373	-89.413629405411	800.09126248
374	-89.413629405411	802.217070262
375	-89.413629405411	805.171717846
376	-89.413629405411	806.799064146
377	-89.413629405411	808.846951916
378	-89.413629405411	811.125168028
379	-89.413629405411	813.630768016
380	-89.413629405411	815.870960375
381	-89.413629405411	817.596044814
382	-89.413629405411	819.305338384
383	-89.413629405411	821.537242163
384	-89.413629405411	823.388881334
385	-89.413629405411	825.220434674
386	-89.413629405411	827.626885016
387	-89.413629405411	829.500718583
388	-89.413629405411	830.966879034
389	-89.413629405411	832.632296127
390	-89.413629405411	834.990520006
391	-89.413629405411	837.805142381
392	-89.413629405411	840.344916762
393	-89.413629405411	842.389537338
394	-89.413629405411	844.945472071
395	-89.413629405411	847.125507862
396	-89.413629405411	850.575170694
397	-89.413629405411	852.504662594
398	-89.413629405411	854.187043152
399	-89.413629405411	856.114581863
400	-89.413629405411	858.105653529
401	-89.413629405411	860.935105145
402	-89.413629405411	863.075311673
403	-89.413629405411	864.955147071
404	-89.413629405411	867.345756653
405	-89.413629405411	870.104115724
406	-89.413629405411	872.550975212
407	-89.413629405411	874.807214455
408	-89.413629405411	876.948308201
409	-89.413629405411	878.807485295
410	-89.413629405411	880.55408988
411	-89.413629405411	882.412737837
412	-89.413629405411	884.479774615
413	-89.413629405411	886.262821242
414	-89.413629405411	888.69401559
415	-89.413629405411	891.160000992
416	-89.413629405411	894.036753937
417	-89.413629405411	896.460654117
418	-89.413629405411	898.682149916
419	-89.413629405411	900.590631136
420	-89.413629405411	902.456529926
421	-89.413629405411	904.67065002
422	-89.413629405411	906.348236414
423	-89.413629405411	908.198614607
424	-89.413629405411	909.800667237
425	-89.413629405411	911.40657778
426	-89.413629405411	913.32287261
427	-89.413629405411	915.486963582
428	-89.413629405411	917.54329588
429	-89.413629405411	920.452866735
430	-89.413629405411	925.70233325
431	-89.413629405411	927.474856718
432	-89.413629405411	929.067364352
433	-89.413629405411	930.884745026
434	-89.413629405411	933.132284011
435	-89.413629405411	935.802266053
436	-89.413629405411	938.096602318
437	-89.413629405411	940.118117332
438	-89.413629405411	942.565609162
439	-89.413629405411	944.20196961
440	-89.413629405411	945.821597806
441	-89.413629405411	947.494131452
442	-89.413629405411	948.934328545
443	-89.413629405411	950.712303038
444	-89.413629405411	952.517331666
445	-89.413629405411	954.698523519
446	-89.413629405411	956.262680975
447	-89.413629405411	958.250655078
448	-89.413629405411	959.966790084
449	-89.413629405411	961.518474899
450	-89.413629405411	962.839289405
451	-89.413629405411	965.149834203
452	-89.413629405411	967.034976652
453	-89.413629405411	969.15469337
454	-89.413629405411	970.991407223
455	-89.413629405411	973.062046467
456	-89.413629405411	974.988287708
457	-89.413629405411	977.24630224
458	-89.413629405411	978.759922249
459	-89.413629405411	980.041860852
460	-89.413629405411	982.077150254
461	-89.413629405411	983.472705673
462	-89.413629405411	984.757049342
463	-89.413629405411	986.242124452
464	-89.413629405411	987.841732388
465	-89.413629405411	989.231364378
466	-89.413629405411	990.642131921
467	-89.413629405411	991.901602436
468	-89.413629405411	993.17519487
469	-89.413629405411	994.55532862
470	-89.413629405411	996.563547922
471	-89.413629405411	997.91536656
472	-89.413629405411	999.632246236
473	-89.413629405411	1002.078941794
474	-89.413629405411	1003.363346473
475	-89.413629405411	1005.763242471
476	-89.413629405411	1007.735173682
477	-89.413629405411	1010.037771728
478	-89.413629405411	1011.46653079
479	-89.413629405411	1013.146375995
480	-89.413629405411	1015.134959347
481	-89.413629405411	1016.545050928
482	-89.413629405411	1018.317639968
483	-89.413629405411	1020.085612743
484	-89.413629405411	1022.053469369
485	-89.413629405411	1023.632171826
486	-89.413629405411	1025.249856241
487	-89.413629405411	1027.514463321
488	-89.413629405411	1029.251197045
489	-89.413629405411	1031.41250691
490	-89.413629405411	1032.864430549
491	-89.413629405411	1034.777603014
492	-89.413629405411	1036.237680098
493	-89.413629405411	1038.537983982
494	-89.413629405411	1041.397419373
495	-89.413629405411	1043.923224646
496	-89.413629405411	1046.847362168
497	-89.413629405411	1048.838490283
498	-89.413629405411	1051.292649355
499	-89.413629405411	1053.246453626
500	-89.413629405411	1055.794116029
501	-89.413629405411	1059.419289046
502	-89.413629405411	1061.59866085
503	-89.413629405411	1064.008206188
504	-89.413629405411	1066.510803835
505	-89.413629405411	1068.995167062
506	-89.413629405411	1071.77930703
507	-89.413629405411	1073.881872119
508	-89.413629405411	1075.820184018
509	-89.413629405411	1077.52273394
510	-89.413629405411	1079.337696149
511	-89.413629405411	1081.888471509
512	-89.413629405411	1083.624598265
513	-89.413629405411	1085.199238396
514	-89.413629405411	1086.646699721
515	-89.413629405411	1088.771785641
516	-89.413629405411	1090.812925487
517	-89.413629405411	1092.732517447
518	-89.413629405411	1094.488706371
519	-89.413629405411	1097.221004009
520	-89.413629405411	1098.592633646
521	-89.413629405411	1099.885551846
522	-89.413629405411	1101.485259281
523	-89.413629405411	1102.982130216
524	-89.413629405411	1104.105065092
525	-89.413629405411	1105.189162837
526	-89.413629405411	1106.244055973
527	-89.413629405411	1108.072910314
528	-89.413629405411	1109.97327173
529	-89.413629405411	1111.523486022
530	-89.413629405411	1112.777018283
531	-89.413629405411	1114.77890305
532	-89.413629405411	1116.448382183
533	-89.413629405411	1118.268383454
534	-89.413629405411	1119.834395171
535	-89.413629405411	1121.896645481
536	-89.413629405411	1123.517541496
537	-89.413629405411	1125.280298449
538	-89.413629405411	1127.321320266
539	-89.413629405411	1128.640311586
540	-89.413629405411	1130.238976713
541	-89.413629405411	1131.872397257
542	-89.413629405411	1133.596460483
543	-89.413629405411	1135.053299738
544	-89.413629405411	1136.948568493
545	-89.413629405411	1138.570212598
546	-89.413629405411	1140.7010794
547	-89.413629405411	1142.101245382
548	-89.413629405411	1143.50259109
549	-89.413629405411	1144.849013441
550	-89.413629405411	1146.18991777
551	-89.413629405411	1147.328922621
552	-89.413629405411	1148.680938261
553	-89.413629405411	1149.660559637
554	-89.413629405411	1150.964743099
555	-89.413629405411	1152.41957072
556	-89.413629405411	1153.89440121
557	-89.413629405411	1155.185029238
558	-89.413629405411	1156.717337539
559	-89.413629405411	1158.275909975
560	-89.413629405411	1160.3814201
561	-89.413629405411	1162.101749431
562	-89.413629405411	1164.308003171
563	-89.413629405411	1166.220391054
564	-89.413629405411	1168.056777617
565	-89.413629405411	1169.567074838
566	-89.413629405411	1170.6966761
567	-89.413629405411	1172.432463307
568	-89.413629405411	1173.727853
569	-89.413629405411	1176.185814961
570	-89.413629405411	1177.691412953
571	-89.413629405411	1179.028647818
572	-89.413629405411	1180.469141979
573	-89.413629405411	1181.95622131
574	-89.413629405411	1184.101273607
575	-89.413629405411	1185.901444208
576	-89.413629405411	1187.476300442
577	-89.413629405411	1189.198916808
578	-89.413629405411	1190.58556784
579	-89.413629405411	1192.234270927
580	-89.413629405411	1193.74354494
581	-89.413629405411	1195.123719173
582	-89.413629405411	1196.4557194
583	-89.413629405411	1197.759389405
584	-89.413629405411	1199.516541096
585	-89.413629405411	1200.871998693
586	-89.413629405411	1202.854851341
587	-89.413629405411	1204.615157043
588	-89.413629405411	1206.099748061
589	-89.413629405411	1207.643691678
590	-89.413629405411	1209.471022184
591	-89.413629405411	1211.150849143
592	-89.413629405411	1212.972682723
593	-89.413629405411	1215.439928532
594	-89.413629405411	1217.812392074
595	-89.413629405411	1220.271487004
596	-89.413629405411	1221.962915352
597	-89.413629405411	1223.771304115
598	-89.413629405411	1225.731172937
599	-89.413629405411	1227.878927653
600	-89.413629405411	1229.811174146
601	-89.413629405411	1231.668730758
602	-89.413629405411	1233.541374337
603	-89.413629405411	1235.223744632
604	-89.413629405411	1236.90263106
605	-89.413629405411	1239.102260322
606	-89.413629405411	1241.310914566
607	-89.413629405411	1243.506181012
608	-89.413629405411	1245.782069605
609	-89.413629405411	1247.995920854
610	-89.413629405411	1249.720283716
611	-89.413629405411	1251.470795248
612	-89.413629405411	1253.096989477
613	-89.413629405411	1254.968382058
614	-89.413629405411	1257.870977481
615	-89.413629405411	1260.816105157
616	-89.413629405411	1263.545627391
617	-89.413629405411	1266.018376969
618	-89.413629405411	1268.729550173
619	-89.413629405411	1275.71129323
620	-89.413629405411	1280.404272783
621	-89.413629405411	1282.399817026
622	-89.413629405411	1285.480948353
623	-89.413629405411	1288.110513266
624	-89.413629405411	1290.481929652
625	-89.413629405411	1292.688712529
626	-89.413629405411	1295.34409084
627	-89.413629405411	1297.854289418
628	-89.413629405411	1299.891125748
629	-89.413629405411	1301.816521396
630	-89.413629405411	1303.354270459
631	-89.413629405411	1305.411215998
632	-89.413629405411	1307.581033682
633	-89.413629405411	1309.736958379
634	-89.413629405411	1312.599967157
635	-89.413629405411	1314.659242781
636	-89.413629405411	1316.521317586
637	-89.413629405411	1318.619958336
638	-89.413629405411	1320.666817482
639	-89.413629405411	1323.168777371
640	-89.413629405411	1324.924956601
641	-89.413629405411	1327.398498744
642	-89.413629405411	1330.046366501
643	-89.413629405411	1332.467975939
644	-89.413629405411	1334.923211532
645	-89.413629405411	1338.001098188
646	-89.413629405411	1340.31757126
647	-89.413629405411	1341.898443008
648	-89.413629405411	1343.758594559
649	-89.413629405411	1345.902733695
650	-89.413629405411	1348.33728105
651	-89.413629405411	1350.458287825
652	-89.413629405411	1352.538312982
653	-89.413629405411	1355.058857674
654	-89.413629405411	1357.309300071
655	-89.413629405411	1359.17255118
656	-89.413629405411	1360.613824792
657	-89.413629405411	1362.596183655
658	-89.413629405411	1364.844023986
659	-89.413629405411	1366.941793199
660	-89.413629405411	1368.688498992
661	-89.413629405411	1370.699665326
662	-89.413629405411	1372.712426199
663	-89.413629405411	1374.303948829
664	-89.413629405411	1375.994537571
665	-89.413629405411	1377.360489817
666	-89.413629405411	1379.048897864
667	-89.413629405411	1380.839144007
668	-89.413629405411	1383.193838403
669	-89.413629405411	1385.872395831
670	-89.413629405411	1387.800059414
671	-89.413629405411	1388.973749835
672	-89.413629405411	1390.782992174
673	-89.413629405411	1392.496858105
674	-89.413629405411	1394.009683838
675	-89.413629405411	1395.917305209
676	-89.413629405411	1398.241666873
677	-89.413629405411	1400.253026502
678	-89.413629405411	1402.242750806
679	-89.413629405411	1404.516204684
680	-89.413629405411	1406.977011897
681	-89.413629405411	1410.07080574
682	-89.413629405411	1412.753766753
683	-89.413629405411	1415.3734303
684	-89.413629405411	1417.868003365
685	-89.413629405411	1419.755568556
686	-89.413629405411	1421.369283872
687	-89.413629405411	1423.236747836
688	-89.413629405411	1424.851284512
689	-89.413629405411	1426.590287596
690	-89.413629405411	1428.393075658
691	-89.413629405411	1429.869116948
692	-89.413629405411	1431.780264665
693	-89.413629405411	1433.9083783
694	-89.413629405411	1435.581130329
695	-89.413629405411	1437.154690234
696	-89.413629405411	1439.616608179
697	-89.413629405411	1441.98626182
698	-89.413629405411	1443.815092498
699	-89.413629405411	1445.78949064
700	-89.413629405411	1447.942032394
701	-89.413629405411	1449.684237385
702	-89.413629405411	1453.172230732
703	-89.413629405411	1455.119701037
704	-89.413629405411	1456.800412647
705	-89.413629405411	1458.830764766
706	-89.413629405411	1460.468072016
707	-89.413629405411	1462.688364427
708	-89.413629405411	1464.392892912
709	-89.413629405411	1466.295380855
710	-89.413629405411	1468.147628989
711	-89.413629405411	1469.779332688
712	-89.413629405411	1471.090333639
713	-89.413629405411	1472.336175735
714	-89.413629405411	1473.893516273
715	-89.413629405411	1475.412636628
716	-89.413629405411	1477.175271846
717	-89.413629405411	1479.324359954
718	-89.413629405411	1482.240905954
719	-89.413629405411	1485.989089682
720	-89.413629405411	1487.800623048
721	-89.413629405411	1489.579547194
722	-89.413629405411	1491.368976824
723	-89.413629405411	1493.542450002
724	-89.413629405411	1496.39291572
725	-89.413629405411	1498.399405633
726	-89.413629405411	1500.721160669
727	-89.413629405411	1502.417013129
728	-89.413629405411	1504.369592915
729	-89.413629405411	1506.531852433
730	-89.413629405411	1508.639657863
731	-89.413629405411	1510.605659088
732	-89.413629405411	1512.568703873
733	-89.413629405411	1514.042102328
734	-89.413629405411	1515.718099599
735	-89.413629405411	1517.137167696
736	-89.413629405411	1518.732460713
737	-89.413629405411	1520.558337232
738	-89.413629405411	1522.518230857
739	-89.413629405411	1524.799543961
740	-89.413629405411	1527.3236934
741	-89.413629405411	1529.160448307
742	-89.413629405411	1530.994084269
743	-89.413629405411	1532.850179482
744	-89.413629405411	1535.753383014
745	-89.413629405411	1537.255102852
746	-89.413629405411	1539.135573442
747	-89.413629405411	1541.430077914
748	-89.413629405411	1543.867592543
749	-89.413629405411	1546.181601535
750	-89.413629405411	1548.118159526
751	-89.413629405411	1549.729813602
752	-89.413629405411	1551.158800455
753	-89.413629405411	1553.181146523
754	-89.413629405411	1556.392624922
755	-89.413629405411	1559.385012873
756	-89.413629405411	1561.509439938
757	-89.413629405411	1563.192548061
758	-89.413629405411	1565.267588608
759	-89.413629405411	1567.845054891
760	-89.413629405411	1569.527396961
761	-89.413629405411	1571.315328984
762	-89.413629405411	1574.041961776
763	-89.413629405411	1575.883275359
764	-89.413629405411	1577.273537125
765	-89.413629405411	1579.491017925
766	-89.413629405411	1581.161901724
767	-89.413629405411	1582.922692658
768	-89.413629405411	1584.85425036
769	-89.413629405411	1587.378186263
770	-89.413629405411	1588.965096617
771	-89.413629405411	1591.25437757
772	-89.413629405411	1593.820527273
773	-89.413629405411	1595.615307289
774	-89.413629405411	1597.409758019
775	-89.413629405411	1599.991186274
776	-89.413629405411	1602.272039234
777	-89.413629405411	1605.223679915
778	-89.413629405411	1607.186812225
779	-89.413629405411	1609.410218164
780	-89.413629405411	1611.427532296
781	-89.413629405411	1614.526254014
782	-89.413629405411	1616.937492819
783	-89.413629405411	1618.486551904
784	-89.413629405411	1619.9702845
785	-89.413629405411	1621.625910274
786	-89.413629405411	1623.796208629
787	-89.413629405411	1626.360820528
788	-89.413629405411	1628.154308206
789	-89.413629405411	1629.715269742
790	-89.413629405411	1631.130048862
791	-89.413629405411	1632.858339484
792	-89.413629405411	1634.698685168
793	-89.413629405411	1636.201811668
794	-89.413629405411	1637.291924072
795	-89.413629405411	1638.693615316
796	-89.413629405411	1640.09892385
797	-89.413629405411	1642.119486931
798	-89.413629405411	1644.077790293
799	-89.413629405411	1645.92163866
800	-89.413629405411	1647.509852757
801	-89.413629405411	1650.092541133
802	-89.413629405411	1652.670383171
803	-89.413629405411	1655.177330235
804	-89.413629405411	1657.145418929
805	-89.413629405411	1659.272194611
806	-89.413629405411	1661.085965406
807	-89.413629405411	1662.703778684
808	-89.413629405411	1664.927427524
809	-89.413629405411	1667.549379247
810	-89.413629405411	1669.99874729
811	-89.413629405411	1672.940387108
812	-89.413629405411	1675.489172502
813	-89.413629405411	1677.706397856
814	-89.413629405411	1679.950647409
815	-89.413629405411	1681.605335219
816	-89.413629405411	1683.118620526
817	-89.413629405411	1685.341661542
818	-89.413629405411	1687.492769266
819	-89.413629405411	1689.487239269
820	-89.413629405411	1691.269495612
821	-89.413629405411	1693.021808948
822	-89.413629405411	1694.633973059
823	-89.413629405411	1696.696065141
824	-89.413629405411	1698.449362626
825	-89.413629405411	1700.099456123
826	-89.413629405411	1702.028207916
827	-89.413629405411	1704.062873814
828	-89.413629405411	1706.638532021
829	-89.413629405411	1708.609514149
830	-89.413629405411	1710.694423561
831	-89.413629405411	1713.015751239
832	-89.413629405411	1715.568552488
833	-89.413629405411	1718.421723476
834	-89.413629405411	1721.009347995
835	-89.413629405411	1723.823562684
836	-89.413629405411	1725.918123718
837	-89.413629405411	1728.36969669
838	-89.413629405411	1730.228246574
839	-89.413629405411	1731.953945108
840	-89.413629405411	1734.160624496
841	-89.413629405411	1736.017997507
842	-89.413629405411	1738.871713027
843	-89.413629405411	1740.384129077
844	-89.413629405411	1742.059706973
845	-89.413629405411	1743.959008689
846	-89.413629405411	1745.473694384
847	-89.413629405411	1747.321170591
848	-89.413629405411	1748.96674732
849	-89.413629405411	1751.453320607
850	-89.413629405411	1753.414670214
851	-89.413629405411	1754.89765586
852	-89.413629405411	1757.12155986
853	-89.413629405411	1759.611906385
854	-89.413629405411	1761.555097122
855	-89.413629405411	1763.465773006
856	-89.413629405411	1765.846750354
857	-89.413629405411	1767.748093923
858	-89.413629405411	1769.920676178
859	-89.413629405411	1771.600994641
860	-89.413629405411	1773.31395796
861	-89.413629405411	1775.439506306
862	-89.413629405411	1777.963126038
863	-89.413629405411	1779.573195837
864	-89.413629405411	1781.237719156
865	-89.413629405411	1783.138741708
866	-89.413629405411	1784.658350432
867	-89.413629405411	1785.93573492
868	-89.413629405411	1787.654774765
869	-89.413629405411	1789.370202449
870	-89.413629405411	1791.031368199
871	-89.413629405411	1792.583181591
872	-89.413629405411	1794.746124483
873	-89.413629405411	1796.299990848
874	-89.413629405411	1798.446794486
875	-89.413629405411	1800.225751704
876	-89.413629405411	1802.107567374
877	-89.413629405411	1804.190042927
878	-89.413629405411	1806.747124028
879	-89.413629405411	1809.275092606
880	-89.413629405411	1810.923320153
881	-89.413629405411	1812.508849506
882	-89.413629405411	1813.756163265
883	-89.413629405411	1815.56752928
884	-89.413629405411	1817.401553827
885	-89.413629405411	1819.337522526
886	-89.413629405411	1821.321142366
887	-89.413629405411	1822.87475186
888	-89.413629405411	1824.428845731
889	-89.413629405411	1826.583423637
890	-89.413629405411	1828.280707276
891	-89.413629405411	1829.618570491
892	-89.413629405411	1831.608095229
893	-89.413629405411	1834.274869947
894	-89.413629405411	1836.448873973
895	-89.413629405411	1838.937767651
896	-89.413629405411	1840.899335072
897	-89.413629405411	1842.658909219
898	-89.413629405411	1844.893452982
899	-89.413629405411	1847.603798555
900	-89.413629405411	1850.161722113
901	-89.413629405411	1852.316822885
902	-89.413629405411	1854.341413509
903	-89.413629405411	1856.117257769
904	-89.413629405411	1858.010369207
905	-89.413629405411	1859.50378507
906	-89.413629405411	1860.950976409
907	-89.413629405411	1862.390768951
908	-89.413629405411	1863.955749763
909	-89.413629405411	1865.396645339
910	-89.413629405411	1866.468215989
911	-89.413629405411	1867.987185529
912	-89.413629405411	1869.945572995
913	-89.413629405411	1871.846417647
914	-89.413629405411	1873.596709371
915	-89.413629405411	1875.237454303
916	-89.413629405411	1877.668608452
917	-89.413629405411	1879.764951048
918	-89.413629405411	1881.909781825
919	-89.413629405411	1884.140257276
920	-89.413629405411	1886.761173533
921	-89.413629405411	1889.214922923
922	-89.413629405411	1891.291431712
923	-89.413629405411	1893.538315548
924	-89.413629405411	1895.718986816
925	-89.413629405411	1899.668104403
926	-89.413629405411	1901.535720894
927	-89.413629405411	1903.521946506
928	-89.413629405411	1905.612128474
929	-89.413629405411	1907.742778318
930	-89.413629405411	1909.656733085
931	-89.413629405411	1911.673124934
932	-89.413629405411	1913.935935057
933	-89.413629405411	1915.638725315
934	-89.413629405411	1917.393908707
935	-89.413629405411	1919.263786005
936	-89.413629405411	1921.723992808
937	-89.413629405411	1923.993762966
938	-89.413629405411	1927.203341205
939	-89.413629405411	1930.203364298
940	-89.413629405411	1932.678272333
941	-89.413629405411	1935.302372536
942	-89.413629405411	1937.460532382
943	-89.413629405411	1939.347817038
944	-89.413629405411	1941.662324092
945	-89.413629405411	1943.279843722
946	-89.413629405411	1944.873261381
947	-89.413629405411	1946.585116819
948	-89.413629405411	1949.028427154
949	-89.413629405411	1950.611373256
950	-89.413629405411	1952.914480483
951	-89.413629405411	1957.221327878
952	-89.413629405411	1958.671044307
953	-89.413629405411	1960.285867789
954	-89.413629405411	1962.129774601
955	-89.413629405411	1964.024139603
956	-89.413629405411	1966.250533912
957	-89.413629405411	1968.006438026
958	-89.413629405411	1969.809451314
959	-89.413629405411	1972.112412857
960	-89.413629405411	1973.762192749
961	-89.413629405411	1975.692961592
962	-89.413629405411	1977.470344227
963	-89.413629405411	1979.357809919
964	-89.413629405411	1981.369392778
965	-89.413629405411	1983.393770721
966	-89.413629405411	1985.041345685
967	-89.413629405411	1986.207554916
968	-89.413629405411	1987.208624309
969	-89.413629405411	1988.531739251
970	-89.413629405411	1990.316454826
971	-89.413629405411	1992.242552095
972	-89.413629405411	1993.78289068
973	-89.413629405411	1995.90391285
974	-89.413629405411	1998.293592451
975	-89.413629405411	2001.133927871
976	-89.413629405411	2002.918417367
977	-89.413629405411	2004.762131168
978	-89.413629405411	2006.457567674
979	-89.413629405411	2008.512008364
980	-89.413629405411	2010.03519589
981	-89.413629405411	2012.037559047
982	-89.413629405411	2013.336995385
983	-89.413629405411	2015.436799324
984	-89.413629405411	2016.914823168
985	-89.413629405411	2018.872000689
986	-89.413629405411	2020.621885011
987	-89.413629405411	2022.795794956
988	-89.413629405411	2024.73216849
989	-89.413629405411	2026.605884884
990	-89.413629405411	2028.147892417
991	-89.413629405411	2030.108417244
992	-89.413629405411	2033.982367986
993	-89.413629405411	2036.349190628
994	-89.413629405411	2038.214522079
995	-89.413629405411	2040.11466169
996	-89.413629405411	2042.15681562
997	-89.413629405411	2044.782561965
998	-89.413629405411	2046.170129009
999	-89.413629405411	2047.58930031
1000	-89.413629405411	2050.118686383
1001	-89.413629405411	2053.44154873
1002	-89.413629405411	2055.298509777
1003	-89.413629405411	2057.79377705
1004	-89.413629405411	2059.646811763
1005	-89.413629405411	2061.8578189
1006	-89.413629405411	2063.60772546
1007	-89.413629405411	2065.570865467
1008	-89.413629405411	2067.185519887
1009	-89.413629405411	2069.038161168
1010	-89.413629405411	2071.267510207
1011	-89.413629405411	2072.838289861
1012	-89.413629405411	2074.936213596
1013	-89.413629405411	2077.049147322
1014	-89.413629405411	2080.568483494
1015	-89.413629405411	2082.115774703
1016	-89.413629405411	2083.905752856
1017	-89.413629405411	2085.210859457
1018	-89.413629405411	2086.61109985
1019	-89.413629405411	2087.959342821
1020	-89.413629405411	2089.52109179
1021	-89.413629405411	2091.315172752
1022	-89.413629405411	2093.497030303
1023	-89.413629405411	2095.451771113
1024	-89.413629405411	2097.242267569
1025	-89.413629405411	2099.426883419
1026	-89.413629405411	2100.89944968
1027	-89.413629405411	2102.376765347
1028	-89.413629405411	2103.986694309
1029	-89.413629405411	2106.042950202
1030	-89.413629405411	2108.029218579
1031	-89.413629405411	2109.434761177
1032	-89.413629405411	2111.081686123
1033	-89.413629405411	2112.451801903
1034	-89.413629405411	2113.815887914
1035	-89.413629405411	2115.547778436
1036	-89.413629405411	2117.074676196
1037	-89.413629405411	2118.966398078
1038	-89.413629405411	2120.390791473
1039	-89.413629405411	2122.365663729
1040	-89.413629405411	2123.865628235
1041	-89.413629405411	2125.310086649
1042	-89.413629405411	2127.312430989
1043	-89.413629405411	2128.572194012
1044	-89.413629405411	2130.218910268
1045	-89.413629405411	2131.748571743
1046	-89.413629405411	2133.439941076
1047	-89.413629405411	2135.291118107
1048	-89.413629405411	2137.492168
1049	-89.413629405411	2139.207315721
1050	-89.413629405411	2142.000316456
1051	-89.413629405411	2144.161056701
1052	-89.413629405411	2146.547927826
1053	-89.413629405411	2148.7110107
1054	-89.413629405411	2150.831748345
1055	-89.413629405411	2153.50999844
1056	-89.413629405411	2156.151848402
1057	-89.413629405411	2158.529031699
1058	-89.413629405411	2160.349215717
1059	-89.413629405411	2161.742481534
1060	-89.413629405411	2163.318542295
1061	-89.413629405411	2165.264884478
1062	-89.413629405411	2167.009510785
1063	-89.413629405411	2169.811109999
1064	-89.413629405411	2172.457943715
1065	-89.413629405411	2174.446284451
1066	-89.413629405411	2176.026535546
1067	-89.413629405411	2178.112804293
1068	-89.413629405411	2179.80291607
1069	-89.413629405411	2181.869215876
1070	-89.413629405411	2183.61542988
1071	-89.413629405411	2185.549424007
1072	-89.413629405411	2187.264606795
1073	-89.413629405411	2188.857811202
1074	-89.413629405411	2190.508712945
1075	-89.413629405411	2192.210702655
1076	-89.413629405411	2194.361274685
1077	-89.413629405411	2196.04325839
1078	-89.413629405411	2197.573627472
1079	-89.413629405411	2199.23011452
1080	-89.413629405411	2201.531886075
1081	-89.413629405411	2203.403198543
1082	-89.413629405411	2205.29206833
1083	-89.413629405411	2208.400057931
1084	-89.413629405411	2210.582976037
1085	-89.413629405411	2212.816413345
1086	-89.413629405411	2214.574234155
1087	-89.413629405411	2217.405307394
1088	-89.413629405411	2219.029121361
1089	-89.413629405411	2220.994827798
1090	-89.413629405411	2223.357150208
1091	-89.413629405411	2224.990360637
1092	-89.413629405411	2227.716799279
1093	-89.413629405411	2231.966677187
1094	-89.413629405411	2233.589064821
1095	-89.413629405411	2235.576349278
1096	-89.413629405411	2239.053246995
1097	-89.413629405411	2241.698327373
1098	-89.413629405411	2244.454101198
1099	-89.413629405411	2246.35642236
1100	-89.413629405411	2248.370975343
1101	-89.413629405411	2253.505421803
1102	-89.413629405411	2256.157585093
1103	-89.413629405411	2258.036190018
1104	-89.413629405411	2260.062566766
1105	-89.413629405411	2261.742592151
1106	-89.413629405411	2263.632236828
1107	-89.413629405411	2265.826364602
1108	-89.413629405411	2267.600128236
1109	-89.413629405411	2270.104258842
1110	-89.413629405411	2271.793203438
1111	-89.413629405411	2273.272692672
1112	-89.413629405411	2274.611739034
1113	-89.413629405411	2276.570911082
1114	-89.413629405411	2278.403659257
1115	-89.413629405411	2279.794772318
1116	-89.413629405411	2281.3430893
1117	-89.413629405411	2282.738274665
1118	-89.413629405411	2284.216352677
1119	-89.413629405411	2285.684093982
1120	-89.413629405411	2287.279965458
1121	-89.413629405411	2288.746277865
1122	-89.413629405411	2290.103245042
1123	-89.413629405411	2292.366112755
1124	-89.413629405411	2293.977949861
1125	-89.413629405411	2295.611377248
1126	-89.413629405411	2297.262149842
1127	-89.413629405411	2299.135965449
1128	-89.413629405411	2301.484045915
1129	-89.413629405411	2303.612446641
1130	-89.413629405411	2305.94243894
1131	-89.413629405411	2308.82888114
1132	-89.413629405411	2311.561591312
1133	-89.413629405411	2313.25300455
1134	-89.413629405411	2314.951955427
1135	-89.413629405411	2317.104156492
1136	-89.413629405411	2319.022752329
1137	-89.413629405411	2321.063668945
1138	-89.413629405411	2323.18979803
1139	-89.413629405411	2325.273402845
1140	-89.413629405411	2327.338184518
1141	-89.413629405411	2328.932051487
1142	-89.413629405411	2331.056923301
1143	-89.413629405411	2332.978118638
1144	-89.413629405411	2334.751815274
1145	-89.413629405411	2336.689133615
1146	-89.413629405411	2338.743463973
1147	-89.413629405411	2340.603644603
1148	-89.413629405411	2342.900847218
1149	-89.413629405411	2345.310933097
1150	-89.413629405411	2347.258267697
1151	-89.413629405411	2348.898927385
1152	-89.413629405411	2350.663199906
1153	-89.413629405411	2352.33147337
1154	-89.413629405411	2354.145027778
1155	-89.413629405411	2356.802646085
1156	-89.413629405411	2359.465757326
1157	-89.413629405411	2361.479441908
1158	-89.413629405411	2363.784551361
1159	-89.413629405411	2366.304780167
1160	-89.413629405411	2368.080136914
1161	-89.413629405411	2369.731215131
1162	-89.413629405411	2371.60994949
1163	-89.413629405411	2373.128544414
1164	-89.413629405411	2374.816515124
1165	-89.413629405411	2376.269708578
1166	-89.413629405411	2378.179967083
1167	-89.413629405411	2380.834409996
1168	-89.413629405411	2383.069752027
1169	-89.413629405411	2386.27353513
1170	-89.413629405411	2388.96989848
1171	-89.413629405411	2390.923047317
1172	-89.413629405411	2392.809745817
1173	-89.413629405411	2394.358891572
1174	-89.413629405411	2396.288640913
1175	-89.413629405411	2398.799213821
1176	-89.413629405411	2400.495282953
1177	-89.413629405411	2402.420369558
1178	-89.413629405411	2404.809452454
1179	-89.413629405411	2411.83670701
1180	-89.413629405411	2414.154372352
1181	-89.413629405411	2416.166999801
1182	-89.413629405411	2418.723779271
1183	-89.413629405411	2420.398730812
1184	-89.413629405411	2421.884457365
1185	-89.413629405411	2423.998487569
1186	-89.413629405411	2425.962092566
1187	-89.413629405411	2429.764226335
1188	-89.413629405411	2431.706372197
1189	-89.413629405411	2433.767322187
1190	-89.413629405411	2435.051747678
1191	-89.413629405411	2436.711920725
1192	-89.413629405411	2438.340093517
1193	-89.413629405411	2440.020880677
1194	-89.413629405411	2441.771230845
1195	-89.413629405411	2443.9157235
1196	-89.413629405411	2448.459978726
1197	-89.413629405411	2450.348596489
1198	-89.413629405411	2452.068787264
1199	-89.413629405411	2453.786965264
1200	-89.413629405411	2455.702232326
1201	-89.413629405411	2457.737283673
1202	-89.413629405411	2459.557022942
1203	-89.413629405411	2461.049078329
1204	-89.413629405411	2462.360632365
1205	-89.413629405411	2463.918975298
1206	-89.413629405411	2465.292909077
1207	-89.413629405411	2466.740581657
1208	-89.413629405411	2468.383145498
1209	-89.413629405411	2469.582121036
1210	-89.413629405411	2471.122084436
1211	-89.413629405411	2473.290638577
1212	-89.413629405411	2475.218101167
1213	-89.413629405411	2477.313087849
1214	-89.413629405411	2478.838456071
1215	-89.413629405411	2480.760859643
1216	-89.413629405411	2483.261254927
1217	-89.413629405411	2485.833241675
1218	-89.413629405411	2488.518009338
1219	-89.413629405411	2490.484696218
1220	-89.413629405411	2492.914853103
1221	-89.413629405411	2496.189642083
1222	-89.413629405411	2499.071534444
1223	-89.413629405411	2501.424332385
1224	-89.413629405411	2503.928756069
1225	-89.413629405411	2506.10895864
1226	-89.413629405411	2508.187753895
1227	-89.413629405411	2510.199181092
1228	-89.413629405411	2512.158357417
1229	-89.413629405411	2514.482186237
1230	-89.413629405411	2517.19704202
1231	-89.413629405411	2518.731104799
1232	-89.413629405411	2520.916392334
1233	-89.413629405411	2522.693556016
1234	-89.413629405411	2524.887395274
1235	-89.413629405411	2527.160978584
1236	-89.413629405411	2529.699575236
1237	-89.413629405411	2531.630853259
1238	-89.413629405411	2534.074996073
1239	-89.413629405411	2536.744738349
1240	-89.413629405411	2538.51632813
1241	-89.413629405411	2540.194259204
1242	-89.413629405411	2541.960384845
1243	-89.413629405411	2544.016869669
1244	-89.413629405411	2545.487133214
1245	-89.413629405411	2546.889210762
1246	-89.413629405411	2548.286724216
1247	-89.413629405411	2549.9478147
1248	-89.413629405411	2552.198434427
1249	-89.413629405411	2554.817511533
1250	-89.413629405411	2556.67939732
1251	-89.413629405411	2559.27147617
1252	-89.413629405411	2561.540967221
1253	-89.413629405411	2563.556441347
1254	-89.413629405411	2565.296766704
1255	-89.413629405411	2567.132224711
1256	-89.413629405411	2568.86180653
1257	-89.413629405411	2570.981864792
1258	-89.413629405411	2573.00624245
1259	-89.413629405411	2575.233860104
1260	-89.413629405411	2577.22938268
1261	-89.413629405411	2579.244045425
1262	-89.413629405411	2581.578604098
1263	-89.413629405411	2583.661662671
1264	-89.413629405411	2585.618047056
1265	-89.413629405411	2590.628978472
1266	-89.413629405411	2593.359236252
1267	-89.413629405411	2595.49652882
1268	-89.413629405411	2597.892068559
1269	-89.413629405411	2600.067704186
1270	-89.413629405411	2602.433924137
1271	-89.413629405411	2604.852074226
1272	-89.413629405411	2606.995411103
1273	-89.413629405411	2609.074198946
1274	-89.413629405411	2611.113270994
1275	-89.413629405411	2613.781253662
1276	-89.413629405411	2615.560288996
1277	-89.413629405411	2617.147400628
1278	-89.413629405411	2618.709628273
1279	-89.413629405411	2620.870489398
1280	-89.413629405411	2623.242664993
1281	-89.413629405411	2625.94960624
1282	-89.413629405411	2629.515740263
1283	-89.413629405411	2632.129871248
1284	-89.413629405411	2635.098709458
1285	-89.413629405411	2637.048812905
1286	-89.413629405411	2639.116230285
1287	-89.413629405411	2640.735529196
1288	-89.413629405411	2642.754405937
1289	-89.413629405411	2644.897307188
1290	-89.413629405411	2646.252806123
1291	-89.413629405411	2647.416140167
1292	-89.413629405411	2649.08173744
1293	-89.413629405411	2650.805416358
1294	-89.413629405411	2652.200756529
1295	-89.413629405411	2654.203818455
1296	-89.413629405411	2656.72029626
1297	-89.413629405411	2659.309728854
1298	-89.413629405411	2661.175950943
1299	-89.413629405411	2664.249234447
1300	-89.413629405411	2667.014949836
1301	-89.413629405411	2669.03455357
1302	-89.413629405411	2671.231814259
1303	-89.413629405411	2672.769234607
1304	-89.413629405411	2674.765165154
1305	-89.413629405411	2676.914179137
1306	-89.413629405411	2678.559965412
1307	-89.413629405411	2680.202339094
1308	-89.413629405411	2682.902564918
1309	-89.413629405411	2684.652824141
1310	-89.413629405411	2686.271757274
1311	-89.413629405411	2687.788448901
1312	-89.413629405411	2689.319006431
1313	-89.413629405411	2691.037325554
1314	-89.413629405411	2693.070836245
1315	-89.413629405411	2695.243944786
1316	-89.413629405411	2696.948041922
1317	-89.413629405411	2698.948047623
1318	-89.413629405411	2701.195310636
1319	-89.413629405411	2703.6315583
1320	-89.413629405411	2705.768028368
1321	-89.413629405411	2709.093048318
1322	-89.413629405411	2712.215147293
1323	-89.413629405411	2714.533237997
1324	-89.413629405411	2716.646332233
1325	-89.413629405411	2719.256254638
1326	-89.413629405411	2721.558274796
1327	-89.413629405411	2724.002097732
1328	-89.413629405411	2725.912039496
1329	-89.413629405411	2728.456789363
1330	-89.413629405411	2730.230530474
1331	-89.413629405411	2732.023532065
1332	-89.413629405411	2734.233027625
1333	-89.413629405411	2736.112761244
1334	-89.413629405411	2738.208482046
1335	-89.413629405411	2739.898051857
1336	-89.413629405411	2741.670950796
1337	-89.413629405411	2743.326449703
1338	-89.413629405411	2745.427117482
1339	-89.413629405411	2747.594628459
1340	-89.413629405411	2749.363450248
1341	-89.413629405411	2751.916804011
1342	-89.413629405411	2753.972876302
1343	-89.413629405411	2755.781649089
1344	-89.413629405411	2757.701012402
1345	-89.413629405411	2759.560538454
1346	-89.413629405411	2761.561026252
1347	-89.413629405411	2764.066928441
1348	-89.413629405411	2766.464159081
1349	-89.413629405411	2768.829597585
1350	-89.413629405411	2771.069728934
1351	-89.413629405411	2772.836073243
1352	-89.413629405411	2774.960208656
1353	-89.413629405411	2777.336113584
1354	-89.413629405411	2779.588983569
1355	-89.413629405411	2781.829777765
1356	-89.413629405411	2784.24444912
1357	-89.413629405411	2785.905861192
1358	-89.413629405411	2787.571418837
1359	-89.413629405411	2789.545884262
1360	-89.413629405411	2791.896234088
1361	-89.413629405411	2793.840903901
1362	-89.413629405411	2796.176047875
1363	-89.413629405411	2798.397774887
1364	-89.413629405411	2800.236629807
1365	-89.413629405411	2803.318846492
1366	-89.413629405411	2805.41609056
1367	-89.413629405411	2807.622708652
1368	-89.413629405411	2810.117018859
1369	-89.413629405411	2811.71925281
1370	-89.413629405411	2813.840225659
1371	-89.413629405411	2815.517067953
1372	-89.413629405411	2817.239201083
1373	-89.413629405411	2819.153796459
1374	-89.413629405411	2820.889080473
1375	-89.413629405411	2823.354873151
1376	-89.413629405411	2826.049279321
1377	-89.413629405411	2827.970517708
1378	-89.413629405411	2830.386498791
1379	-89.413629405411	2832.44917874
1380	-89.413629405411	2835.025420822
1381	-89.413629405411	2837.115979686
1382	-89.413629405411	2839.126913668
1383	-89.413629405411	2841.328134047
1384	-89.413629405411	2843.556295093
1385	-89.413629405411	2845.604286353
1386	-89.413629405411	2847.57805643
1387	-89.413629405411	2849.389754011
1388	-89.413629405411	2851.418836314
1389	-89.413629405411	2854.227623071
1390	-89.413629405411	2856.738686058
1391	-89.413629405411	2858.703947175
1392	-89.413629405411	2860.500953217
1393	-89.413629405411	2862.609235896
1394	-89.413629405411	2866.080414312
1395	-89.413629405411	2867.956291729
1396	-89.413629405411	2870.34485119
1397	-89.413629405411	2872.318524049
1398	-89.413629405411	2874.321249277
1399	-89.413629405411	2876.557468546
1400	-89.413629405411	2878.486489753
1401	-89.413629405411	2880.748255857
1402	-89.413629405411	2883.493747714
1403	-89.413629405411	2887.292354566
1404	-89.413629405411	2889.291960564
1405	-89.413629405411	2891.619708592
1406	-89.413629405411	2894.451708107
1407	-89.413629405411	2897.020651175
1408	-89.413629405411	2899.233907145
1409	-89.413629405411	2901.482818579
1410	-89.413629405411	2903.086534742
1411	-89.413629405411	2904.633258325
1412	-89.413629405411	2906.32832164
1413	-89.413629405411	2908.23168112
1414	-89.413629405411	2911.134940816
1415	-89.413629405411	2913.851492917
1416	-89.413629405411	2917.112622972
1417	-89.413629405411	2920.002435571
1418	-89.413629405411	2921.695948537
1419	-89.413629405411	2923.668428557
1420	-89.413629405411	2925.69927389
1421	-89.413629405411	2928.094476076
1422	-89.413629405411	2929.904915245
1423	-89.413629405411	2931.86429969
1424	-89.413629405411	2933.629526425
1425	-89.413629405411	2935.18687295
1426	-89.413629405411	2936.868006216
1427	-89.413629405411	2938.612306659
1428	-89.413629405411	2941.278649172
1429	-89.413629405411	2946.22394819
1430	-89.413629405411	2947.944917845
1431	-89.413629405411	2949.510800129
1432	-89.413629405411	2951.293989874
1433	-89.413629405411	2953.337670776
1434	-89.413629405411	2955.651447415
1435	-89.413629405411	2957.489807409
1436	-89.413629405411	2959.282055493
1437	-89.413629405411	2960.605652816
1438	-89.413629405411	2962.396616259
1439	-89.413629405411	2964.226612407
1440	-89.413629405411	2965.969424367
1441	-89.413629405411	2967.79053751
1442	-89.413629405411	2970.949594837
1443	-89.413629405411	2973.150250157
1444	-89.413629405411	2975.213666222
1445	-89.413629405411	2978.438593715
1446	-89.413629405411	2980.658763535
1447	-89.413629405411	2982.869975371
1448	-89.413629405411	2985.048367586
1449	-89.413629405411	2987.716632783
1450	-89.413629405411	2989.926308809
1451	-89.413629405411	2991.679546139
1452	-89.413629405411	2993.691239045
1453	-89.413629405411	2996.212576587
1454	-89.413629405411	2999.505634769
1455	-89.413629405411	3001.971815462
1456	-89.413629405411	3004.512436577
1457	-89.413629405411	3006.478502804
1458	-89.413629405411	3008.2116295
1459	-89.413629405411	3010.077196154
1460	-89.413629405411	3011.749204085
1461	-89.413629405411	3013.119261135
1462	-89.413629405411	3014.88433905
1463	-89.413629405411	3016.229753589
1464	-89.413629405411	3017.451704971
1465	-89.413629405411	3018.979196014
1466	-89.413629405411	3020.389299569
1467	-89.413629405411	3021.939156351
1468	-89.413629405411	3023.409879755
1469	-89.413629405411	3024.923559919
1470	-89.413629405411	3026.567964621
1471	-89.413629405411	3027.879971103
1472	-89.413629405411	3029.493693831
1473	-89.413629405411	3031.194345873
1474	-89.413629405411	3032.743463973
1475	-89.413629405411	3035.073471097
1476	-89.413629405411	3037.284337397
1477	-89.413629405411	3039.557467976
1478	-89.413629405411	3041.183880018
1479	-89.413629405411	3043.378386114
1480	-89.413629405411	3045.822147185
1481	-89.413629405411	3049.116671898
1482	-89.413629405411	3051.915824994
1483	-89.413629405411	3055.711259589
1484	-89.413629405411	3057.810450003
1485	-89.413629405411	3060.97488537
1486	-89.413629405411	3062.90046462
1487	-89.413629405411	3065.211488948
1488	-89.413629405411	3067.890145305
1489	-89.413629405411	3070.603096365
1490	-89.413629405411	3073.917154394
1491	-89.413629405411	3076.216859862
1492	-89.413629405411	3078.819325595
1493	-89.413629405411	3080.740665761
1494	-89.413629405411	3082.954677518
1495	-89.413629405411	3085.093314312
1496	-89.413629405411	3087.323541159
1497	-89.413629405411	3089.296548606
1498	-89.413629405411	3090.910359143
1499	-89.413629405411	3092.201666554
1500	-89.413629405411	3094.328886129
1501	-89.413629405411	3096.093544954
1502	-89.413629405411	3098.196030502
1503	-89.413629405411	3100.648957106
1504	-89.413629405411	3103.077663711
1505	-89.413629405411	3105.638786326
1506	-89.413629405411	3108.092064168
1507	-89.413629405411	3111.632730328
1508	-89.413629405411	3114.364082305
1509	-89.413629405411	3117.426415577
1510	-89.413629405411	3120.395199905
1511	-89.413629405411	3122.448170642
1512	-89.413629405411	3124.306944327
1513	-89.413629405411	3126.452768947
1514	-89.413629405411	3128.521475244
1515	-89.413629405411	3130.234445405
1516	-89.413629405411	3132.160806672
1517	-89.413629405411	3134.000569051
1518	-89.413629405411	3135.975384287
1519	-89.413629405411	3137.58959909
1520	-89.413629405411	3139.631394085
1521	-89.413629405411	3141.708473351
1522	-89.413629405411	3143.388568584
1523	-89.413629405411	3144.644092808
1524	-89.413629405411	3146.097802285
1525	-89.413629405411	3147.396318334
1526	-89.413629405411	3148.679091127
1527	-89.413629405411	3150.15242515
1528	-89.413629405411	3151.650327275
1529	-89.413629405411	3153.47156187
1530	-89.413629405411	3155.29175444
1531	-89.413629405411	3156.861443033
1532	-89.413629405411	3158.985356356
1533	-89.413629405411	3160.524994177
1534	-89.413629405411	3163.410173118
1535	-89.413629405411	3165.294877091
1536	-89.413629405411	3167.202680924
1537	-89.413629405411	3168.881998417
1538	-89.413629405411	3170.105726798
1539	-89.413629405411	3171.555678147
1540	-89.413629405411	3173.330654006
1541	-89.413629405411	3175.114362625
1542	-89.413629405411	3176.499519186
1543	-89.413629405411	3178.622717205
1544	-89.413629405411	3180.812878731
1545	-89.413629405411	3182.830072269
1546	-89.413629405411	3184.802398337
1547	-89.413629405411	3186.47392189
1548	-89.413629405411	3189.411586052
1549	-89.413629405411	3191.730981068
1550	-89.413629405411	3193.923998681
1551	-89.413629405411	3197.043829722
1552	-89.413629405411	3198.888071235
1553	-89.413629405411	3201.575009615
1554	-89.413629405411	3203.718570577
1555	-89.413629405411	3207.226310776
1556	-89.413629405411	3208.955550766
1557	-89.413629405411	3211.189877001
1558	-89.413629405411	3212.778867983
1559	-89.413629405411	3215.149627794
1560	-89.413629405411	3216.548056975
1561	-89.413629405411	3218.518816158
1562	-89.413629405411	3220.336654981
1563	-89.413629405411	3221.653327905
1564	-89.413629405411	3223.117669162
1565	-89.413629405411	3225.510602558
1566	-89.413629405411	3227.698162303
1567	-89.413629405411	3229.777880127
1568	-89.413629405411	3231.368268647
1569	-89.413629405411	3232.911322481
1570	-89.413629405411	3235.620831869
1571	-89.413629405411	3237.558604081
1572	-89.413629405411	3239.517546913
1573	-89.413629405411	3241.792278303
1574	-89.413629405411	3244.316730514
1575	-89.413629405411	3246.465815771
1576	-89.413629405411	3248.334028966
1577	-89.413629405411	3250.363292305
1578	-89.413629405411	3252.62782412
1579	-89.413629405411	3254.661614775
1580	-89.413629405411	3256.182937207
1581	-89.413629405411	3258.092060177
1582	-89.413629405411	3260.182608492
1583	-89.413629405411	3261.860251905
1584	-89.413629405411	3263.686046031
1585	-89.413629405411	3264.881697356
1586	-89.413629405411	3266.462507238
1587	-89.413629405411	3268.187507288
1588	-89.413629405411	3270.253534827
1589	-89.413629405411	3272.797987055
1590	-89.413629405411	3274.446263639
1591	-89.413629405411	3276.895748856
1592	-89.413629405411	3279.870354833
1593	-89.413629405411	3286.997304137
1594	-89.413629405411	3290.053810344
1595	-89.413629405411	3292.336493617
1596	-89.413629405411	3295.178100278
1597	-89.413629405411	3297.358433993
1598	-89.413629405411	3299.122502956
1599	-89.413629405411	3300.463450049
1600	-89.413629405411	3302.09051553
1601	-89.413629405411	3303.650375171
1602	-89.413629405411	3304.87794778
1603	-89.413629405411	3306.636703703
1604	-89.413629405411	3308.213202657
1605	-89.413629405411	3310.055650635
1606	-89.413629405411	3311.927546694
1607	-89.413629405411	3313.332423594
1608	-89.413629405411	3314.601867888
1609	-89.413629405411	3315.73557139
1610	-89.413629405411	3317.488440947
1611	-89.413629405411	3320.589636723
1612	-89.413629405411	3322.928009118
1613	-89.413629405411	3325.012990375
1614	-89.413629405411	3326.568488341
1615	-89.413629405411	3328.083575166
1616	-89.413629405411	3330.084281347
1617	-89.413629405411	3332.620868361
1618	-89.413629405411	3334.777594746
1619	-89.413629405411	3336.87982827
1620	-89.413629405411	3338.403179442
1621	-89.413629405411	3339.691463985
1622	-89.413629405411	3341.460170595
1623	-89.413629405411	3343.205536155
1624	-89.413629405411	3345.02587612
1625	-89.413629405411	3346.768920432
1626	-89.413629405411	3348.547122147
1627	-89.413629405411	3349.760405486
1628	-89.413629405411	3351.218289615
1629	-89.413629405411	3353.098787289
1630	-89.413629405411	3354.612853472
1631	-89.413629405411	3357.465455695
1632	-89.413629405411	3359.821899152
1633	-89.413629405411	3362.050556264
1634	-89.413629405411	3363.51217714
1635	-89.413629405411	3365.32263142
1636	-89.413629405411	3367.341186858
1637	-89.413629405411	3368.676229054
1638	-89.413629405411	3369.918899748
1639	-89.413629405411	3371.344757679
1640	-89.413629405411	3372.827742754
1641	-89.413629405411	3374.550930167
1642	-89.413629405411	3376.5594511
1643	-89.413629405411	3379.250707821
1644	-89.413629405411	3380.788845184
1645	-89.413629405411	3382.18832095
1646	-89.413629405411	3383.747859574
1647	-89.413629405411	3385.269525262
1648	-89.413629405411	3387.208963002
1649	-89.413629405411	3389.084563877
1650	-89.413629405411	3391.001810926
1651	-89.413629405411	3392.484801988
1652	-89.413629405411	3394.6467881
1653	-89.413629405411	3396.470311726
1654	-89.413629405411	3398.50571032
1655	-89.413629405411	3400.849782914
1656	-89.413629405411	3402.999355114
1657	-89.413629405411	3405.194921765
1658	-89.413629405411	3407.270824727
1659	-89.413629405411	3408.822071065
1660	-89.413629405411	3410.608170494
1661	-89.413629405411	3412.436396484
1662	-89.413629405411	3414.429688188
1663	-89.413629405411	3417.126283322
1664	-89.413629405411	3419.233742645
1665	-89.413629405411	3421.282487982
1666	-89.413629405411	3423.32669232
1667	-89.413629405411	3426.358190237
1668	-89.413629405411	3428.468288404
1669	-89.413629405411	3430.782599882
1670	-89.413629405411	3433.016125855
1671	-89.413629405411	3435.987669051
1672	-89.413629405411	3438.772489827
1673	-89.413629405411	3445.547817494
1674	-89.413629405411	3447.29669657
1675	-89.413629405411	3449.444503459
1676	-89.413629405411	3451.593435905
1677	-89.413629405411	3453.539097279
1678	-89.413629405411	3455.29335069
1679	-89.413629405411	3457.348338193
1680	-89.413629405411	3459.252651887
1681	-89.413629405411	3461.129881511
1682	-89.413629405411	3462.60276822
1683	-89.413629405411	3464.374026435
1684	-89.413629405411	3465.82850909
1685	-89.413629405411	3467.598256584
1686	-89.413629405411	3469.046568349
1687	-89.413629405411	3471.043463944
1688	-89.413629405411	3472.310701885
1689	-89.413629405411	3474.04024037
1690	-89.413629405411	3475.579274358
1691	-89.413629405411	3476.978569659
1692	-89.413629405411	3479.270580115
1693	-89.413629405411	3481.360698792
1694	-89.413629405411	3483.841330974
1695	-89.413629405411	3485.492620446
1696	-89.413629405411	3487.973100958
1697	-89.413629405411	3490.701449739
1698	-89.413629405411	3492.691796692
1699	-89.413629405411	3495.336962313
1700	-89.413629405411	3497.355291956
1701	-89.413629405411	3499.402355801
1702	-89.413629405411	3501.844810849
1703	-89.413629405411	3503.928188158
1704	-89.413629405411	3505.434426475
1705	-89.413629405411	3506.710525183
1706	-89.413629405411	3508.451098287
1707	-89.413629405411	3510.48317837
1708	-89.413629405411	3512.896445629
1709	-89.413629405411	3515.117171956
1710	-89.413629405411	3517.16904479
1711	-89.413629405411	3519.292145876
1712	-89.413629405411	3521.308753828
1713	-89.413629405411	3523.233001967
1714	-89.413629405411	3525.47993997
1715	-89.413629405411	3527.568281647
1716	-89.413629405411	3528.909260385
1717	-89.413629405411	3530.604304884
1718	-89.413629405411	3532.502002653
1719	-89.413629405411	3534.348751296
1720	-89.413629405411	3536.324119333
1721	-89.413629405411	3537.781333773
1722	-89.413629405411	3539.352850399
1723	-89.413629405411	3540.773116752
1724	-89.413629405411	3542.582089676
1725	-89.413629405411	3544.516733251
1726	-89.413629405411	3545.826579564
1727	-89.413629405411	3547.52170503
1728	-89.413629405411	3550.096820131
1729	-89.413629405411	3551.591335607
1730	-89.413629405411	3553.039033275
1731	-89.413629405411	3554.971859367
1732	-89.413629405411	3557.443034932
1733	-89.413629405411	3559.969736261
1734	-89.413629405411	3562.699479444
1735	-89.413629405411	3565.103247323
1736	-89.413629405411	3568.043179419
1737	-89.413629405411	3570.806450114
1738	-89.413629405411	3572.251515211
1739	-89.413629405411	3573.706273839
1740	-89.413629405411	3575.044901395
1741	-89.413629405411	3577.361682086
1742	-89.413629405411	3579.344208015
1743	-89.413629405411	3580.800607082
1744	-89.413629405411	3582.295817621
1745	-89.413629405411	3584.218868359
1746	-89.413629405411	3586.63055676
1747	-89.413629405411	3588.529730183
1748	-89.413629405411	3590.091806442
1749	-89.413629405411	3593.129302768
1750	-89.413629405411	3595.379253375
1751	-89.413629405411	3597.202665529
1752	-89.413629405411	3599.043813471
1753	-89.413629405411	3602.019443511
1754	-89.413629405411	3604.515328015
1755	-89.413629405411	3606.876951086
1756	-89.413629405411	3608.842204791
1757	-89.413629405411	3611.201622079
1758	-89.413629405411	3613.778745107
1759	-89.413629405411	3616.307662197
1760	-89.413629405411	3618.497867058
1761	-89.413629405411	3620.873456386
1762	-89.413629405411	3622.742925712
1763	-89.413629405411	3624.249219337
1764	-89.413629405411	3626.738895318
1765	-89.413629405411	3628.839903501
1766	-89.413629405411	3631.12258934
1767	-89.413629405411	3632.951716232
1768	-89.413629405411	3635.224353881
1769	-89.413629405411	3638.344405586
1770	-89.413629405411	3640.288451895
1771	-89.413629405411	3643.454303331
1772	-89.413629405411	3645.474959923
1773	-89.413629405411	3647.698860217
1774	-89.413629405411	3650.102671145
1775	-89.413629405411	3653.199499543
1776	-89.413629405411	3655.006475943
1777	-89.413629405411	3657.314054038
1778	-89.413629405411	3659.016235902
1779	-89.413629405411	3661.284020656
1780	-89.413629405411	3663.940425596
1781	-89.413629405411	3666.907623367
1782	-89.413629405411	3668.947060623
1783	-89.413629405411	3672.231491246
1784	-89.413629405411	3674.6528498
1785	-89.413629405411	3677.069575553
1786	-89.413629405411	3679.015667706
1787	-89.413629405411	3680.864348156
1788	-89.413629405411	3682.414470362
1789	-89.413629405411	3684.083569749
1790	-89.413629405411	3685.735264342
1791	-89.413629405411	3688.318737016
1792	-89.413629405411	3690.512110998
1793	-89.413629405411	3692.544991343
1794	-89.413629405411	3694.318460473
1795	-89.413629405411	3695.872201111
1796	-89.413629405411	3697.496352346
1797	-89.413629405411	3698.822136637
1798	-89.413629405411	3700.979845746
1799	-89.413629405411	3702.647094863
1800	-89.413629405411	3704.440009214
1801	-89.413629405411	3707.434496608
1802	-89.413629405411	3708.970263403
1803	-89.413629405411	3710.576689682
1804	-89.413629405411	3711.832756443
1805	-89.413629405411	3713.743991969
1806	-89.413629405411	3715.382279378
1807	-89.413629405411	3716.912998272
1808	-89.413629405411	3718.603988999
1809	-89.413629405411	3720.648939145
1810	-89.413629405411	3722.916448212
1811	-89.413629405411	3724.953021399
1812	-89.413629405411	3726.871931981
1813	-89.413629405411	3728.732270269
1814	-89.413629405411	3730.418778155
1815	-89.413629405411	3731.76161429
1816	-89.413629405411	3733.248563048
1817	-89.413629405411	3734.692165605
1818	-89.413629405411	3736.247135289
1819	-89.413629405411	3737.592266728
1820	-89.413629405411	3738.906677135
1821	-89.413629405411	3741.363262085
1822	-89.413629405411	3742.870673569
1823	-89.413629405411	3744.337779397
1824	-89.413629405411	3746.090847381
1825	-89.413629405411	3748.274840012
1826	-89.413629405411	3750.557768752
1827	-89.413629405411	3752.410902678
1828	-89.413629405411	3754.370972492
1829	-89.413629405411	3756.01109449
1830	-89.413629405411	3757.802639813
1831	-89.413629405411	3759.336471379
1832	-89.413629405411	3760.653653484
1833	-89.413629405411	3762.428951787
1834	-89.413629405411	3764.256085862
1835	-89.413629405411	3766.323826255
1836	-89.413629405411	3768.89543354
1837	-89.413629405411	3771.255658503
1838	-89.413629405411	3773.945586964
1839	-89.413629405411	3776.741228824
1840	-89.413629405411	3780.152241549
1841	-89.413629405411	3783.078850849
1842	-89.413629405411	3785.966528367
1843	-89.413629405411	3788.104376301
1844	-89.413629405411	3790.0025995
1845	-89.413629405411	3792.031099354
1846	-89.413629405411	3794.006407521
1847	-89.413629405411	3796.752080698
1848	-89.413629405411	3799.423255579
1849	-89.413629405411	3801.524274881
1850	-89.413629405411	3803.336918409
1851	-89.413629405411	3805.009942989
1852	-89.413629405411	3806.514950549
1853	-89.413629405411	3808.292850918
1854	-89.413629405411	3809.767868715
1855	-89.413629405411	3811.442752118
1856	-89.413629405411	3814.378369294
1857	-89.413629405411	3816.098874243
1858	-89.413629405411	3817.729794215
1859	-89.413629405411	3819.258839028
1860	-89.413629405411	3820.923927122
1861	-89.413629405411	3822.494823379
1862	-89.413629405411	3824.611334768
1863	-89.413629405411	3827.117520342
1864	-89.413629405411	3829.031374756
1865	-89.413629405411	3831.027166462
1866	-89.413629405411	3832.897173763
1867	-89.413629405411	3834.830855711
1868	-89.413629405411	3837.161019923
1869	-89.413629405411	3840.076032965
1870	-89.413629405411	3842.161549346
1871	-89.413629405411	3844.007261667
1872	-89.413629405411	3845.577246189
1873	-89.413629405411	3847.247021251
1874	-89.413629405411	3848.720172528
1875	-89.413629405411	3850.752162805
1876	-89.413629405411	3852.571466448
1877	-89.413629405411	3854.225548431
1878	-89.413629405411	3855.922458595
1879	-89.413629405411	3858.016185725
1880	-89.413629405411	3859.589797517
1881	-89.413629405411	3860.884163432
1882	-89.413629405411	3862.645546795
1883	-89.413629405411	3864.640953907
1884	-89.413629405411	3867.199036548
1885	-89.413629405411	3869.987015327
1886	-89.413629405411	3872.511293344
1887	-89.413629405411	3874.594378431
1888	-89.413629405411	3878.109204393
1889	-89.413629405411	3880.240657065
1890	-89.413629405411	3882.051166938
1891	-89.413629405411	3883.81318749
1892	-89.413629405411	3885.53765213
1893	-89.413629405411	3886.880839218
1894	-89.413629405411	3888.289044893
1895	-89.413629405411	3889.852968571
1896	-89.413629405411	3891.384841816
1897	-89.413629405411	3892.602580057
1898	-89.413629405411	3894.594203097
1899	-89.413629405411	3896.30048777
1900	-89.413629405411	3897.856066988
1901	-89.413629405411	3899.370379493
1902	-89.413629405411	3901.128165807
1903	-89.413629405411	3903.577022674
1904	-89.413629405411	3905.364649075
1905	-89.413629405411	3907.52425692
1906	-89.413629405411	3909.563420199
1907	-89.413629405411	3911.361741386
1908	-89.413629405411	3912.611820001
1909	-89.413629405411	3914.073059419
1910	-89.413629405411	3915.955366024
1911	-89.413629405411	3918.287500531
1912	-89.413629405411	3919.784577019
1913	-89.413629405411	3921.128471144
1914	-89.413629405411	3922.287594898
1915	-89.413629405411	3923.445190254
1916	-89.413629405411	3925.1154534
1917	-89.413629405411	3926.774713857
1918	-89.413629405411	3929.374011325
1919	-89.413629405411	3931.788666429
1920	-89.413629405411	3933.456930771
1921	-89.413629405411	3935.624075685
1922	-89.413629405411	3937.774912853
1923	-89.413629405411	3939.380799448
1924	-89.413629405411	3940.706384456
1925	-89.413629405411	3942.183849513
1926	-89.413629405411	3944.138842062
1927	-89.413629405411	3945.825660702
1928	-89.413629405411	3948.074015059
1929	-89.413629405411	3949.651304012
1930	-89.413629405411	3951.132623845
1931	-89.413629405411	3952.890749422
1932	-89.413629405411	3954.549917793
1933	-89.413629405411	3956.233607225
1934	-89.413629405411	3957.666435454
1935	-89.413629405411	3959.320797686
1936	-89.413629405411	3961.008616725
1937	-89.413629405411	3962.267084274
1938	-89.413629405411	3963.632147878
1939	-89.413629405411	3964.842015488
1940	-89.413629405411	3966.109087218
1941	-89.413629405411	3967.30365347
1942	-89.413629405411	3968.515564359
1943	-89.413629405411	3969.561627234
1944	-89.413629405411	3970.821342931
1945	-89.413629405411	3972.338449086
1946	-89.413629405411	3973.720273167
1947	-89.413629405411	3975.984527299
1948	-89.413629405411	3977.527797235
1949	-89.413629405411	3979.232301487
1950	-89.413629405411	3980.957536456
1951	-89.413629405411	3982.458489387
1952	-89.413629405411	3983.661667518
1953	-89.413629405411	3984.873744333
1954	-89.413629405411	3985.994516474
1955	-89.413629405411	3987.251846777
1956	-89.413629405411	3989.237709748
1957	-89.413629405411	3991.391876832
1958	-89.413629405411	3993.271827693
1959	-89.413629405411	3994.887035483
1960	-89.413629405411	3996.351960616
1961	-89.413629405411	3997.698139781
1962	-89.413629405411	3998.866289086
1963	-89.413629405411	4000.70936741
1964	-89.413629405411	4002.202742219
1965	-89.413629405411	4003.717607524
1966	-89.413629405411	4005.056669851
1967	-89.413629405411	4006.692943916
1968	-89.413629405411	4008.070496126
1969	-89.413629405411	4009.894422022
1970	-89.413629405411	4011.163015021
1971	-89.413629405411	4012.534089007
1972	-89.413629405411	4014.070607883
1973	-89.413629405411	4016.143372799
1974	-89.413629405411	4017.633447343
1975	-89.413629405411	4019.111385088
1976	-89.413629405411	4021.182633581
1977	-89.413629405411	4025.898450421
1978	-89.413629405411	4027.072910029
1979	-89.413629405411	4028.177219048
1980	-89.413629405411	4029.435156604
1981	-89.413629405411	4030.704968102
1982	-89.413629405411	4031.847315698
1983	-89.413629405411	4032.838800752
1984	-89.413629405411	4033.933290797
1985	-89.413629405411	4035.359102257
1986	-89.413629405411	4036.730319076
1987	-89.413629405411	4037.954964895
1988	-89.413629405411	4039.20398438
1989	-89.413629405411	4040.325736394
1990	-89.413629405411	4041.597276711
1991	-89.413629405411	4042.911330749
1992	-89.413629405411	4044.477237835
1993	-89.413629405411	4046.258096355
1994	-89.413629405411	4047.978948551
1995	-89.413629405411	4049.656781266
1996	-89.413629405411	4051.185635636
1997	-89.413629405411	4052.803749404
1998	-89.413629405411	4054.33154721
1999	-89.413629405411	4055.84754577
2000	-89.413629405411	4057.221351541
2001	-89.413629405411	4058.590694427
2002	-89.413629405411	4060.456229151
2003	-89.413629405411	4062.028303708
2004	-89.413629405411	4063.669878837
2005	-89.413629405411	4065.302676163
2006	-89.413629405411	4067.141422176
2007	-89.413629405411	4068.797488708
2008	-89.413629405411	4070.492307982
2009	-89.413629405411	4071.838489998
2010	-89.413629405411	4072.922196877
2011	-89.413629405411	4074.120314563
2012	-89.413629405411	4076.002078346
2013	-89.413629405411	4077.870248207
2014	-89.413629405411	4079.349102819
2015	-89.413629405411	4081.073176308
2016	-89.413629405411	4083.451440402
2017	-89.413629405411	4085.431283582
2018	-89.413629405411	4086.87464609
2019	-89.413629405411	4088.092313056
2020	-89.413629405411	4089.004727738
2021	-89.413629405411	4090.313365247
2022	-89.413629405411	4091.577751663
2023	-89.413629405411	4093.113467995
2024	-89.413629405411	4094.7798738
2025	-89.413629405411	4096.940326383
2026	-89.413629405411	4098.491909418
2027	-89.413629405411	4100.519893249
2028	-89.413629405411	4102.816998931
2029	-89.413629405411	4104.658921193
2030	-89.413629405411	4106.77912742
2031	-89.413629405411	4109.304295505
2032	-89.413629405411	4114.986512989
2033	-89.413629405411	4116.254867934
2034	-89.413629405411	4117.579199093
2035	-89.413629405411	4118.838177248
2036	-89.413629405411	4120.148763099
2037	-89.413629405411	4121.439075527
2038	-89.413629405411	4122.863527937
2039	-89.413629405411	4124.231516619
2040	-89.413629405411	4125.72220697
2041	-89.413629405411	4127.066980899
2042	-89.413629405411	4128.859267185
2043	-89.413629405411	4130.757260883
2044	-89.413629405411	4132.348863339
2045	-89.413629405411	4134.906300524
2046	-89.413629405411	4137.149443622
2047	-89.413629405411	4138.728524685
2048	-89.413629405411	4140.442212717
2049	-89.413629405411	4142.10052238
2050	-89.413629405411	4143.655620643
2051	-89.413629405411	4145.73160115
2052	-89.413629405411	4147.300583847
2053	-89.413629405411	4149.590108841
2054	-89.413629405411	4152.40063753
2055	-89.413629405411	4153.826450701
2056	-89.413629405411	4155.133831224
2057	-89.413629405411	4156.381540696
2058	-89.413629405411	4157.458791304
2059	-89.413629405411	4158.901425962
2060	-89.413629405411	4160.213144497
2061	-89.413629405411	4161.804512605
2062	-89.413629405411	4163.292160987
2063	-89.413629405411	4165.441004197
2064	-89.413629405411	4167.620931082
2065	-89.413629405411	4168.768938963
2066	-89.413629405411	4169.974159802
2067	-89.413629405411	4171.441639105
2068	-89.413629405411	4173.52564676
2069	-89.413629405411	4175.621718516
2070	-89.413629405411	4177.384946731
2071	-89.413629405411	4178.575859484
2072	-89.413629405411	4179.711298932
2073	-89.413629405411	4180.921931453
2074	-89.413629405411	4182.368526088
2075	-89.413629405411	4184.025488675
2076	-89.413629405411	4186.173549299
2077	-89.413629405411	4188.300508297
2078	-89.413629405411	4190.327453809
2079	-89.413629405411	4192.03737345
2080	-89.413629405411	4193.494236653
2081	-89.413629405411	4195.164337579
2082	-89.413629405411	4196.6849678
2083	-89.413629405411	4198.762742413
2084	-89.413629405411	4200.161392828
2085	-89.413629405411	4202.405661198
2086	-89.413629405411	4204.153577791
2087	-89.413629405411	4205.855923585
2088	-89.413629405411	4207.143923889
2089	-89.413629405411	4209.057923416
2090	-89.413629405411	4210.989234225
2091	-89.413629405411	4212.984361658
2092	-89.413629405411	4214.787496112
2093	-89.413629405411	4216.458630795
2094	-89.413629405411	4217.63493269
2095	-89.413629405411	4218.969942955
2096	-89.413629405411	4220.265350894
2097	-89.413629405411	4221.518565844
2098	-89.413629405411	4222.929735371
2099	-89.413629405411	4224.414405646
2100	-89.413629405411	4225.684134181
2101	-89.413629405411	4227.062491501
2102	-89.413629405411	4228.522995943
2103	-89.413629405411	4229.969071703
2104	-89.413629405411	4231.326550342
2105	-89.413629405411	4233.431062633
2106	-89.413629405411	4235.202495612
2107	-89.413629405411	4236.49543719
2108	-89.413629405411	4237.920978379
2109	-89.413629405411	4239.607541573
2110	-89.413629405411	4241.087823943
2111	-89.413629405411	4242.572550096
2112	-89.413629405411	4244.689871157
2113	-89.413629405411	4246.577307199
2114	-89.413629405411	4248.223040731
2115	-89.413629405411	4249.362712136
2116	-89.413629405411	4250.799797126
2117	-89.413629405411	4252.064647392
2118	-89.413629405411	4253.40750548
2119	-89.413629405411	4254.867119569
2120	-89.413629405411	4256.475548075
2121	-89.413629405411	4258.006566889
2122	-89.413629405411	4259.583701035
2123	-89.413629405411	4261.139725288
2124	-89.413629405411	4262.585547598
2125	-89.413629405411	4264.405414305
2126	-89.413629405411	4265.513679593
2127	-89.413629405411	4267.095223596
2128	-89.413629405411	4268.379833829
2129	-89.413629405411	4269.950584688
2130	-89.413629405411	4271.296310551
2131	-89.413629405411	4272.696832903
2132	-89.413629405411	4273.814436778
2133	-89.413629405411	4274.835061725
2134	-89.413629405411	4276.017023335
2135	-89.413629405411	4277.363132652
2136	-89.413629405411	4278.571015142
2137	-89.413629405411	4279.484709902
2138	-89.413629405411	4280.935104859
2139	-89.413629405411	4282.133018132
2140	-89.413629405411	4283.383070803
2141	-89.413629405411	4284.911353271
2142	-89.413629405411	4285.949535537
2143	-89.413629405411	4287.390831957
2144	-89.413629405411	4288.648820261
2145	-89.413629405411	4289.764600095
2146	-89.413629405411	4291.287727752
2147	-89.413629405411	4292.971999919
2148	-89.413629405411	4294.603526859
2149	-89.413629405411	4296.622562683
2150	-89.413629405411	4297.929997089
2151	-89.413629405411	4299.177128957
2152	-89.413629405411	4300.612659892
2153	-89.413629405411	4301.91088657
2154	-89.413629405411	4303.15049762
2155	-89.413629405411	4304.754399094
2156	-89.413629405411	4306.886078703
2157	-89.413629405411	4308.692751191
2158	-89.413629405411	4310.511928252
2159	-89.413629405411	4313.334462026
2160	-89.413629405411	4315.550094267
2161	-89.413629405411	4316.898124271
2162	-89.413629405411	4318.070401474
2163	-89.413629405411	4319.420161153
2164	-89.413629405411	4320.87457225
2165	-89.413629405411	4322.489253754
2166	-89.413629405411	4324.470448287
2167	-89.413629405411	4326.444509161
2168	-89.413629405411	4328.418992547
2169	-89.413629405411	4330.864298835
2170	-89.413629405411	4332.950726095
2171	-89.413629405411	4334.416456908
2172	-89.413629405411	4336.099691042
2173	-89.413629405411	4338.465160621
2174	-89.413629405411	4340.572896202
2175	-89.413629405411	4342.600193523
2176	-89.413629405411	4344.865190328
2177	-89.413629405411	4346.520608553
2178	-89.413629405411	4348.56398982
2179	-89.413629405411	4350.571365239
2180	-89.413629405411	4352.521112602
2181	-89.413629405411	4354.228693604
2182	-89.413629405411	4356.229712535
2183	-89.413629405411	4359.405175395
2184	-89.413629405411	4361.259913553
2185	-89.413629405411	4363.02287549
2186	-89.413629405411	4364.84018603
2187	-89.413629405411	4367.723767012
2188	-89.413629405411	4369.225456345
2189	-89.413629405411	4371.48989978
2190	-89.413629405411	4373.484679682
2191	-89.413629405411	4375.00803399
2192	-89.413629405411	4376.372227197
2193	-89.413629405411	4378.288669993
2194	-89.413629405411	4379.634840319
2195	-89.413629405411	4381.260704978
2196	-89.413629405411	4382.504632659
2197	-89.413629405411	4383.59625778
2198	-89.413629405411	4384.931338463
2199	-89.413629405411	4386.500826919
2200	-89.413629405411	4387.845844605
2201	-89.413629405411	4389.19412806
2202	-89.413629405411	4390.339676707
2203	-89.413629405411	4391.417539415
2204	-89.413629405411	4392.758006407
2205	-89.413629405411	4394.149920302
2206	-89.413629405411	4395.320003125
2207	-89.413629405411	4397.296554593
2208	-89.413629405411	4398.679933584
2209	-89.413629405411	4400.068788404
2210	-89.413629405411	4401.781111114
2211	-89.413629405411	4403.689843217
2212	-89.413629405411	4405.058132391
2213	-89.413629405411	4406.061707773
2214	-89.413629405411	4407.60188756
2215	-89.413629405411	4409.593273115
2216	-89.413629405411	4411.703824584
2217	-89.413629405411	4414.464943664
2218	-89.413629405411	4415.976559451
2219	-89.413629405411	4417.748572883
2220	-89.413629405411	4419.643649484
2221	-89.413629405411	4421.076336877
2222	-89.413629405411	4422.379701545
2223	-89.413629405411	4423.945977545
2224	-89.413629405411	4425.727857847
2225	-89.413629405411	4427.113441196
2226	-89.413629405411	4428.442142584
2227	-89.413629405411	4430.175258446
2228	-89.413629405411	4431.944509019
2229	-89.413629405411	4433.543791661
2230	-89.413629405411	4435.155167484
2231	-89.413629405411	4436.452256915
2232	-89.413629405411	4437.590768837
2233	-89.413629405411	4438.738897028
2234	-89.413629405411	4439.735008326
2235	-89.413629405411	4440.941425141
2236	-89.413629405411	4442.34529936
2237	-89.413629405411	4443.471498294
2238	-89.413629405411	4444.704111105
2239	-89.413629405411	4445.949704313
2240	-89.413629405411	4447.193392228
2241	-89.413629405411	4448.291532636
2242	-89.413629405411	4450.00137302
2243	-89.413629405411	4451.707328407
2244	-89.413629405411	4453.760260087
2245	-89.413629405411	4455.195623671
2246	-89.413629405411	4456.694513651
2247	-89.413629405411	4458.210787043
2248	-89.413629405411	4459.961549745
2249	-89.413629405411	4461.289897614
2250	-89.413629405411	4462.493599464
2251	-89.413629405411	4464.00416724
2252	-89.413629405411	4465.668366406
2253	-89.413629405411	4467.932114778
2254	-89.413629405411	4469.283299364
2255	-89.413629405411	4470.679068319
2256	-89.413629405411	4472.587777045
2257	-89.413629405411	4474.250630275
2258	-89.413629405411	4475.680489805
2259	-89.413629405411	4477.326191122
2260	-89.413629405411	4479.144830492
2261	-89.413629405411	4480.689716065
2262	-89.413629405411	4483.085543465
2263	-89.413629405411	4485.124185019
2264	-89.413629405411	4487.231242928
2265	-89.413629405411	4490.092645478
2266	-89.413629405411	4492.753650148
2267	-89.413629405411	4495.013495279
2268	-89.413629405411	4497.068374445
2269	-89.413629405411	4499.221069011
2270	-89.413629405411	4501.653444794
2271	-89.413629405411	4503.533938192
2272	-89.413629405411	4506.21484053
2273	-89.413629405411	4508.977138765
2274	-89.413629405411	4511.094097754
2275	-89.413629405411	4512.776523643
2276	-89.413629405411	4514.28733489
2277	-89.413629405411	4515.971692301
2278	-89.413629405411	4518.180533568
2279	-89.413629405411	4519.896345276
2280	-89.413629405411	4521.638490112
2281	-89.413629405411	4523.555110807
2282	-89.413629405411	4525.132966244
2283	-89.413629405411	4526.572713171
2284	-89.413629405411	4528.033085329
2285	-89.413629405411	4530.4144792
2286	-89.413629405411	4532.901224399
2287	-89.413629405411	4534.456767981
2288	-89.413629405411	4536.259361608
2289	-89.413629405411	4537.684052358
2290	-89.413629405411	4539.64427812
2291	-89.413629405411	4541.492950017
2292	-89.413629405411	4542.697313574
2293	-89.413629405411	4544.296039995
2294	-89.413629405411	4545.823979779
2295	-89.413629405411	4547.578124853
2296	-89.413629405411	4549.595077485
2297	-89.413629405411	4551.482876454
2298	-89.413629405411	4552.896590173
2299	-89.413629405411	4554.113817522
2300	-89.413629405411	4555.491266813
2301	-89.413629405411	4556.697537659
2302	-89.413629405411	4558.025467008
2303	-89.413629405411	4559.178734615
2304	-89.413629405411	4560.674690679
2305	-89.413629405411	4561.962356565
2306	-89.413629405411	4563.398043447
2307	-89.413629405411	4564.855577194
2308	-89.413629405411	4566.858763991
2309	-89.413629405411	4568.380733876
2310	-89.413629405411	4569.55771829
2311	-89.413629405411	4571.033681178
2312	-89.413629405411	4572.153932165
2313	-89.413629405411	4573.711681245
2314	-89.413629405411	4576.06331115
2315	-89.413629405411	4577.648279435
2316	-89.413629405411	4579.299429781
2317	-89.413629405411	4580.960528248
2318	-89.413629405411	4582.558351202
2319	-89.413629405411	4584.700533727
2320	-89.413629405411	4586.988490411
2321	-89.413629405411	4588.389868619
2322	-89.413629405411	4589.788720882
2323	-89.413629405411	4591.495881083
2324	-89.413629405411	4593.128963504
2325	-89.413629405411	4594.453038362
2326	-89.413629405411	4595.673374678
2327	-89.413629405411	4597.217947501
2328	-89.413629405411	4598.472722779
2329	-89.413629405411	4600.550428399
2330	-89.413629405411	4602.405402901
2331	-89.413629405411	4603.680108063
2332	-89.413629405411	4604.735280877
2333	-89.413629405411	4605.968788033
2334	-89.413629405411	4607.133049492
2335	-89.413629405411	4608.55461417
2336	-89.413629405411	4609.923722423
2337	-89.413629405411	4611.256895533
2338	-89.413629405411	4613.24153687
2339	-89.413629405411	4614.669535297
2340	-89.413629405411	4616.37390698
2341	-89.413629405411	4617.763232492
2342	-89.413629405411	4619.098939245
2343	-89.413629405411	4620.594025197
2344	-89.413629405411	4622.389725216
2345	-89.413629405411	4623.862692892
2346	-89.413629405411	4625.610868637
2347	-89.413629405411	4627.316475638
2348	-89.413629405411	4629.229849096
2349	-89.413629405411	4631.003499262
2350	-89.413629405411	4632.610043001
2351	-89.413629405411	4635.00434628
2352	-89.413629405411	4636.497450249
2353	-89.413629405411	4638.499043362
2354	-89.413629405411	4640.129612666
2355	-89.413629405411	4641.805711146
2356	-89.413629405411	4643.696677241
2357	-89.413629405411	4646.869600185
2358	-89.413629405411	4649.757294524
2359	-89.413629405411	4652.123305214
2360	-89.413629405411	4653.912077414
2361	-89.413629405411	4655.788446905
2362	-89.413629405411	4657.452056778
2363	-89.413629405411	4659.344901937
2364	-89.413629405411	4661.776900824
2365	-89.413629405411	4663.707995816
2366	-89.413629405411	4665.462196769
2367	-89.413629405411	4667.636349615
2368	-89.413629405411	4669.300225482
2369	-89.413629405411	4671.166053569
2370	-89.413629405411	4673.117408585
2371	-89.413629405411	4674.610416191
2372	-89.413629405411	4676.2894101
2373	-89.413629405411	4678.319618531
2374	-89.413629405411	4680.508581801
2375	-89.413629405411	4682.892925556
2376	-89.413629405411	4686.535648765
2377	-89.413629405411	4688.44375879
2378	-89.413629405411	4690.983027412
2379	-89.413629405411	4692.871388304
2380	-89.413629405411	4695.233837011
2381	-89.413629405411	4697.005683093
2382	-89.413629405411	4698.386687809
2383	-89.413629405411	4701.071460604
2384	-89.413629405411	4702.575527063
2385	-89.413629405411	4704.644688087
2386	-89.413629405411	4706.32573896
2387	-89.413629405411	4708.237080543
2388	-89.413629405411	4709.628613264
2389	-89.413629405411	4711.074954164
2390	-89.413629405411	4712.374429845
2391	-89.413629405411	4713.690933708
2392	-89.413629405411	4714.546526297
2393	-89.413629405411	4716.066902498
2394	-89.413629405411	4717.720626115
2395	-89.413629405411	4719.783989723
2396	-89.413629405411	4721.561672279
2397	-89.413629405411	4722.766867174
2398	-89.413629405411	4725.270948743
2399	-89.413629405411	4727.430938617
2400	-89.413629405411	4729.368401216
2401	-89.413629405411	4730.877805518
2402	-89.413629405411	4732.431663044
2403	-89.413629405411	4734.272753113
2404	-89.413629405411	4736.996806646
2405	-89.413629405411	4739.265447541
2406	-89.413629405411	4741.089056981
2407	-89.413629405411	4742.600223173
2408	-89.413629405411	4744.418003265
2409	-89.413629405411	4746.49514126
2410	-89.413629405411	4748.109097482
2411	-89.413629405411	4750.375557967
2412	-89.413629405411	4752.220240524
2413	-89.413629405411	4754.512896151
2414	-89.413629405411	4756.831492329
2415	-89.413629405411	4758.967728904
2416	-89.413629405411	4761.188176407
2417	-89.413629405411	4763.722622354
2418	-89.413629405411	4764.554788079
2419	-89.413629405411	4765.942473152
2420	-89.413629405411	4767.769507443
2421	-89.413629405411	4769.500643033
2422	-89.413629405411	4771.651475355
2423	-89.413629405411	4776.240714084
2424	-89.413629405411	4779.302532189
2425	-89.413629405411	4781.841551353
2426	-89.413629405411	4784.464043332
2427	-89.413629405411	4788.59869164
2428	-89.413629405411	4791.79652366
2429	-89.413629405411	4793.853076052
2430	-89.413629405411	4795.517101309
2431	-89.413629405411	4797.533271354
2432	-89.413629405411	4799.060751563
2433	-89.413629405411	4800.280418474
2434	-89.413629405411	4802.505798414
2435	-89.413629405411	4805.882603104
2436	-89.413629405411	4808.876612678
2437	-89.413629405411	4810.424728097
2438	-89.413629405411	4812.710712205
2439	-89.413629405411	4814.714569832
2440	-89.413629405411	4817.185175492
2441	-89.413629405411	4819.378025754
2442	-89.413629405411	4821.910029858
2443	-89.413629405411	4823.140786413
2444	-89.413629405411	4825.05965309
2445	-89.413629405411	4827.03301434
2446	-89.413629405411	4828.324181769
2447	-89.413629405411	4830.429309581
2448	-89.413629405411	4832.047090358
2449	-89.413629405411	4834.088190291
2450	-89.413629405411	4835.564263511
2451	-89.413629405411	4837.969173197
2452	-89.413629405411	4839.938559646
2453	-89.413629405411	4841.582995424
2454	-89.413629405411	4843.158887979
2455	-89.413629405411	4845.053632159
2456	-89.413629405411	4847.145367042
2457	-89.413629405411	4848.751294975
2458	-89.413629405411	4850.00208975
2459	-89.413629405411	4851.894287171
2460	-89.413629405411	4854.416994598
2461	-89.413629405411	4856.405628982
2462	-89.413629405411	4857.929455978
2463	-89.413629405411	4860.120297172
2464	-89.413629405411	4862.098422367
2465	-89.413629405411	4864.029561264
2466	-89.413629405411	4866.297939872
2467	-89.413629405411	4868.487970824
2468	-89.413629405411	4870.588431624
2469	-89.413629405411	4872.560144167
2470	-89.413629405411	4873.840476828
2471	-89.413629405411	4875.441469758
2472	-89.413629405411	4876.955244003
2473	-89.413629405411	4879.103034071
2474	-89.413629405411	4880.480621634
2475	-89.413629405411	4882.210868295
2476	-89.413629405411	4883.800280933
2477	-89.413629405411	4885.684702091
2478	-89.413629405411	4887.834339578
2479	-89.413629405411	4889.719744885
2480	-89.413629405411	4891.579351619
2481	-89.413629405411	4893.483978633
2482	-89.413629405411	4895.530196314
2483	-89.413629405411	4897.291256664
2484	-89.413629405411	4898.836085502
2485	-89.413629405411	4900.096628261
2486	-89.413629405411	4901.512225606
2487	-89.413629405411	4903.092943117
2488	-89.413629405411	4905.249701149
2489	-89.413629405411	4906.926294839
2490	-89.413629405411	4908.625356049
2491	-89.413629405411	4910.69155322
2492	-89.413629405411	4913.063240446
2493	-89.413629405411	4915.26802623
2494	-89.413629405411	4916.964989421
2495	-89.413629405411	4918.637130491
2496	-89.413629405411	4920.642463202
2497	-89.413629405411	4922.209280314
2498	-89.413629405411	4924.419099743
2499	-89.413629405411	4926.092639491
2500	-89.413629405411	4928.230634819
2501	-89.413629405411	4929.765065086
