-8.81185
-9.713019
-7.558858
-8.611891
-10.20924
-11.418549
-9.983006
-11.64573
-12.559121
-9.572112
-10.904948
-11.190166
-7.687379
-11.360893
-7.821321
-9.247305
-9.142035
-12.332843
-14.524528
-13.776138
-9.226528
-13.286629
-14.184038
-10.611756
-11.734842
-13.196429
-12.739108
-9.544924
-12.62538
-11.351907
-11.227646
-13.052931
-11.107152
-14.939737
-6.295507
-5.650123
-4.805307
-3.698704
-1.887436
-3.892474
-5.021272
-3.626688
-2.021315
-4.090752
-3.051794
-5.823654
-4.335542
-1.338583
-2.519061
-2.43093
-3.33164
