-1.325539
2.377814
-3.523806
-0.322858
0.741648
4.340343
-0.292023
-1.225362
-0.393845
2.705695
0.693441
-1.942997
-1.557038
2.812683
1.965215
-1.421502
2.286098
-1.261519
2.950205
4.096121
3.883108
2.392909
0.129601
0.199586
-2.153903
0.021198
-3.319895
0.53419
2.019657
4.317479
0.977586
1.111899
0.515531
-1.334398
-2.428186
2.042883
3.421382
0.840923
-3.100407
1.583531
-0.084571
-0.854183
2.604026
-4.214678
-1.376998
-3.341435
-0.667526
-2.910447
-0.937763
-1.816936
0.925845
-0.812858
-3.125736
1.686346
-1.304651
-0.653586
-4.933772
1.129857
0.513515
-1.772196
-5.121961
0.941554
0.404113
-4.559567
-5.665134
-2.456946
-1.302719
-2.466794
-3.597335
2.425503
-4.583061
-0.815175
-3.019739
-2.910711
-2.919894
-4.147983
0.429973
-0.035933
-0.989427
2.791361
1.59266
1.007997
-0.993795
-0.359261
0.960248
-1.762683
3.398966
-1.983354
-0.891457
1.294662
2.944284
-1.241564
1.210962
0.518748
0.40097
2.476967
-0.902673
1.15468
1.960668
0.464085
2.627785
0.232879
0.309487
0.663017
-0.14628
1.88814
3.366603
0.441333
-0.864225
2.4888
4.185043
-1.252706
2.048502
0.953417
2.471609
-2.012323
-0.557195
