-1.822677
0.690443
1.802441
3.10614
-0.826456
-0.416696
1.022941
1.283274
2.544221
0.731965
3.035661
-0.918736
3.97794
3.396842
4.584852
1.859434
2.242516
1.308126
0.132684
4.683132
-2.611132
4.588463
-0.361409
4.1991
-1.552969
-1.685697
2.804337
-0.079489
-1.008739
-2.836227
0.223384
3.030254
5.121343
-2.700647
1.394988
0.382734
-1.00502
2.788423
1.895533
3.467975
2.005456
4.153662
5.05368
0.897556
-2.009124
-3.395851
-1.503899
-0.320344
-2.678699
-0.562378
2.777964
0.68393
1.369813
0.159426
0.488729
2.919477
3.8105
3.817459
3.849582
4.670077
-2.78379
3.646561
-0.393846
-1.861536
1.915118
-0.560449
0.146618
-1.272659
1.908629
2.433608
2.647098
-1.884978
-0.122981
0.316645
-1.660669
-0.885547
0.506292
-1.11493
1.735031
2.259246
2.022385
-0.19296
-2.197735
1.564125
0.655265
1.44895
3.19926
2.611738
1.028536
-2.381559
-0.036018
0.515619
-1.869399
1.809448
1.595387
-0.289825
-0.705171
-2.398864
-2.04796
2.138287
0.087788
-1.737379
0.380315
-1.215535
-0.106616
0.980178
0.171127
1.679441
4.179201
3.241758
2.186715
-0.672694
-0.032442
-2.22956
-1.690768
-1.28783
1.994409
2.175152
-1.283843
1.040778
0.46107
3.785354
1.513714
3.529753
3.743859
-0.157042
-2.378645
-2.723932
-0.593534
