-3.044716
-0.972627
1.429937
3.857201
-3.832987
-0.490134
-0.473304
2.663647
1.526915
4.566182
1.168957
-2.946163
1.366862
3.326706
-0.420831
-2.71531
0.020689
1.562838
-1.945953
0.256918
1.29099
3.94959
2.704877
4.650667
1.538649
0.200943
-3.647032
0.282601
-1.077828
1.437413
2.424049
1.37286
1.502015
-0.603216
-2.527727
-0.573181
-2.118507
0.374082
3.468648
3.505524
-0.899393
-0.784892
2.807927
-1.724234
-2.402309
-1.739868
1.641685
2.679669
-1.836615
-1.012675
-1.183603
-1.364182
-1.590365
0.517416
1.949164
-2.383105
1.620689
-1.021905
-4.235677
0.313969
-3.297714
-1.962375
2.974491
-2.655535
-3.231909
1.287436
-2.993421
0.370855
-2.211732
0.990564
-0.320812
1.327817
2.992089
-2.138851
0.449465
-0.077577
-2.075147
-0.836182
-3.278732
-1.725463
0.639128
-1.986966
-0.589942
-0.398697
0.027257
2.758972
0.400668
2.753593
1.417314
-3.998756
2.582963
1.686045
1.760807
-0.799221
3.988767
0.133041
-2.503004
-1.804384
-1.75462
-1.716643
-0.278588
2.023012
3.898186
0.106877
1.303072
0.572374
-0.293243
-1.37908
1.925028
2.389332
1.760442
1.515018
-2.117078
-2.11823
-0.737292
-0.291038
-3.873608
-1.956504
-3.503942
0.303154
3.195049
0.062948
0.952598
-3.644406
-3.882976
1.600143
-2.090773
3.760146
3.549263
2.398912
2.763036
4.178159
-3.617349
-0.536795
2.169459
1.815055
-2.119996
1.077565
-0.504895
0.188015
2.500057
0.469329
1.057367
-0.200943
