-0.824754
3.391076
0.494815
1.838216
0.722527
4.889842
0.859581
3.830953
-1.188476
4.054834
3.505371
0.31002
-2.985851
-0.739438
3.14596
1.631074
5.313706
4.859635
2.373513
1.876345
0.30663
-1.486416
4.380081
2.726415
-0.010557
5.62582
-0.214033
-1.933474
0.030396
-0.045184
4.071272
-1.78168
1.958449
0.753648
-2.198082
1.349846
4.672232
-2.632118
3.047486
1.043047
2.519703
2.405768
2.261816
-1.399992
1.5583
-0.363615
-0.530164
2.682768
3.987914
-2.112243
-1.550517
1.247377
-1.464409
-2.65776
-3.853143
-3.199049
-0.224353
-0.531353
-2.824872
0.802439
-1.139817
0.925228
-1.731929
-5.57407
-4.690333
-5.463431
-1.312143
0.679543
-4.589481
1.813755
-3.498141
-3.796583
-3.237607
-2.532035
0.627259
-1.147527
-0.6469
-3.701835
-3.046036
-4.779206
-2.774654
0.116175
-1.665286
-4.854246
0.282772
-1.262532
-1.179033
-1.828912
-1.234288
-2.631281
-0.115789
0.856781
-4.016416
-0.378535
-0.140802
-1.664218
1.589376
-3.263774
-5.164429
-1.926098
0.282027
2.878655
-2.908631
2.999511
-2.83717
1.587046
-0.868988
4.218491
-1.746988
-0.968935
1.946499
-2.819487
-0.539094
1.390761
2.670564
0.918295
0.192668
1.243592
-1.228805
-1.299422
1.249073
2.820995
-0.898457
-2.555806
1.450002
2.676585
4.745852
0.407511
4.595217
-0.762606
3.785727
2.955405
5.09371
3.149342
0.553365
1.151196
-2.145589
1.833577
-0.497639
-0.880608
-2.603738
0.803994
4.82522
-1.729673
3.25483
2.668436
-0.663918
0.797523
0.475187
4.185579
