1.903493
1.961945
0.739414
-3.694925
-4.147957
1.628721
0.296009
1.840375
1.777866
2.828312
-2.122501
-0.874711
1.238354
-2.277288
-1.328083
-2.346382
1.301706
-0.610264
-1.530847
-2.815415
-5.117901
-0.425878
-2.837572
-0.502178
1.952392
0.41135
-0.187264
-2.523437
-2.997059
-3.900287
-2.992836
0.498878
2.619897
-1.771719
1.491272
-1.764097
-0.334
-4.091408
-1.443659
3.014446
0.681358
-2.655884
-3.814743
-0.85252
1.336238
-0.666297
-0.965387
-2.368034
1.087751
-0.128635
3.072693
2.735731
-0.072133
0.872096
-2.03672
-1.350296
-1.512598
2.367567
1.712707
2.479186
-0.658255
-1.815639
0.422791
-3.057688
3.164186
4.255195
-3.013039
-1.239981
-2.802877
4.03145
2.792062
1.041528
3.042047
0.130547
-1.565828
0.376599
0.630154
-3.290178
2.341137
-3.126602
1.453623
4.518776
0.798144
3.277045
0.196364
2.768025
2.588618
-0.2309
1.287859
0.393859
1.004363
-1.102827
0.198836
-0.022313
-0.514533
-1.381876
4.359031
2.076215
0.818938
4.505024
-0.837477
4.30981
-1.916878
-1.16392
2.627634
-3.26301
-0.429112
-2.2942
-0.359806
-1.810461
-0.801761
-3.76994
0.644864
-4.303072
1.738239
1.68487
-2.840501
2.557389
-0.651178
-0.411659
-1.695422
2.008866
-3.081627
-3.927909
-2.593394
-2.794857
-0.727774
2.870558
-0.617517
-0.500631
-0.199911
-1.812715
0.941082
-4.616092
-0.872836
-2.719936
1.185904
1.54336
0.761807
-0.691011
3.569053
1.455358
-4.552366
1.26058
0.761891
-2.390542
-2.425612
2.678213
0.673961
-2.005173
2.758309
3.480454
0.481142
-3.808176
1.781875
-3.642889
-0.265219
-1.757543
-1.544704
