4.527664
1.568716
-0.853018
-2.26848
2.509319
-2.03348
1.470137
-3.638173
-1.735681
4.197533
1.72712
-1.327833
-2.182501
1.895881
3.174298
0.106996
0.753687
-2.903382
2.829945
0.626181
2.500975
2.221483
1.048225
-3.366776
0.886803
2.366985
0.280839
-2.664549
-0.376759
3.444849
-0.024234
0.062239
1.199153
3.847041
4.081953
-0.550698
-1.174477
-0.717953
0.437727
3.363608
-0.300524
1.115553
-1.543153
1.923541
3.708449
-2.55971
2.872032
-1.330678
0.143378
-1.043333
1.071451
-0.74521
-3.041553
2.045298
0.409285
2.128828
1.969741
3.724173
-2.174554
0.142335
-0.837663
-0.880913
-2.207323
-1.154165
3.997298
-3.697754
-1.531454
-3.494301
0.175166
3.972876
1.987837
0.717267
0.724159
0.177296
4.044332
-1.952286
-0.336193
-0.088314
3.765101
-0.108062
-3.419468
2.272028
-1.788059
-3.403096
-1.158095
-2.325811
1.496846
-1.943139
-0.38585
-3.651389
0.447313
3.83017
-1.64716
1.87127
1.167534
2.662625
-0.361029
0.398507
2.704878
-2.349875
2.56019
2.502772
0.675288
2.289161
-3.636921
-0.063156
1.451954
-1.631533
0.08638
0.155418
-0.294404
0.095648
-3.370776
2.371887
-5.133603
0.85556
1.592104
-1.876491
-1.322492
-2.367482
-3.081814
0.396947
-3.771752
0.572195
-2.168066
-3.679448
-1.510733
-0.704509
0.995625
2.332901
-2.939354
-1.429055
-3.60606
0.820122
2.218449
-1.819546
-1.541514
-1.475992
3.070912
-3.822582
-4.461749
0.442737
2.312074
-0.059344
-2.205775
-1.779575
0.780392
1.708649
3.740747
2.440269
0.089119
3.113064
-0.595762
-0.757007
-2.980219
1.983049
1.551148
-3.714274
-1.953295
-4.49495
0.504708
-1.092551
