1.568562
-6.28854
-4.05767
-0.2704
-5.66944
-2.62028
0.09442
-2.08811
1.759812
-2.74895
1.705855
-3.38961
-4.53376
0.647829
-4.52131
-5.16992
-0.0132
-2.62261
-3.13429
0.43555
-1.45056
1.10771
-0.81135
2.122635
-4.43463
2.487393
-2.15007
-2.61454
-1.23082
-0.13522
-0.57541
3.158878
0.654017
-3.18767
-3.8622
-4.43914
-2.5645
-1.3838
-1.85674
1.016999
-2.76413
2.815959
1.336225
-0.84468
-0.29241
3.499326
-2.03182
2.505338
-0.75587
-4.77508
-3.87117
-5.29302
-0.39268
-0.20318
1.518004
3.603117
2.411437
0.48031
-3.03318
-0.16324
5.155272
4.814248
3.17396
-1.89675
0.801247
3.010688
2.959677
3.857349
-0.85695
-1.18302
1.305208
1.276821
0.660571
-0.80869
2.869727
1.223751
0.336039
3.762416
4.654022
-1.31897
1.118665
-1.30619
-2.96381
0.84562
1.585481
3.138238
-1.24745
-0.55092
2.689244
0.187067
3.753832
-3.0557
1.190126
3.311472
2.04269
5.140501
2.189231
1.601913
-0.98326
-3.293
-0.49033
-1.59597
0.563761
-1.0814
-2.61879
1.733288
1.433199
5.002705
-3.13825
-1.94291
2.41358
0.087527
4.59213
3.109942
0.18869
2.644503
-1.29249
1.514791
-0.96307
2.405626
-1.86653
3.755689
1.473289
-3.22449
2.502878
-2.07571
-1.90063
-1.97167
0.260265
0.186872
4.689477
0.399205
3.705712
0.080296
-1.99482
2.600574
3.943697
1.749972
-4.19412
2.437038
-3.34807
3.219513
3.821885
-3.45756
-4.17103
-1.25021
-1.03353
0.202742
-1.22202
4.530873
0.199431
0.303726
-3.94958
1.68019
0.38868
0.681807
-3.28719
-1.78538
-1.01611
0.296003
0.160004
2.367521
1.229563
-2.21678
1.594027
