-6.759402
-5.756856
-6.123479
-5.525771
-6.810575
-8.146563
-6.471433
-8.75073
-9.761027
-7.144022
-8.452506
-8.377647
-10.724064
-4.369795
-9.533623
-2.855231
-7.77995
-4.081827
-9.821591
-11.048189
-3.865532
-5.780554
-5.1527
-6.080179
-7.092844
-5.450915
-7.431988
-4.512983
-8.122867
-7.823234
-9.113573
-4.789845
-4.142398
-3.179352
-8.700971
-5.202443
-10.037889
-9.390439
5.26661
3.993484
-1.786276
0.242172
1.97006
0.532619
4.668791
-1.495109
-0.337089
-0.740504
1.085551
4.283934
4.002469
2.259867
2.26624
3.130414
6.31238
1.66205
2.86406
1.3957
4.288433
0.789434
6.021219
1.393121
2.556047
3.440557
-0.142686
-0.918701
3.736673
3.132979
4.870038
-0.343937
4.863199
0.523643
1.683573
2.842534
0.23768
5.444808
-0.985942
-3.088084
-0.155912
3.920147
2.417972
4.162034
2.852007
0.086567
2.242884
2.059891
0.466169
-2.846201
1.090963
-1.633581
2.707535
0.364713
1.229865
2.204363
-1.130415
0.709237
2.521029
0.219563
0.987383
-3.468866
-1.344021
0.607782
-1.778054
1.758516
0.854388
4.542822
3.005398
-1.931438
-1.168934
-0.01701
-3.226987
4.300935
-1.447081
-0.68457
