2.521461
-1.990283
1.087685
2.94011
0.339065
-1.523049
2.264473
1.535758
-1.539774
3.58351
3.495452
1.686055
-3.865687
-0.407058
0.704703
1.076958
-2.651482
-0.304064
-0.283282
-1.530645
-0.013524
2.743788
3.263255
0.341586
4.142925
2.473455
-2.232339
-0.16586
-3.482345
-1.567161
-1.115729
-3.802558
-4.115103
-3.417745
-2.263197
-2.909932
2.219218
0.830655
-2.686436
0.20967
2.807951
0.87465
1.977003
-0.172995
-1.59584
-3.52841
0.778655
4.084051
0.681625
-0.154459
-0.502767
1.663057
2.291725
3.152177
3.176698
0.055673
-3.977635
-0.755248
-2.60602
-2.723046
3.673046
-2.876874
-3.879053
4.39237
-1.86579
-2.037995
-1.000928
-1.860039
1.134825
2.541692
4.6483
-1.456727
2.4602
1.722368
3.514115
1.875469
-0.901661
-0.42664
1.476112
1.315421
3.849679
-2.319172
-1.548526
-2.59535
1.600977
2.150182
-0.246287
-0.287983
0.002414
-0.256676
1.846805
2.441777
-2.996289
0.529594
3.386895
0.062142
2.878467
-1.069284
1.253882
1.152137
-1.954423
-0.51219
-1.155122
-1.265337
3.408908
1.34576
0.084837
1.180499
-0.819249
2.360402
-3.803084
2.612088
-0.045029
1.077211
-1.254395
-0.762871
-5.050597
3.38745
-2.344542
-3.115556
-1.0848
1.459384
-3.709825
0.301713
-4.647499
-0.879107
-2.41789
0.940583
-2.670988
-3.440757
-3.444499
-1.464708
-4.059052
-5.492463
-2.665771
