0.370473
0.788272
3.225478
5.544353
1.000707
2.832674
1.331669
2.454303
-0.377083
2.064734
2.81843
-1.282741
1.409029
3.130889
0.449145
-1.398752
-2.051675
4.27172
4.003409
-1.76389
-1.352713
4.969616
0.027613
-0.785627
3.172863
2.216049
0.377587
3.920899
1.10812
2.2272
5.055314
5.270976
5.024697
-1.653741
0.337062
2.686971
0.752117
-0.376681
4.655664
2.525637
1.746413
5.247543
4.254836
0.119359
1.793227
2.690182
3.485287
4.938942
-2.568428
-2.790901
-3.722067
-0.257923
0.138936
-5.551556
3.353837
-4.617508
-1.203473
2.427844
4.077314
-4.539447
-2.77593
-0.859775
-4.56552
-0.632349
0.347915
-0.264035
-2.809657
-0.124876
-2.601137
-1.862784
-3.684166
2.071731
-0.023515
-1.844598
-0.298116
3.018387
-5.41825
-4.482849
-4.531917
-5.297373
0.655244
-2.101915
3.788616
-2.743673
-0.788352
1.551897
-4.406605
0.941578
1.512443
-2.757989
1.956872
1.474396
-0.161269
-1.908978
-6.356287
-1.949223
-2.619336
1.076294
1.515346
-0.327693
-3.129598
-0.388957
2.293241
3.901916
4.310985
-1.91684
0.108027
1.217103
5.561392
0.911676
-0.856778
-2.324728
2.927189
4.490752
4.978228
0.279983
-0.565463
-2.324022
3.452838
1.400914
-1.635913
3.25929
1.939474
2.181588
1.672154
-2.849757
3.208017
0.628008
2.075778
2.088748
-0.212636
-0.977811
-0.677994
-1.290842
-1.846053
2.969847
0.468712
0.128674
-0.2078
3.901591
5.292998
-3.524854
2.151777
2.625477
