-0.177003
-4.077365
-4.844761
-2.000296
0.052879
-0.070868
-0.215359
-1.746141
0.160445
-2.091538
-0.421892
-4.612416
-3.029763
-1.034175
-1.263049
-3.922482
-2.259378
-6.261217
-1.23532
1.747741
2.246558
-0.5289
1.257395
1.6324
0.645869
-3.770526
-2.875055
-3.721416
-1.805512
-5.525544
-1.262432
-2.026548
0.299299
-3.13809
-2.055818
-2.888923
-2.820177
-3.690659
-2.288342
-5.48733
-4.705994
0.539245
-1.46916
0.790385
-0.193147
-1.516774
-4.366513
-1.777141
-4.743177
-3.818076
-4.630316
1.814478
4.371409
5.185
-1.943807
-2.063332
-0.379385
3.489122
-4.015045
-1.474072
1.966551
0.854637
1.910454
-2.639965
2.611304
-4.208272
-0.11193
4.80194
3.570678
-0.575604
-0.021425
-0.209988
-2.886736
-0.883557
2.168919
1.522506
-0.589201
2.255123
-3.970156
-2.37391
2.740508
2.750508
-0.264159
4.279106
1.29488
1.42582
0.548431
3.916174
3.074989
-1.228057
1.048219
0.196311
-2.256272
0.203508
4.113464
0.114238
3.913618
5.006083
4.621203
2.447248
-2.329099
-1.49631
-2.531024
-2.9698
-0.560477
-0.186768
-1.963716
-4.036615
3.456561
-1.765596
5.210458
2.356214
4.16693
-3.880699
2.185521
-0.041797
0.889865
2.544991
-1.064433
0.96102
2.023215
-2.125759
0.497465
3.095488
2.883781
-0.584459
1.813786
-4.208126
-1.960116
-0.026748
-3.853371
-1.4745
5.76384
-2.290116
-1.562436
4.70997
-4.39482
0.161231
3.986606
0.470645
4.379489
0.645774
-1.822711
0.707115
6.44495
1.063793
-0.368888
-3.474277
2.096862
1.608
2.851894
-2.138563
0.312469
