-2.187834
-1.921438
-1.290339
-1.307214
-3.25461
3.189612
-0.595366
-4.389561
2.05843
0.413559
-3.373305
-3.930137
-2.607622
4.134198
-0.269037
2.176964
0.104363
-1.60409
0.108163
0.718313
3.813439
-5.008912
-2.315878
1.746285
-3.375236
0.112332
2.064555
-3.933323
2.178906
1.030853
2.752527
-4.386425
0.721347
-1.294116
-1.609177
-0.270903
1.03279
-2.939666
-0.601632
0.408488
3.192752
-0.941949
-2.310815
-0.940077
1.115567
-3.24848
1.120645
-1.918425
-5.326791
1.325668
3.278185
-2.189807
2.749389
3.142528
-1.764557
-3.604898
-4.922459
-2.592439
-1.308357
1.029301
-2.702115
-3.353056
-1.517134
-3.222954
1.74224
0.560073
0.754802
1.505472
1.237798
1.616758
2.8102
4.062341
-2.161919
-1.630342
-0.392604
-4.392263
-0.127608
-4.471926
2.939284
0.599149
-0.311721
2.488046
-5.117241
-1.71013
-0.676367
-0.20469
-6.047502
-0.467514
0.303759
-3.865149
-1.841128
-3.01452
-4.793433
0.716501
-3.496273
-1.12034
-2.286637
-0.862662
1.36461
2.408457
0.179859
-2.748265
-2.47792
-3.986005
1.873115
-3.736052
-0.581868
-2.060322
4.302336
1.951415
-4.127536
-2.396025
3.924145
-1.681859
-3.738677
4.269807
2.633117
1.102552
-0.83758
-0.941993
0.165959
-2.732766
-4.402577
2.071004
0.403129
-1.876043
0.272041
-0.350882
-2.364878
-0.491057
0.178832
-2.050483
4.02763
-2.93357
-0.275957
0.499891
2.819498
2.298817
1.97002
-0.497501
-4.369878
-2.195471
2.960315
0.384633
-4.022177
-2.168293
1.582943
-0.270936
4.064608
2.10606
-4.162787
3.648256
2.265145
1.760551
0.84815
0.70533
1.471243
-3.076333
-1.161554
