1	-56.59593477520586	1.737305556
2	-56.59593477525719	2.635908801
3	-56.59593477525719	3.23108784
4	-56.59593477525719	3.678850072
5	-56.59593477525719	4.037006089
6	-56.59593477525814	4.393910807
7	-56.59593477525814	5.026609682
8	-56.59593477525814	5.450520847
9	-56.59593477525814	5.852150984
10	-56.59593477525814	6.215036787
11	-56.59593477525814	6.56740416
12	-56.59593477525814	7.043142837
13	-56.59593477526645	7.481763381
14	-56.59593477526645	7.956145273
15	-56.59593477526645	8.312543371
16	-56.59593477526645	8.640567028
17	-56.59593477526645	8.938799587
18	-56.59593477527601	9.283619259
19	-56.59593477527601	9.742356649
20	-56.59593477527601	10.146237354
21	-56.59593477527601	10.503863657
22	-56.59593477527601	11.058975789
23	-56.59593477527601	11.482336429
24	-56.59593477527601	11.869508359
25	-56.59593477527601	12.235766879
26	-56.59593477527601	12.65228002
27	-56.59593477527601	13.033919611
28	-56.59593477527601	13.481409574
29	-56.59593477527601	13.787586407
30	-56.59593477527601	14.137459167
31	-56.59593477527601	14.48256793
32	-56.59593477527601	15.024966088
33	-56.59593477527601	15.477027608
34	-56.59593477527601	16.101184642
35	-56.59593477527601	16.410183097
36	-56.59593477527601	16.817716486
37	-56.59593477527601	17.156546806
38	-56.59593477527601	17.459647425
39	-56.59593477527601	17.878905781
40	-56.59593477527601	18.220483026
41	-56.59593477527601	18.64716364
42	-56.59593477527601	18.95950402
43	-56.59593477527601	19.251407105
44	-56.59593477527601	19.565575538
45	-56.59593477527601	19.892569133
46	-56.59593477527601	20.315918369
47	-56.59593477527601	20.628031811
48	-56.59593477527601	20.917523816
49	-56.59593477527601	21.263701698
50	-56.59593477527601	21.642719807
51	-56.59593477527601	22.049095126
52	-56.59593477527601	22.399958034
53	-56.59593477527601	22.729599055
54	-56.59593477527601	23.084617561
55	-56.59593477527601	23.451228177
56	-56.59593477527601	23.837218373
57	-56.59593477527601	24.134098425
58	-56.59593477527601	24.428090427
59	-56.59593477527601	24.722420556
60	-56.59593477527601	25.014213878
61	-56.59593477527601	25.325945288
62	-56.59593477527601	25.623925535
63	-56.59593477527601	26.023298546
64	-56.59593477527601	26.429115642
65	-56.59593477527601	26.778856687
66	-56.59593477527601	27.115671644
67	-56.59593477527601	27.504287314
68	-56.59593477527601	27.94182933
69	-56.59593477527601	28.24789583
70	-56.59593477527601	28.549238816
71	-56.59593477527601	28.842867888
72	-56.59593477527601	29.16651528
73	-56.59593477527601	29.545341232
74	-56.59593477527601	29.840755877
75	-56.59593477527601	30.209115003
76	-56.59593477527601	30.611398871
77	-56.59593477527601	30.913494232
78	-56.59593477527601	31.261847702
79	-56.59593477527601	31.64128348
80	-56.59593477527601	31.979299559
81	-56.59593477527601	32.439133152
82	-56.59593477527601	32.900704707
83	-56.59593477527601	33.304883341
84	-56.59593477527601	33.642028158
85	-56.59593477527601	33.965867707
86	-56.59593477527601	34.281303118
87	-56.59593477527601	34.550399167
88	-56.59593477527601	34.833844801
89	-56.59593477527601	35.117586082
90	-56.59593477527601	35.419795197
91	-56.59593477527601	35.707438623
92	-56.59593477527601	35.992378459
93	-56.59593477527601	36.26698746
94	-56.59593477527601	36.550980768
95	-56.59593477527601	36.916889472
96	-56.59593477527601	37.191871667
97	-56.59593477527601	37.447072864
98	-56.59593477527601	37.737738621
99	-56.59593477527601	38.009394001
100	-56.59593477527601	38.314972982
101	-56.59593477527601	38.589641854
102	-56.59593477527601	38.922565215
103	-56.59593477527601	39.258051043
104	-56.59593477527601	39.561498912
105	-56.59593477527601	39.961613465
106	-56.59593477527601	40.293208267
107	-56.59593477527601	40.730210306
108	-56.59593477527601	41.042666437
109	-56.59593477527601	41.300497098
110	-56.59593477527601	41.589708282
111	-56.59593477527601	41.861984321
112	-56.59593477527601	42.133220891
113	-56.59593477527601	42.405359513
114	-56.59593477527601	42.671781337
115	-56.59593477527601	42.924979431
116	-56.59593477527601	43.172956513
117	-56.59593477527601	43.463885986
118	-56.59593477527601	43.73111806
119	-56.59593477527601	44.005174826
120	-56.59593477527601	44.282049221
121	-56.59593477527601	44.617586652
122	-56.59593477527601	44.920876576
123	-56.59593477527601	45.236097593
124	-56.59593477527601	45.552880381
125	-56.59593477527601	45.838629896
126	-56.59593477527601	46.114898172
127	-56.59593477527601	46.438252483
128	-56.59593477527601	46.70547971
129	-56.59593477527601	46.972905367
130	-56.59593477527601	47.268167198
131	-56.59593477527601	47.582671762
132	-56.59593477527601	47.858740754
133	-56.59593477527601	48.152470181
134	-56.59593477527601	48.430439355
135	-56.59593477527601	48.708721567
136	-56.59593477527601	49.01995719
137	-56.59593477527601	49.292104365
138	-56.59593477527601	49.572878054
139	-56.59593477527601	49.93732021
140	-56.59593477527601	50.217529974
141	-56.59593477527601	50.508445477
142	-56.59593477527601	50.784452888
143	-56.59593477527601	51.063509713
144	-56.59593477527601	51.356401235
145	-56.59593477527601	51.659567426
146	-56.59593477527601	51.999029525
147	-56.59593477527601	52.282757406
148	-56.59593477527601	52.595818801
149	-56.59593477527601	52.899559181
150	-56.59593477527601	53.211920659
151	-56.59593477527601	53.502480359
152	-56.59593477527601	53.770175433
153	-56.59593477527601	54.071802377
154	-56.59593477527601	54.342564828
155	-56.59593477527601	54.657705162
156	-56.59593477527601	54.950060128
157	-56.59593477527601	55.239925898
158	-56.59593477527601	55.514679729
159	-56.59593477527601	55.787165601
160	-56.59593477527601	56.047721521
161	-56.59593477527601	56.324714232
162	-56.59593477527601	56.608312108
163	-56.59593477527601	56.904219403
164	-56.59593477527601	57.221392206
165	-56.59593477527601	57.507132313
166	-56.59593477527601	57.810646325
167	-56.59593477527601	58.068933144
168	-56.59593477527601	58.328490648
169	-56.59593477527601	58.58165282
170	-56.59593477527601	58.867185661
171	-56.59593477527601	59.14122589
172	-56.59593477527601	59.413563226
173	-56.59593477527601	59.690105481
174	-56.59593477527601	59.952242273
175	-56.59593477527601	60.224370061
176	-56.59593477527601	60.517483674
177	-56.59593477527601	60.821017358
178	-56.59593477527601	61.086543117
179	-56.59593477527601	61.353745256
180	-56.59593477527601	61.654740991
181	-56.59593477527601	61.948885236
182	-56.59593477527601	62.232754527
183	-56.59593477527601	62.520511422
184	-56.59593477527601	62.782711505
185	-56.59593477527601	63.029316978
186	-56.59593477527601	63.287580135
187	-56.59593477527601	63.535692924
188	-56.59593477527601	63.795884773
189	-56.59593477527601	64.094101652
190	-56.59593477527601	64.42067102
191	-56.59593477527601	64.764605461
192	-56.59593477527601	65.18638694
193	-56.59593477527601	65.60902628
194	-56.59593477527601	65.920200607
195	-56.59593477527601	66.235192405
196	-56.59593477527601	66.599957863
197	-56.59593477527601	66.870244769
198	-56.59593477527601	67.119324043
199	-56.59593477527601	67.366142485
200	-56.59593477527601	67.608112824
201	-56.59593477527601	67.893420437
202	-56.59593477527601	68.143211602
203	-56.59593477527601	68.403630389
204	-56.59593477527601	68.721292421
205	-56.59593477527601	69.005327924
206	-56.59593477527601	69.280438984
207	-56.59593477527601	69.538545051
208	-56.59593477527601	69.799687703
209	-56.59593477527601	70.087443458
210	-56.59593477527601	70.369551124
211	-56.59593477527601	70.701548485
212	-56.59593477527601	71.009047891
213	-56.59593477527601	71.299175096
214	-56.59593477527601	71.599332927
215	-56.59593477527601	71.889791132
216	-56.59593477527601	72.207308618
217	-56.59593477527601	72.49040358
218	-56.59593477527601	72.777836319
219	-56.59593477527601	73.056961282
220	-56.59593477527601	73.36309478
221	-56.59593477527601	73.633801637
222	-56.59593477527601	73.940542395
223	-56.59593477527601	74.233484949
224	-56.59593477527601	74.550406865
225	-56.59593477527601	74.82796008
226	-56.59593477527601	75.118376945
227	-56.59593477527601	75.467165191
228	-56.59593477527601	75.796052126
229	-56.59593477527601	76.092322636
230	-56.59593477527601	76.407708155
231	-56.59593477527601	76.679358403
232	-56.59593477527601	76.929789045
233	-56.59593477527601	77.200987411
234	-56.59593477527601	77.47064539
235	-56.59593477527601	77.757462315
236	-56.59593477527601	78.031092573
237	-56.59593477527601	78.330674504
238	-56.59593477527601	78.667622318
239	-56.59593477527601	78.985117852
240	-56.59593477527601	79.251260564
241	-56.59593477527601	79.496243541
242	-56.59593477527601	79.739737733
243	-56.59593477527601	79.987333923
244	-56.59593477527601	80.276892927
245	-56.59593477527601	80.633326377
246	-56.59593477527601	80.897978309
247	-56.59593477527601	81.167788245
248	-56.59593477527601	81.445531051
249	-56.59593477527601	81.726701027
250	-56.59593477527601	81.996641539
251	-56.59593477527601	82.28349011
252	-56.59593477527601	82.553027491
253	-56.59593477527601	82.837368335
254	-56.59593477527601	83.101923903
255	-56.59593477527601	83.407238313
256	-56.59593477527601	83.71521925
257	-56.59593477527601	84.019631893
258	-56.59593477527601	84.2877415
259	-56.59593477527601	84.554918836
260	-56.59593477527601	84.83806312
261	-56.59593477527601	85.127829106
262	-56.59593477527601	85.437822269
263	-56.59593477527601	85.727587969
264	-56.59593477527601	86.042277277
265	-56.59593477527601	86.380055868
266	-56.59593477527601	86.812052716
267	-56.59593477527601	87.150930648
268	-56.59593477527601	87.48800362
269	-56.59593477527601	87.85232518
270	-56.59593477527601	88.328263995
271	-56.59593477527601	88.69784876
272	-56.59593477527601	89.09616377
273	-56.59593477527601	89.503982828
274	-56.59593477527601	89.949359926
275	-56.59593477527601	90.329591414
276	-56.59593477527601	90.683724974
277	-56.59593477527601	90.982476413
278	-56.59593477527601	91.30382534
279	-56.59593477527601	91.586004851
280	-56.59593477527601	91.870363655
281	-56.59593477527601	92.14772842
282	-56.59593477527601	92.477020765
283	-56.59593477527601	92.795045728
284	-56.59593477527601	93.143403759
285	-56.59593477527601	93.457316173
286	-56.59593477527601	93.762194952
287	-56.59593477527601	94.035165777
288	-56.59593477527601	94.292628091
289	-56.59593477527601	94.589351624
290	-56.59593477527601	94.901850804
291	-56.59593477527601	95.254148898
292	-56.59593477527601	95.575247509
293	-56.59593477527601	95.907842722
294	-56.59593477527601	96.236910695
295	-56.59593477527601	96.534253461
296	-56.59593477527601	96.837562772
297	-56.59593477527601	97.150401505
298	-56.59593477527601	97.498912919
299	-56.59593477527601	97.86657783
300	-56.59593477527601	98.18887414
301	-56.59593477527601	98.501318012
302	-56.59593477527601	98.768304616
303	-56.59593477527601	99.08710248
304	-56.59593477527601	99.406075395
305	-56.59593477527601	99.756429687
306	-56.59593477527601	100.021935204
307	-56.59593477527601	100.298060075
308	-56.59593477527601	100.593452767
309	-56.59593477527601	100.891653396
310	-56.59593477527601	101.199194141
311	-56.59593477527601	101.517134428
312	-56.59593477527601	101.822233018
313	-56.59593477527601	102.176691876
314	-56.59593477527601	102.456374207
315	-56.59593477527601	102.767024523
316	-56.59593477527601	103.036927686
317	-56.59593477527601	103.295351638
318	-56.59593477527601	103.580740504
319	-56.59593477527601	103.881455988
320	-56.59593477527601	104.156248593
321	-56.59593477527601	104.465981746
322	-56.59593477527601	104.798107402
323	-56.59593477527601	105.115268515
324	-56.59593477527601	105.418496003
325	-56.59593477527601	105.718008655
326	-56.59593477527601	105.987772405
327	-56.59593477527601	106.257205156
328	-56.59593477527601	106.519283502
329	-56.59593477527601	106.779211634
330	-56.59593477527601	107.042927302
331	-56.59593477527601	107.351525478
332	-56.59593477527601	107.619597168
333	-56.59593477527601	107.887038504
334	-56.59593477527601	108.174280796
335	-56.59593477527601	108.472131609
336	-56.59593477527601	108.793749384
337	-56.59593477527601	109.081760587
338	-56.59593477527601	109.356621616
339	-56.59593477527601	109.641563732
340	-56.59593477527601	109.93242193
341	-56.59593477527601	110.321844144
342	-56.59593477527601	110.616911824
343	-56.59593477527601	110.910820292
344	-56.59593477527601	111.175134952
345	-56.59593477527601	111.46311622
346	-56.59593477527601	111.746722079
347	-56.59593477527601	112.005782656
348	-56.59593477527601	112.312729541
349	-56.59593477527601	112.690347815
350	-56.59593477527601	113.147048745
351	-56.59593477527601	113.538356031
352	-56.59593477527601	113.84135715
353	-56.59593477527601	114.143296847
354	-56.59593477527601	114.458804958
355	-56.59593477527601	114.723056896
356	-56.59593477527601	114.987837123
357	-56.59593477527601	115.282308091
358	-56.59593477527601	115.657004674
359	-56.59593477527959	116.123747919
360	-56.59593477527959	116.39087023
361	-56.59593477527959	116.670905799
362	-56.59593477527959	116.977667939
363	-56.59593477527959	117.246387658
364	-56.59593477527959	117.510771312
365	-56.59593477527959	117.774407437
366	-56.59593477527959	118.072364306
367	-56.59593477527959	118.342130908
368	-56.59593477527959	118.629858153
369	-56.59593477527959	118.902753996
370	-56.59593477527959	119.166109585
371	-56.59593477527959	119.445446377
372	-56.59593477527959	119.703987504
373	-56.59593477527959	119.97079193
374	-56.59593477527959	120.267313043
375	-56.59593477527959	120.589073937
376	-56.59593477527959	120.861120757
377	-56.59593477527959	121.125737622
378	-56.59593477527959	121.447497091
379	-56.59593477527959	121.722440228
380	-56.59593477527959	121.979540467
381	-56.59593477527959	122.270112426
382	-56.59593477527959	122.584056772
383	-56.59593477527959	122.896569922
384	-56.59593477527959	123.211193942
385	-56.59593477527959	123.480340169
386	-56.59593477527959	123.80155624
387	-56.59593477527959	124.088687344
388	-56.59593477527959	124.34856929
389	-56.59593477527959	124.600454505
390	-56.59593477527959	124.866070925
391	-56.59593477527959	125.140562181
392	-56.59593477527959	125.439909476
393	-56.59593477527959	125.710338361
394	-56.59593477527959	125.982185612
395	-56.59593477527959	126.275860015
396	-56.59593477527959	126.533146993
397	-56.59593477527959	126.818275279
398	-56.59593477527959	127.08007765
399	-56.59593477527959	127.348820462
400	-56.59593477527959	127.602121476
401	-56.59593477527959	127.879637914
402	-56.59593477527959	128.190020522
403	-56.59593477527959	128.441065836
404	-56.59593477527959	128.706614403
405	-56.59593477527959	128.97631087
406	-56.59593477527959	129.295785844
407	-56.59593477527959	129.560937553
408	-56.59593477527959	129.815104697
409	-56.59593477527959	130.061492355
410	-56.59593477527959	130.359292705
411	-56.59593477527959	130.641628735
412	-56.59593477527959	130.903531745
413	-56.59593477527959	131.156710453
414	-56.59593477527959	131.409332647
415	-56.59593477527959	131.669605464
416	-56.59593477527959	131.970973253
417	-56.59593477527959	132.230872876
418	-56.59593477527959	132.508371922
419	-56.59593477527959	132.782209447
420	-56.59593477527959	133.064343056
421	-56.59593477527959	133.347795817
422	-56.59593477527959	133.61892576
423	-56.59593477527959	133.884807607
424	-56.59593477527959	134.156671394
425	-56.59593477527959	134.452222031
426	-56.59593477527959	134.71675251
427	-56.59593477527959	135.040095988
428	-56.59593477527959	135.329224492
429	-56.59593477527959	135.615841848
430	-56.59593477527959	135.946181931
431	-56.59593477527959	136.249258031
432	-56.59593477527959	136.557600188
433	-56.59593477527959	136.966045893
434	-56.59593477527959	137.265709933
435	-56.59593477527959	137.571888762
436	-56.59593477527959	137.851376371
437	-56.59593477527959	138.120049334
438	-56.59593477527959	138.383765572
439	-56.59593477527959	138.65464976
440	-56.59593477527959	138.90919523
441	-56.59593477527959	139.163500362
442	-56.59593477527959	139.434812483
443	-56.59593477527959	139.796485761
444	-56.59593477527959	140.110933875
445	-56.59593477527959	140.417921244
446	-56.59593477527959	140.722930883
447	-56.59593477527959	141.026364782
448	-56.59593477527959	141.33863959
449	-56.59593477527959	141.619402445
450	-56.59593477527959	141.929295539
451	-56.59593477527959	142.216827206
452	-56.59593477527959	142.511469804
453	-56.59593477527959	142.811401266
454	-56.59593477527959	143.07371881
455	-56.59593477527959	143.332392223
456	-56.59593477527959	143.628892523
457	-56.59593477527959	143.997064625
458	-56.59593477527959	144.299704524
459	-56.59593477527959	144.607402929
460	-56.59593477527959	144.881118431
461	-56.59593477527959	145.163866143
462	-56.59593477527959	145.50255534
463	-56.59593477527959	145.898015087
464	-56.59593477527959	146.222843358
465	-56.59593477527959	146.517942113
466	-56.59593477527959	146.848115698
467	-56.59593477527959	147.140582423
468	-56.59593477527959	147.443403645
469	-56.59593477527959	147.69954025
470	-56.59593477527959	147.969253823
471	-56.59593477527959	148.234134119
472	-56.59593477527959	148.53267544
473	-56.59593477527959	148.795481358
474	-56.59593477527959	149.081187539
475	-56.59593477527959	149.366774263
476	-56.59593477527959	149.653308656
477	-56.59593477527959	149.945861195
478	-56.59593477527959	150.252034322
479	-56.59593477527959	150.602382057
480	-56.59593477527959	150.873797953
481	-56.59593477527959	151.160753436
482	-56.59593477527959	151.49836667
483	-56.59593477527959	151.834638515
484	-56.59593477527959	152.180078562
485	-56.59593477527959	152.486084051
486	-56.59593477527959	152.810807691
487	-56.59593477527959	153.185564715
488	-56.59593477527959	153.474356804
489	-56.59593477527959	153.773497402
490	-56.59593477527959	154.083832969
491	-56.59593477527959	154.404493953
492	-56.59593477527959	154.690890928
493	-56.59593477527959	154.95748153
494	-56.59593477527959	155.221820994
495	-56.59593477527959	155.509844171
496	-56.59593477527959	155.779666652
497	-56.59593477527959	156.035199133
498	-56.59593477527959	156.293775898
499	-56.59593477527959	156.555150051
500	-56.59593477527959	156.802651019
501	-56.59593477527959	157.10958878
502	-56.59593477527959	157.370904202
503	-56.59593477527959	157.633304995
504	-56.59593477527959	157.885316223
505	-56.59593477527959	158.1205876
506	-56.59593477527959	158.369073014
507	-56.59593477527959	158.639956916
508	-56.59593477527959	158.901468201
509	-56.59593477527959	159.176642268
510	-56.59593477527959	159.469039144
511	-56.59593477527959	159.813415488
512	-56.59593477527959	160.125527504
513	-56.59593477527959	160.522340615
514	-56.59593477527959	160.941752639
515	-56.59593477527959	161.240201873
516	-56.59593477527959	161.572019622
517	-56.59593477527959	161.890492474
518	-56.59593477527959	162.227537222
519	-56.59593477527959	162.604796557
520	-56.59593477527959	162.962217874
521	-56.59593477527959	163.254919805
522	-56.59593477527959	163.618394336
523	-56.59593477527959	163.927363996
524	-56.59593477527959	164.214057473
525	-56.59593477527959	164.498435379
526	-56.59593477527959	164.760456136
527	-56.59593477527959	165.047014761
528	-56.59593477527959	165.315902974
529	-56.59593477527959	165.618770096
530	-56.59593477527959	165.922701493
531	-56.59593477527959	166.191239889
532	-56.59593477527959	166.458213949
533	-56.59593477527959	166.698459442
534	-56.59593477527959	166.969942336
535	-56.59593477527959	167.224652879
536	-56.59593477527959	167.490671573
537	-56.59593477527959	167.758722166
538	-56.59593477527959	168.067318631
539	-56.59593477527959	168.396892083
540	-56.59593477527959	168.658219765
541	-56.59593477527959	168.91870384
542	-56.59593477527959	169.161163408
543	-56.59593477527959	169.42679836
544	-56.59593477527959	169.677111541
545	-56.59593477527959	169.938172085
546	-56.59593477527959	170.211405486
547	-56.59593477527959	170.497513085
548	-56.59593477527959	170.776660002
549	-56.59593477527959	171.069811248
550	-56.59593477527959	171.334527612
551	-56.59593477527959	171.610485985
552	-56.59593477527959	171.859999179
553	-56.59593477527959	172.132634443
554	-56.59593477527959	172.394250359
555	-56.59593477527959	172.654038508
556	-56.59593477527959	172.930681403
557	-56.59593477527959	173.189528727
558	-56.59593477527959	173.505758423
559	-56.59593477527959	173.813522115
560	-56.59593477527959	174.084908646
561	-56.59593477527959	174.35512998
562	-56.59593477527959	174.649623756
563	-56.59593477527959	174.935883883
564	-56.59593477527959	175.190474969
565	-56.59593477527959	175.503174289
566	-56.59593477527959	175.810125735
567	-56.59593477527959	176.081615757
568	-56.59593477527959	176.364010517
569	-56.59593477527959	176.626758845
570	-56.59593477527959	176.886681846
571	-56.59593477527959	177.167677912
572	-56.59593477527959	177.452764574
573	-56.59593477527959	177.732276131
574	-56.59593477527959	177.982635783
575	-56.59593477527959	178.264694697
576	-56.59593477527959	178.528153776
577	-56.59593477527959	179.069495929
578	-56.59593477527959	179.437730467
579	-56.59593477527959	179.949340254
580	-56.59593477527959	180.626702111
581	-56.59593477527959	181.006071461
582	-56.59593477527959	181.346295058
583	-56.59593477527959	181.726619204
584	-56.59593477527959	182.228507982
585	-56.59593477527959	182.728309554
586	-56.59593477527959	182.990232521
587	-56.59593477527959	183.247470748
588	-56.59593477527959	183.510983711
589	-56.59593477527959	183.779614764
590	-56.59593477527959	184.051503069
591	-56.59593477527959	184.349112403
592	-56.59593477527959	184.63385381
593	-56.59593477527959	184.91422494
594	-56.59593477527959	185.206625807
595	-56.59593477527959	185.497503962
596	-56.59593477527959	185.762887172
597	-56.59593477527959	186.008784745
598	-56.59593477527959	186.279166304
599	-56.59593477527959	186.545610936
600	-56.59593477527959	186.839586972
601	-56.59593477527959	187.100902965
602	-56.59593477527959	187.359731757
603	-56.59593477527959	187.6446944
604	-56.59593477527959	187.921238937
605	-56.59593477527959	188.190663704
606	-56.59593477527959	188.542293243
607	-56.59593477527959	188.825959828
608	-56.59593477527959	189.084616705
609	-56.59593477527959	189.352299236
610	-56.59593477527959	189.632074224
611	-56.59593477527959	189.908966296
612	-56.59593477527959	190.1977906
613	-56.59593477527959	190.49431827
614	-56.59593477527959	190.858184812
615	-56.59593477527959	191.112188024
616	-56.59593477527959	191.378488681
617	-56.59593477527959	191.645135163
618	-56.59593477527959	191.935629575
619	-56.59593477527959	192.209312861
620	-56.59593477527959	192.476118713
621	-56.59593477527959	192.742041615
622	-56.59593477527959	192.987674331
623	-56.59593477527959	193.23789628
624	-56.59593477527959	193.524893673
625	-56.59593477527959	193.793821229
626	-56.59593477527959	194.035900476
627	-56.59593477527959	194.315523507
628	-56.59593477527959	194.59924027
629	-56.59593477527959	194.869199027
630	-56.59593477527959	195.132475358
631	-56.59593477527959	195.459861534
632	-56.59593477527959	195.755732051
633	-56.59593477527959	196.071585702
634	-56.59593477527959	196.360453627
635	-56.59593477527959	196.687089138
636	-56.59593477527959	197.022570689
637	-56.59593477527959	197.333164555
638	-56.59593477527959	197.61735002
639	-56.59593477527959	197.920640514
640	-56.59593477527959	198.207537267
641	-56.59593477527959	198.483138982
642	-56.59593477527959	198.793102495
643	-56.59593477527959	199.055747047
644	-56.59593477527959	199.324047101
645	-56.59593477527959	199.602133166
646	-56.59593477527959	199.874533223
647	-56.59593477527959	200.136229252
648	-56.59593477527959	200.438190331
649	-56.59593477527959	200.721474314
650	-56.59593477527959	200.98895585
651	-56.59593477527959	201.284395013
652	-56.59593477527959	201.553075958
653	-56.59593477527959	201.816642804
654	-56.59593477527959	202.078815803
655	-56.59593477527959	202.420083432
656	-56.59593477527959	202.730703527
657	-56.59593477527959	203.106256832
658	-56.59593477527959	203.532733885
659	-56.59593477527959	203.848444987
660	-56.59593477527959	204.117325217
661	-56.59593477527959	204.410368126
662	-56.59593477527959	204.681604125
663	-56.59593477527959	204.937098403
664	-56.59593477527959	205.210208641
665	-56.59593477527959	205.486712408
666	-56.59593477527959	205.784205707
667	-56.59593477527959	206.100192214
668	-56.59593477527959	206.39017801
669	-56.59593477527959	206.669381661
670	-56.59593477527959	207.072314984
671	-56.59593477527959	207.389329842
672	-56.59593477527959	207.674078376
673	-56.59593477527959	207.995312409
674	-56.59593477527959	208.322638714
675	-56.59593477527959	208.611219259
676	-56.59593477527959	208.911760547
677	-56.59593477527959	209.208583579
678	-56.59593477527959	209.50034554
679	-56.59593477527959	209.797162015
680	-56.59593477527959	210.131394834
681	-56.59593477527959	210.410293715
682	-56.59593477527959	210.689290669
683	-56.59593477527959	210.960499014
684	-56.59593477527959	211.249664012
685	-56.59593477527959	211.498314212
686	-56.59593477527959	211.765216428
687	-56.59593477527959	212.068996151
688	-56.59593477527959	212.355125418
689	-56.59593477527959	212.693619322
690	-56.59593477527959	212.969769567
691	-56.59593477527959	213.222394042
692	-56.59593477527959	213.472684415
693	-56.59593477527959	213.726009663
694	-56.59593477527959	213.963987196
695	-56.59593477527959	214.221625131
696	-56.59593477527959	214.453885296
697	-56.59593477527959	214.733287376
698	-56.59593477527959	215.008648753
699	-56.59593477527959	215.316745725
700	-56.59593477527959	215.612864848
701	-56.59593477527959	215.908494742
702	-56.59593477527959	216.178502252
703	-56.59593477527959	216.473112348
704	-56.59593477527959	216.708336969
705	-56.59593477527959	216.968171304
706	-56.59593477527959	217.226947638
707	-56.59593477527959	217.50239654
708	-56.59593477527959	217.808980208
709	-56.59593477527959	218.081403074
710	-56.59593477527959	218.369975351
711	-56.59593477527959	218.633025313
712	-56.59593477527959	218.891254543
713	-56.59593477527959	219.142893718
714	-56.59593477527959	219.393049809
715	-56.59593477527959	219.657054567
716	-56.59593477527959	219.926521529
717	-56.59593477527959	220.206291956
718	-56.59593477527959	220.483978027
719	-56.59593477527959	220.741139563
720	-56.59593477527959	220.981069166
721	-56.59593477527959	221.222304236
722	-56.59593477527959	221.483238482
723	-56.59593477527959	221.745448828
724	-56.59593477527959	222.002246008
725	-56.59593477527959	222.268043466
726	-56.59593477527959	222.522117097
727	-56.59593477527959	222.817358117
728	-56.59593477527959	223.094480833
729	-56.59593477527959	223.342235539
730	-56.59593477527959	223.606941069
731	-56.59593477527959	223.875141338
732	-56.59593477527959	224.126921922
733	-56.59593477527959	224.406520149
734	-56.59593477527959	224.687840373
735	-56.59593477527959	224.944298855
736	-56.59593477527959	225.227961733
737	-56.59593477527959	225.526969191
738	-56.59593477527959	225.889127422
739	-56.59593477527959	226.27856446
740	-56.59593477527959	226.608841822
741	-56.59593477527959	226.987780673
742	-56.59593477527959	227.291114217
743	-56.59593477527959	227.618334181
744	-56.59593477527959	227.932176461
745	-56.59593477527959	228.194178971
746	-56.59593477527959	228.525921454
747	-56.59593477527959	228.807879157
748	-56.59593477527959	229.103800137
749	-56.59593477527959	229.382309288
750	-56.59593477527959	229.682046598
751	-56.59593477527959	229.982823093
752	-56.59593477527959	230.328589863
753	-56.59593477527959	230.676855807
754	-56.59593477527959	230.9799091
755	-56.59593477527959	231.317514066
756	-56.59593477527959	231.611689672
757	-56.59593477527959	231.891699297
758	-56.59593477527959	232.173339971
759	-56.59593477527959	232.414283385
760	-56.59593477527959	232.681716454
761	-56.59593477527959	232.938541288
762	-56.59593477527959	233.185862643
763	-56.59593477527959	233.445549012
764	-56.59593477527959	233.733014537
765	-56.59593477527959	234.012187397
766	-56.59593477527959	234.322161174
767	-56.59593477527959	234.589402941
768	-56.59593477527959	234.869641215
769	-56.59593477527959	235.158028464
770	-56.59593477527959	235.429856898
771	-56.59593477527959	235.672440485
772	-56.59593477527959	235.923889213
773	-56.59593477527959	236.204266901
774	-56.59593477527959	236.507042507
775	-56.59593477527959	236.777876518
776	-56.59593477527959	237.02736947
777	-56.59593477527959	237.281028283
778	-56.59593477527959	237.54790712
779	-56.59593477527959	237.833207891
780	-56.59593477527959	238.07140723
781	-56.59593477527959	238.33862733
782	-56.59593477527959	238.60643787
783	-56.59593477527959	238.909100577
784	-56.59593477527959	239.17093944
785	-56.59593477527959	239.421876702
786	-56.59593477527959	239.66564972
787	-56.59593477527959	239.93681359
788	-56.59593477527959	240.212337758
789	-56.59593477527959	240.497214872
790	-56.59593477527959	240.791178935
791	-56.59593477527959	241.085893662
792	-56.59593477527959	241.409757159
793	-56.59593477527959	241.654684257
794	-56.59593477527959	241.9309742
795	-56.59593477527959	242.214476568
796	-56.59593477527959	242.472601737
797	-56.59593477527959	242.708411665
798	-56.59593477527959	242.980873018
799	-56.59593477527959	243.239159267
800	-56.59593477527959	243.512548617
801	-56.59593477527959	243.768440323
802	-56.59593477527959	244.07965884
803	-56.59593477527959	244.341109684
804	-56.59593477527959	244.624145346
805	-56.59593477527959	244.883672345
806	-56.59593477527959	245.167247128
807	-56.59593477527959	245.448580181
808	-56.59593477527959	245.722528324
809	-56.59593477527959	245.985056271
810	-56.59593477527959	246.275021825
811	-56.59593477527959	246.57028052
812	-56.59593477527959	246.803703888
813	-56.59593477527959	247.047867776
814	-56.59593477527959	247.297634138
815	-56.59593477527959	247.54193858
816	-56.59593477527959	247.801105214
817	-56.59593477527959	248.051221106
818	-56.59593477527959	248.302779028
819	-56.59593477527959	248.55126159
820	-56.59593477527959	248.833604748
821	-56.59593477527959	249.09857599
822	-56.59593477527959	249.393863766
823	-56.59593477527959	249.694082892
824	-56.59593477527959	250.112457157
825	-56.59593477527959	250.529106005
826	-56.59593477527959	250.809495952
827	-56.59593477527959	251.069739973
828	-56.59593477527959	251.329802102
829	-56.59593477527959	251.576230814
830	-56.59593477527959	251.918306412
831	-56.59593477527959	252.177420303
832	-56.59593477527959	252.450790265
833	-56.59593477527959	252.718050565
834	-56.59593477527959	253.010130981
835	-56.59593477527959	253.274871863
836	-56.59593477527959	253.542782187
837	-56.59593477527959	253.796113422
838	-56.59593477527959	254.027190713
839	-56.59593477527959	254.295694897
840	-56.59593477527959	254.549879147
841	-56.59593477527959	254.808419419
842	-56.59593477527959	255.080368166
843	-56.59593477527959	255.384802476
844	-56.59593477527959	255.645653472
845	-56.59593477527959	255.914174477
846	-56.59593477527959	256.16015644
847	-56.59593477527959	256.426246124
848	-56.59593477527959	256.674885776
849	-56.59593477527959	256.962686576
850	-56.59593477527959	257.248431245
851	-56.59593477527959	257.512507278
852	-56.59593477527959	257.755874315
853	-56.59593477527959	257.984513728
854	-56.59593477527959	258.257461174
855	-56.59593477527959	258.533356541
856	-56.59593477527959	258.796998083
857	-56.59593477527959	259.061126859
858	-56.59593477527959	259.414598704
859	-56.59593477527959	259.694324656
860	-56.59593477527959	259.971186792
861	-56.59593477527959	260.241661008
862	-56.59593477527959	260.48817753
863	-56.59593477527959	260.745691733
864	-56.59593477527959	260.993473238
865	-56.59593477527959	261.24279399
866	-56.59593477527959	261.513389658
867	-56.59593477527959	261.814604349
868	-56.59593477527959	262.203293004
869	-56.59593477527959	262.509047891
870	-56.59593477527959	262.809192322
871	-56.59593477527959	263.118053644
872	-56.59593477527959	263.428881861
873	-56.59593477527959	263.727105297
874	-56.59593477527959	264.004099434
875	-56.59593477527959	264.282091701
876	-56.59593477527959	264.542665582
877	-56.59593477527959	264.853245478
878	-56.59593477527959	265.133332365
879	-56.59593477527959	265.389159923
880	-56.59593477527959	265.653721193
881	-56.59593477527959	265.908568868
882	-56.59593477527959	266.158167877
883	-56.59593477527959	266.409196655
884	-56.59593477527959	266.666202812
885	-56.59593477527959	266.949276392
886	-56.59593477527959	267.222620981
887	-56.59593477527959	267.528663817
888	-56.59593477527959	267.802762207
889	-56.59593477527959	268.049116223
890	-56.59593477527959	268.271547043
891	-56.59593477527959	268.526546675
892	-56.59593477527959	268.776724149
893	-56.59593477527959	269.052043616
894	-56.59593477527959	269.320805815
895	-56.59593477527959	269.563692176
896	-56.59593477527959	269.846523137
897	-56.59593477527959	270.085914759
898	-56.59593477527959	270.357683608
899	-56.59593477527959	270.624522247
900	-56.59593477527959	270.870430653
901	-56.59593477527959	271.129548821
902	-56.59593477527959	271.40416666
903	-56.59593477527959	271.693037151
904	-56.59593477527959	271.950224345
905	-56.59593477527959	272.224760076
906	-56.59593477527959	272.532262332
907	-56.59593477527959	272.867244961
908	-56.59593477527959	273.151582669
909	-56.59593477527959	273.435004639
910	-56.59593477527959	273.772624145
911	-56.59593477527959	274.038681613
912	-56.59593477527959	274.305586109
913	-56.59593477527959	274.706553107
914	-56.59593477527959	274.972631672
915	-56.59593477527959	275.288464511
916	-56.59593477527959	275.551440062
917	-56.59593477527959	275.813021482
918	-56.59593477527959	276.075830251
919	-56.59593477527959	276.351346151
920	-56.59593477527959	276.622261129
921	-56.59593477527959	276.8901763
922	-56.59593477527959	277.145192468
923	-56.59593477527959	277.411022142
924	-56.59593477527959	277.665016801
925	-56.59593477527959	277.944300565
926	-56.59593477527959	278.19059186
927	-56.59593477527959	278.458365621
928	-56.59593477527959	278.744264244
929	-56.59593477527959	278.98518485
930	-56.59593477527959	279.253321257
931	-56.59593477527959	279.53149057
932	-56.59593477527959	279.801693943
933	-56.59593477527959	280.068114911
934	-56.59593477527959	280.393846375
935	-56.59593477527959	280.697072722
936	-56.59593477527959	280.959971582
937	-56.59593477527959	281.226962463
938	-56.59593477527959	281.487092445
939	-56.59593477527959	281.749011136
940	-56.59593477527959	281.995369429
941	-56.59593477527959	282.243882782
942	-56.59593477527959	282.506815854
943	-56.59593477527959	282.754767848
944	-56.59593477527959	283.042623102
945	-56.59593477527959	283.330463246
946	-56.59593477527959	283.617457787
947	-56.59593477527959	283.8800878
948	-56.59593477527959	284.167163024
949	-56.59593477527959	284.433990828
950	-56.59593477527959	284.681587019
951	-56.59593477527959	284.968632878
952	-56.59593477527959	285.231314778
953	-56.59593477527959	285.530831137
954	-56.59593477527959	285.78746524
955	-56.59593477527959	286.038587816
956	-56.59593477527959	286.293487378
957	-56.59593477527959	286.553777301
958	-56.59593477527959	286.828692498
959	-56.59593477527959	287.111591598
960	-56.59593477527959	287.396648894
961	-56.59593477527959	287.681866416
962	-56.59593477527959	287.944941182
963	-56.59593477527959	288.266349124
964	-56.59593477527959	288.53751613
965	-56.59593477527959	288.790347017
966	-56.59593477527959	289.031351727
967	-56.59593477527959	289.301326736
968	-56.59593477527962	289.564318823
969	-56.59593477527962	289.795739373
970	-56.59593477527962	290.031483158
971	-56.59593477527962	290.281667759
972	-56.59593477527962	290.641666938
973	-56.59593477527962	290.940148389
974	-56.59593477527962	291.222837656
975	-56.59593477527962	291.507858174
976	-56.59593477527962	291.798014745
977	-56.59593477527962	292.088635456
978	-56.59593477527962	292.387104077
979	-56.59593477527962	292.6945094
980	-56.59593477527962	293.010399258
981	-56.59593477527962	293.296491178
982	-56.59593477527962	293.615046708
983	-56.59593477527962	293.899689471
984	-56.59593477527962	294.172003143
985	-56.59593477527962	294.447469151
986	-56.59593477527962	294.718574291
987	-56.59593477527962	294.985072236
988	-56.59593477527962	295.285937396
989	-56.59593477527962	295.560887091
990	-56.59593477527962	295.963164116
991	-56.59593477527962	296.336671269
992	-56.59593477527962	296.682986568
993	-56.59593477527962	296.941292204
994	-56.59593477527962	297.214930445
995	-56.59593477527962	297.510761619
996	-56.59593477527962	297.787892318
997	-56.59593477527962	298.063969007
998	-56.59593477527962	298.331264943
999	-56.59593477527962	298.569823507
1000	-56.59593477527962	298.816820706
1001	-56.59593477527962	299.111767219
1002	-56.59593477527962	299.343087128
1003	-56.59593477527962	299.618987912
1004	-56.59593477527962	299.889376028
1005	-56.59593477527962	300.152967393
1006	-56.59593477527962	300.427292436
1007	-56.59593477527962	300.697802289
1008	-56.59593477527962	300.986385685
1009	-56.59593477527962	301.243885633
1010	-56.59593477527962	301.544406964
1011	-56.59593477527962	301.825277302
1012	-56.59593477527962	302.106745491
1013	-56.59593477527962	302.376802608
1014	-56.59593477527962	302.660582662
1015	-56.59593477527962	302.939306777
1016	-56.59593477527962	303.213137745
1017	-56.59593477527962	303.465275557
1018	-56.59593477527962	303.755658781
1019	-56.59593477527962	304.015058055
1020	-56.59593477527962	304.303617503
1021	-56.59593477527962	304.543979886
1022	-56.59593477527962	304.813836293
1023	-56.59593477527962	305.085948116
1024	-56.59593477527962	305.35472571
1025	-56.59593477527962	305.634554297
1026	-56.59593477527962	305.931662428
1027	-56.59593477527962	306.184977982
1028	-56.59593477527962	306.443265657
1029	-56.59593477527962	306.744212071
1030	-56.59593477527962	307.002419633
1031	-56.59593477527962	307.266116484
1032	-56.59593477527962	307.541289981
1033	-56.59593477527962	307.811191719
1034	-56.59593477527962	308.097163326
1035	-56.59593477527962	308.349295151
1036	-56.59593477527962	308.615289327
1037	-56.59593477527962	308.882561315
1038	-56.59593477527962	309.16629775
1039	-56.59593477527962	309.48355209
1040	-56.59593477527962	309.7327799
1041	-56.59593477527962	310.023649788
1042	-56.59593477527962	310.286251575
1043	-56.59593477527962	310.546370723
1044	-56.59593477527962	310.830072661
1045	-56.59593477527962	311.107531508
1046	-56.59593477527962	311.422856871
1047	-56.59593477527962	311.688039942
1048	-56.59593477527962	312.009100349
1049	-56.59593477527962	312.271270497
1050	-56.59593477527962	312.527424779
1051	-56.59593477527962	312.779845124
1052	-56.59593477527962	313.043263148
1053	-56.59593477527962	313.306717381
1054	-56.59593477527962	313.557721355
1055	-56.59593477527962	313.842438244
1056	-56.59593477527962	314.106169877
1057	-56.59593477527962	314.372971738
1058	-56.59593477527962	314.67394552
1059	-56.59593477527962	314.919277743
1060	-56.59593477527962	315.175905003
1061	-56.59593477527962	315.434939066
1062	-56.59593477527962	315.684649264
1063	-56.59593477527962	315.95765316
1064	-56.59593477527962	316.208612944
1065	-56.59593477527962	316.463046656
1066	-56.59593477527962	316.699490073
1067	-56.59593477527962	316.97485316
1068	-56.59593477527962	317.236612481
1069	-56.59593477527962	317.501457995
1070	-56.59593477527962	317.748392187
1071	-56.59593477527962	317.991870983
1072	-56.59593477527962	318.241795575
1073	-56.59593477527962	318.507437084
1074	-56.59593477527962	318.835516619
1075	-56.59593477527962	319.14369456
1076	-56.59593477527962	319.44279724
1077	-56.59593477527962	319.836597713
1078	-56.59593477527962	320.118223277
1079	-56.59593477527962	320.403914348
1080	-56.59593477527962	320.67536132
1081	-56.59593477527962	320.948993859
1082	-56.59593477527962	321.215590448
1083	-56.59593477527962	321.480228125
1084	-56.59593477527962	321.75172442
1085	-56.59593477527962	322.017415821
1086	-56.59593477527962	322.299146016
1087	-56.59593477527962	322.590559301
1088	-56.59593477527962	322.831624738
1089	-56.59593477527962	323.084082145
1090	-56.59593477527962	323.337870394
1091	-56.59593477527962	323.607433719
1092	-56.59593477527962	323.876883576
1093	-56.59593477527962	324.137367651
1094	-56.59593477527962	324.381657553
1095	-56.59593477527962	324.666779566
1096	-56.59593477527962	324.978301714
1097	-56.59593477527962	325.256584781
1098	-56.59593477527962	325.537049994
1099	-56.59593477527962	325.81311756
1100	-56.59593477527962	326.073812893
1101	-56.59593477527962	326.336148968
1102	-56.59593477527962	326.608640257
1103	-56.59593477527962	326.870180052
1104	-56.59593477527962	327.137464014
1105	-56.59593477527962	327.406704608
1106	-56.59593477527962	327.709786125
1107	-56.59593477527962	327.983383597
1108	-56.59593477527962	328.252018356
1109	-56.59593477527962	328.515498818
1110	-56.59593477527962	328.775741699
1111	-56.59593477527962	329.043057877
1112	-56.59593477527962	329.317363534
1113	-56.59593477527962	329.566057925
1114	-56.59593477527962	329.816593197
1115	-56.59593477527962	330.11201554
1116	-56.59593477527962	330.379302638
1117	-56.59593477527962	330.662652764
1118	-56.59593477527962	330.91681278
1119	-56.59593477527962	331.208181875
1120	-56.59593477527962	331.464717334
1121	-56.59593477527962	331.729433413
1122	-56.59593477527962	331.990462881
1123	-56.59593477527962	332.231767515
1124	-56.59593477527962	332.469412623
1125	-56.59593477527962	332.764332337
1126	-56.59593477527962	333.037990249
1127	-56.59593477527962	333.310667137
1128	-56.59593477527962	333.592745723
1129	-56.59593477527962	333.865616193
1130	-56.59593477527962	334.143690283
1131	-56.59593477527962	334.413466292
1132	-56.59593477527962	334.67171947
1133	-56.59593477527962	334.947243638
1134	-56.59593477527962	335.271239706
1135	-56.59593477527962	335.541364106
1136	-56.59593477527962	335.822827449
1137	-56.59593477527962	336.10789843
1138	-56.59593477527962	336.377427544
1139	-56.59593477527962	336.636774075
1140	-56.59593477527962	336.906924704
1141	-56.59593477527962	337.174555632
1142	-56.59593477527962	337.440405833
1143	-56.59593477527962	337.7047567
1144	-56.59593477527962	338.013522799
1145	-56.59593477527962	338.286407809
1146	-56.59593477527962	338.551107352
1147	-56.59593477527962	338.802208261
1148	-56.59593477527962	339.060194301
1149	-56.59593477527962	339.322973705
1150	-56.59593477527962	339.580735943
1151	-56.59593477527962	339.858442826
1152	-56.59593477527962	340.120193879
1153	-56.59593477527962	340.442450275
1154	-56.59593477527962	340.73217093
1155	-56.59593477527962	341.010928972
1156	-56.59593477527962	341.315247817
1157	-56.59593477527962	341.571369027
1158	-56.59593477527962	341.907368888
1159	-56.59593477527962	342.221422426
1160	-56.59593477527962	342.544612235
1161	-56.59593477527962	342.896963643
1162	-56.59593477527962	343.158620328
1163	-56.59593477527962	343.467363049
1164	-56.59593477527962	343.733805115
1165	-56.59593477527962	343.994425467
1166	-56.59593477527962	344.269637452
1167	-56.59593477527962	344.542020403
1168	-56.59593477527962	344.813529812
1169	-56.59593477527962	345.095481814
1170	-56.59593477527962	345.387774344
1171	-56.59593477527962	345.680942696
1172	-56.59593477527962	345.98521279
1173	-56.59593477527962	346.23864723
1174	-56.59593477527962	346.486896297
1175	-56.59593477527962	346.726566176
1176	-56.59593477527962	346.984392846
1177	-56.59593477527962	347.253453258
1178	-56.59593477527962	347.508775622
1179	-56.59593477527962	347.793657582
1180	-56.59593477527962	348.058733741
1181	-56.59593477527962	348.319516599
1182	-56.59593477527962	348.621606258
1183	-56.59593477527962	348.915631617
1184	-56.59593477527962	349.186495277
1185	-56.59593477527962	349.468643997
1186	-56.59593477527962	349.777898185
1187	-56.59593477527962	350.031534761
1188	-56.59593477527962	350.321135389
1189	-56.59593477527962	350.588074667
1190	-56.59593477527962	350.881815782
1191	-56.59593477527962	351.186563986
1192	-56.59593477527962	351.46066095
1193	-56.59593477527962	351.709272092
1194	-56.59593477527962	351.964504365
1195	-56.59593477527962	352.212992345
1196	-56.59593477527962	352.457918302
1197	-56.59593477527962	352.704007746
1198	-56.59593477527962	352.975820785
1199	-56.59593477527962	353.235296466
1200	-56.59593477527962	353.511028471
1201	-56.59593477527962	353.826819115
1202	-56.59593477527962	354.080359042
1203	-56.59593477527962	354.348737498
1204	-56.59593477527962	354.599681887
1205	-56.59593477527962	354.857697008
1206	-56.59593477527962	355.116402352
1207	-56.59593477527962	355.424257846
1208	-56.59593477527962	355.690394286
1209	-56.59593477527962	355.964044501
1210	-56.59593477527962	356.230760547
1211	-56.59593477527962	356.539301988
1212	-56.59593477527962	356.829902742
1213	-56.59593477527962	357.122198408
1214	-56.59593477527962	357.48639823
1215	-56.59593477527962	357.774819975
1216	-56.59593477527962	358.083110814
1217	-56.59593477527962	358.401371838
1218	-56.59593477527962	358.704886135
1219	-56.59593477527962	359.009250026
1220	-56.59593477527962	359.370617108
1221	-56.59593477527962	359.669158429
1222	-56.59593477527962	359.977051556
1223	-56.59593477527962	360.264908521
1224	-56.59593477527962	360.561700192
1225	-56.59593477527962	360.866730643
1226	-56.59593477527962	361.185864639
1227	-56.59593477527962	361.459391976
1228	-56.59593477527962	361.723293528
1229	-56.59593477527962	362.027722707
1230	-56.59593477527962	362.294443314
1231	-56.59593477527962	362.552538832
1232	-56.59593477527962	362.839360604
1233	-56.59593477527962	363.108538762
1234	-56.59593477527962	363.38623025
1235	-56.59593477527962	363.653994888
1236	-56.59593477527962	363.930372071
1237	-56.59593477527962	364.222124339
1238	-56.59593477527962	364.525402859
1239	-56.59593477527962	364.806550313
1240	-56.59593477527962	365.070298482
1241	-56.59593477527962	365.36440937
1242	-56.59593477527962	365.814308132
1243	-56.59593477527962	366.117937893
1244	-56.59593477527962	366.475345811
1245	-56.59593477527962	366.761679779
1246	-56.59593477527962	367.029081487
1247	-56.59593477527962	367.292375779
1248	-56.59593477527962	367.584777786
1249	-56.59593477527962	367.873053846
1250	-56.59593477527962	368.125565422
1251	-56.59593477527962	368.369139157
1252	-56.59593477527962	368.618767245
1253	-56.59593477527962	368.894551138
1254	-56.59593477527962	369.148519569
1255	-56.59593477527962	369.415701751
1256	-56.59593477527962	369.671937001
1257	-56.59593477527962	369.91676745
1258	-56.59593477527962	370.212781086
1259	-56.59593477527962	370.492286657
1260	-56.59593477527962	370.768484228
1261	-56.59593477527962	371.04607023
1262	-56.59593477527962	371.321459546
1263	-56.59593477527962	371.587648729
1264	-56.59593477527962	371.833049376
1265	-56.59593477527962	372.088292767
1266	-56.59593477527962	372.397749375
1267	-56.59593477527962	372.637387893
1268	-56.59593477527962	372.936834402
1269	-56.59593477527962	373.237944177
1270	-56.59593477527962	373.487838833
1271	-56.59593477527962	373.753161887
1272	-56.59593477527962	374.023935742
1273	-56.59593477527962	374.277952354
1274	-56.59593477527962	374.544867113
1275	-56.59593477527962	374.788791804
1276	-56.59593477527962	375.048991635
1277	-56.59593477527962	375.350883436
1278	-56.59593477527962	375.653083428
1279	-56.59593477527962	375.924495048
1280	-56.59593477527962	376.189673272
1281	-56.59593477527962	376.430650328
1282	-56.59593477527962	376.725561773
1283	-56.59593477527962	377.017603131
1284	-56.59593477527962	377.307016734
1285	-56.59593477527962	377.586911179
1286	-56.59593477527962	377.880462989
1287	-56.59593477527962	378.229726209
1288	-56.59593477527962	378.564726514
1289	-56.59593477527962	378.884121945
1290	-56.59593477527962	379.171992595
1291	-56.59593477527962	379.448940831
1292	-56.59593477527962	379.735695889
1293	-56.59593477527962	380.114727683
1294	-56.59593477527962	380.561729842
1295	-56.59593477527962	380.895430953
1296	-56.59593477527962	381.263551736
1297	-56.59593477527962	381.605451429
1298	-56.59593477527962	381.909031013
1299	-56.59593477527962	382.19826757
1300	-56.59593477527962	382.493108311
1301	-56.59593477527962	383.019849423
1302	-56.59593477527962	383.475152229
1303	-56.59593477527962	383.767230364
1304	-56.59593477527962	384.06920969
1305	-56.59593477527962	384.33936203
1306	-56.59593477527962	384.712870892
1307	-56.59593477527962	385.021715393
1308	-56.59593477527962	385.331386395
1309	-56.59593477527962	385.648482506
1310	-56.59593477527962	385.972807293
1311	-56.59593477527962	386.266297236
1312	-56.59593477527962	386.514759557
1313	-56.59593477527962	386.78972037
1314	-56.59593477527962	387.068124034
1315	-56.59593477527962	387.356708001
1316	-56.59593477527962	387.654227814
1317	-56.59593477527962	387.925395104
1318	-56.59593477527962	388.222278292
1319	-56.59593477527962	388.507080995
1320	-56.59593477527962	388.824358429
1321	-56.59593477527962	389.097673368
1322	-56.59593477527962	389.369488973
1323	-56.59593477527962	389.787530242
1324	-56.59593477527962	390.052682237
1325	-56.59593477527962	390.373971864
1326	-56.59593477527962	390.633433004
1327	-56.59593477527962	390.905360368
1328	-56.59593477527962	391.156410244
1329	-56.59593477527962	391.413233367
1330	-56.59593477527962	391.732940126
1331	-56.59593477527962	392.004351461
1332	-56.59593477527962	392.256452495
1333	-56.59593477527962	392.518409105
1334	-56.59593477527962	392.7736505
1335	-56.59593477527962	393.363461987
1336	-56.59593477527962	393.717849
1337	-56.59593477527962	394.177985368
1338	-56.59593477527962	394.578205692
1339	-56.59593477527962	395.180610556
1340	-56.59593477527962	395.561333555
1341	-56.59593477527962	395.936984364
1342	-56.59593477527962	396.538797933
1343	-56.59593477527962	397.10757969
1344	-56.59593477527962	397.456934996
1345	-56.59593477527962	397.796204368
1346	-56.59593477527962	398.169911375
1347	-56.59593477527962	398.52033181
1348	-56.59593477527962	398.893359426
1349	-56.59593477527962	399.36953972
1350	-56.59593477527962	399.815137484
1351	-56.59593477527962	400.161432826
1352	-56.59593477527962	400.838072528
1353	-56.59593477527962	401.270140651
1354	-56.59593477527962	401.653539871
1355	-56.59593477527962	402.004240558
1356	-56.59593477527962	402.377774509
1357	-56.59593477527962	402.695816577
1358	-56.59593477527962	403.053019509
1359	-56.59593477527962	403.400565864
1360	-56.59593477527962	403.811970893
1361	-56.59593477527962	404.234842304
1362	-56.59593477527962	404.602348985
1363	-56.59593477527962	405.205759107
1364	-56.59593477527962	405.804818338
1365	-56.59593477527962	406.35640323
1366	-56.59593477527962	407.050127753
1367	-56.59593477527962	407.906830337
1368	-56.59593477527962	408.257019557
1369	-56.59593477527962	408.718361037
1370	-56.59593477527962	409.093005163
1371	-56.59593477527962	409.490905639
1372	-56.59593477527962	409.881162051
1373	-56.59593477527962	410.237398213
1374	-56.59593477527962	410.6774414
1375	-56.59593477527962	411.142089739
1376	-56.59593477527962	411.64878186
1377	-56.59593477527962	411.984039039
1378	-56.59593477527962	412.28632456
1379	-56.59593477527962	412.576408145
1380	-56.59593477527962	412.869585336
1381	-56.59593477527962	413.211302565
1382	-56.59593477527962	413.526769052
1383	-56.59593477527962	413.832001068
1384	-56.59593477527962	414.103283538
1385	-56.59593477527962	414.348388252
1386	-56.59593477527962	414.601108236
1387	-56.59593477527962	414.853873265
1388	-56.59593477527962	415.127917771
1389	-56.59593477527962	415.413417826
1390	-56.59593477527962	415.719111416
1391	-56.59593477527962	415.991322738
1392	-56.59593477527962	416.247933178
1393	-56.59593477527962	416.495141065
1394	-56.59593477527962	416.734597689
1395	-56.59593477527962	416.97277137
1396	-56.59593477527962	417.203198351
1397	-56.59593477527962	417.449943522
1398	-56.59593477527962	417.6796378
1399	-56.59593477527962	417.896525732
1400	-56.59593477527962	418.179173089
1401	-56.59593477527962	418.453076471
1402	-56.59593477527962	418.704356992
1403	-56.59593477527962	418.952898
1404	-56.59593477527962	419.224327866
1405	-56.59593477527962	419.480166829
1406	-56.59593477527962	419.763101851
1407	-56.59593477527962	420.043246042
1408	-56.59593477527962	420.315932339
1409	-56.59593477527962	420.689535569
1410	-56.59593477527962	420.966720152
1411	-56.59593477527962	421.239872299
1412	-56.59593477527962	421.492400126
1413	-56.59593477527962	421.769778006
1414	-56.59593477527962	422.002929389
1415	-56.59593477527962	422.265857329
1416	-56.59593477527962	422.561078107
1417	-56.59593477527962	422.876698262
1418	-56.59593477527962	423.215892938
1419	-56.59593477527962	423.51507288
1420	-56.59593477527962	423.814528228
1421	-56.59593477527962	424.094346837
1422	-56.59593477527962	424.388490226
1423	-56.59593477527962	424.748014431
1424	-56.59593477527962	425.123840005
1425	-56.59593477527962	425.610823257
1426	-56.59593477527962	426.054398246
1427	-56.59593477527962	426.420085427
1428	-56.59593477527962	426.748839792
1429	-56.59593477527962	427.02094021
1430	-56.59593477527962	427.336000146
1431	-56.59593477527962	427.647026792
1432	-56.59593477527962	427.905374338
1433	-56.59593477527962	428.166373301
1434	-56.59593477527962	428.414722722
1435	-56.59593477527962	428.675779275
1436	-56.59593477527962	428.947284408
1437	-56.59593477527962	429.212596342
1438	-56.59593477527962	429.494603654
1439	-56.59593477527962	429.76371966
1440	-56.59593477527962	430.032159697
1441	-56.59593477527962	430.298500838
1442	-56.59593477527962	430.554517132
1443	-56.59593477527962	430.823969269
1444	-56.59593477527962	431.099985803
1445	-56.59593477527962	431.357550752
1446	-56.59593477527962	431.61644027
1447	-56.59593477527962	431.910826849
1448	-56.59593477527962	432.149302735
1449	-56.59593477527962	432.427507115
1450	-56.59593477527962	432.697758669
1451	-56.59593477527962	433.007376928
1452	-56.59593477527962	433.250821797
1453	-56.59593477527962	433.510799822
1454	-56.59593477527962	433.766716616
1455	-56.59593477527962	434.036696186
1456	-56.59593477527962	434.297700566
1457	-56.59593477527962	434.580783839
1458	-56.59593477527962	434.838735383
1459	-56.59593477527962	435.103723161
1460	-56.59593477527962	435.361167514
1461	-56.59593477527962	435.635828403
1462	-56.59593477527962	435.906843736
1463	-56.59593477527962	436.156801684
1464	-56.59593477527962	436.416539941
1465	-56.59593477527962	436.707509042
1466	-56.59593477527962	436.998953118
1467	-56.59593477527962	437.27815962
1468	-56.59593477527962	437.537943493
1469	-56.59593477527962	437.776159368
1470	-56.59593477527962	438.024126758
1471	-56.59593477527962	438.275667573
1472	-56.59593477527962	438.537394393
1473	-56.59593477527962	438.804286344
1474	-56.59593477527962	439.082434275
1475	-56.59593477527962	439.353740694
1476	-56.59593477527962	439.658972995
1477	-56.59593477527962	439.916877783
1478	-56.59593477527962	440.187856338
1479	-56.59593477527962	440.473890953
1480	-56.59593477527962	440.749678837
1481	-56.59593477527962	440.9982207
1482	-56.59593477527962	441.271164725
1483	-56.59593477527962	441.524981483
1484	-56.59593477527962	441.775408134
1485	-56.59593477527962	442.051531294
1486	-56.59593477527962	442.294451012
1487	-56.59593477527962	442.562517
1488	-56.59593477527962	442.840501854
1489	-56.59593477527962	443.096530407
1490	-56.59593477527962	443.369393465
1491	-56.59593477527962	443.625100997
1492	-56.59593477527962	443.888548672
1493	-56.59593477527962	444.155166929
1494	-56.59593477527962	444.413399294
1495	-56.59593477527962	444.72488723
1496	-56.59593477527962	444.971623278
1497	-56.59593477527962	445.256913785
1498	-56.59593477527962	445.561427923
1499	-56.59593477527962	445.845414103
1500	-56.59593477527962	446.113489785
1501	-56.59593477527962	446.38987438
1502	-56.59593477527962	446.667190679
1503	-56.59593477527962	446.919406323
1504	-56.59593477527962	447.224528291
1505	-56.59593477527962	447.485307442
1506	-56.59593477527962	447.80826176
1507	-56.59593477527962	448.116657516
1508	-56.59593477527962	448.429514495
1509	-56.59593477527962	448.795561471
1510	-56.59593477527962	449.063124545
1511	-56.59593477527962	449.315884157
1512	-56.59593477527962	449.568943408
1513	-56.59593477527962	449.835485543
1514	-56.59593477527962	450.095062434
1515	-56.59593477527962	450.395477994
1516	-56.59593477527962	450.67946617
1517	-56.59593477527962	450.95311724
1518	-56.59593477527962	451.214006155
1519	-56.59593477527962	451.473173644
1520	-56.59593477527962	451.743909581
1521	-56.59593477527962	452.009382026
1522	-56.59593477527962	452.265826539
1523	-56.59593477527962	452.541626112
1524	-56.59593477527962	452.819760358
1525	-56.59593477527962	453.083616864
1526	-56.59593477527962	453.349848242
1527	-56.59593477527962	453.59330252
1528	-56.59593477527962	453.840130085
1529	-56.59593477527962	454.089477922
1530	-56.59593477527962	454.330401094
1531	-56.59593477527962	454.582174265
1532	-56.59593477527962	454.864837018
1533	-56.59593477527962	455.148036612
1534	-56.59593477527962	455.441546798
1535	-56.59593477527962	455.731924605
1536	-56.59593477527962	455.998181927
1537	-56.59593477527962	456.267900346
1538	-56.59593477527962	456.510052864
1539	-56.59593477527962	456.760833891
1540	-56.59593477527962	457.026784162
1541	-56.59593477527962	457.316462907
1542	-56.59593477527962	457.578108474
1543	-56.59593477527962	457.840697146
1544	-56.59593477527962	458.113900042
1545	-56.59593477527962	458.392536061
1546	-56.59593477527962	458.670908935
1547	-56.59593477527962	458.948095798
1548	-56.59593477527962	459.20933852
1549	-56.59593477527962	459.476497609
1550	-56.59593477527962	459.748058906
1551	-56.59593477527962	460.036831038
1552	-56.59593477527962	460.307533048
1553	-56.59593477527962	460.57913825
1554	-56.59593477527962	460.833591348
1555	-56.59593477527962	461.094179199
1556	-56.59593477527962	461.338301178
1557	-56.59593477527962	461.586306485
1558	-56.59593477527962	461.862230361
1559	-56.59593477527962	462.128727736
1560	-56.59593477527962	462.417624741
1561	-56.59593477527962	462.669872316
1562	-56.59593477527962	462.94424155
1563	-56.59593477527962	463.203366274
1564	-56.59593477527962	463.474595146
1565	-56.59593477527962	463.726952769
1566	-56.59593477527962	463.984015375
1567	-56.59593477527962	464.235372872
1568	-56.59593477527962	464.485393827
1569	-56.59593477527962	464.724580464
1570	-56.59593477527962	465.017710328
1571	-56.59593477527962	465.26978941
1572	-56.59593477527962	465.556148751
1573	-56.59593477527962	465.830522832
1574	-56.59593477527962	466.081347194
1575	-56.59593477527962	466.327443481
1576	-56.59593477527962	466.580633592
1577	-56.59593477527962	466.857972413
1578	-56.59593477527962	467.116518102
1579	-56.59593477527962	467.422731998
1580	-56.59593477527962	467.690075261
1581	-56.59593477527962	467.948597572
1582	-56.59593477527962	468.196507371
1583	-56.59593477527962	468.480656343
1584	-56.59593477527962	468.735214358
1585	-56.59593477527962	468.972653624
1586	-56.59593477527962	469.292328452
1587	-56.59593477527962	469.588303031
1588	-56.59593477527962	469.886390475
1589	-56.59593477527962	470.240759811
1590	-56.59593477527962	470.536835885
1591	-56.59593477527962	470.865762448
1592	-56.59593477527962	471.21557933
1593	-56.59593477527962	471.511533096
1594	-56.59593477527962	471.768262421
1595	-56.59593477527962	472.043618096
1596	-56.59593477527962	472.321577862
1597	-56.59593477527962	472.585471431
1598	-56.59593477527962	472.971252935
1599	-56.59593477527962	473.368359412
1600	-56.59593477527962	473.671685544
1601	-56.59593477527962	473.931699206
1602	-56.59593477527962	474.202788949
1603	-56.59593477527962	474.449788714
1604	-56.59593477527962	474.701709851
1605	-56.59593477527962	474.938870291
1606	-56.59593477527962	475.193467364
1607	-56.59593477527962	475.472395895
1608	-56.59593477527962	475.752148646
1609	-56.59593477527962	476.013759146
1610	-56.59593477527962	476.257950974
1611	-56.59593477527962	476.510973447
1612	-56.59593477527962	476.782301248
1613	-56.59593477527962	477.072748049
1614	-56.59593477527962	477.342782073
1615	-56.59593477527962	477.62079002
1616	-56.59593477527962	477.900289034
1617	-56.59593477527962	478.180556958
1618	-56.59593477527962	478.431185458
1619	-56.59593477527962	478.704144879
1620	-56.59593477527962	478.961157592
1621	-56.59593477527962	479.228389952
1622	-56.59593477527962	479.51137344
1623	-56.59593477527962	479.764035834
1624	-56.59593477527962	480.03254572
1625	-56.59593477527962	480.300354264
1626	-56.59593477527962	480.622924554
1627	-56.59593477527962	480.877506516
1628	-56.59593477527962	481.139075962
1629	-56.59593477527962	481.394152571
1630	-56.59593477527962	481.694549884
1631	-56.59593477527962	481.950848996
1632	-56.59593477527962	482.203460357
1633	-56.59593477527962	482.453942886
1634	-56.59593477527962	482.712269334
1635	-56.59593477527962	482.963211728
1636	-56.59593477527962	483.243686919
1637	-56.59593477527962	483.533498235
1638	-56.59593477527962	483.787505724
1639	-56.59593477527962	484.113962193
1640	-56.59593477527962	484.437472453
1641	-56.59593477527962	484.737203206
1642	-56.59593477527962	485.021041705
1643	-56.59593477527962	485.351992755
1644	-56.59593477527962	485.646864001
1645	-56.59593477527962	485.970022164
1646	-56.59593477527962	486.266741705
1647	-56.59593477527962	486.567128755
1648	-56.59593477527962	486.880419084
1649	-56.59593477527962	487.138620374
1650	-56.59593477527962	487.430795728
1651	-56.59593477527962	487.723537288
1652	-56.59593477527962	487.995628013
1653	-56.59593477527962	488.278993534
1654	-56.59593477527962	488.574018734
1655	-56.59593477527962	488.910116954
1656	-56.59593477527962	489.198613395
1657	-56.59593477527962	489.478049686
1658	-56.59593477527962	489.756823409
1659	-56.59593477527962	490.013690722
1660	-56.59593477527962	490.304849129
1661	-56.59593477527962	490.592995754
1662	-56.59593477527962	490.928895831
1663	-56.59593477527962	491.236760448
1664	-56.59593477527962	491.569295505
1665	-56.59593477527962	491.854388438
1666	-56.59593477527962	492.129508907
1667	-56.59593477527962	492.396431934
1668	-56.59593477527962	492.672196155
1669	-56.59593477527962	492.937069323
1670	-56.59593477527962	493.253206362
1671	-56.59593477527962	493.551982035
1672	-56.59593477527962	493.853459872
1673	-56.59593477527962	494.216397563
1674	-56.59593477527962	494.458206536
1675	-56.59593477527962	494.705664454
1676	-56.59593477527962	494.986901144
1677	-56.59593477527962	495.25129221
1678	-56.59593477527962	495.542887388
1679	-56.59593477527962	495.832474617
1680	-56.59593477527962	496.110014432
1681	-56.59593477527962	496.37196705
1682	-56.59593477527962	496.631553064
1683	-56.59593477527962	496.921273433
1684	-56.59593477527962	497.203143612
1685	-56.59593477527962	497.470429
1686	-56.59593477527962	497.745843975
1687	-56.59593477527962	498.003368726
1688	-56.59593477527962	498.257960097
1689	-56.59593477527962	498.53027605
1690	-56.59593477527962	498.805823596
1691	-56.59593477527962	499.061712736
1692	-56.59593477527962	499.361511343
1693	-56.59593477527962	499.627558832
1694	-56.59593477527962	499.884788506
1695	-56.59593477527962	500.129212119
1696	-56.59593477527962	500.410677458
1697	-56.59593477527962	500.708698759
1698	-56.59593477527962	501.009698771
1699	-56.59593477527962	501.283094678
1700	-56.59593477527962	501.551829222
1701	-56.59593477527962	501.800706361
1702	-56.59593477527962	502.098569718
1703	-56.59593477527962	502.373936511
1704	-56.59593477527962	502.631533677
1705	-56.59593477527962	502.904633652
1706	-56.59593477527962	503.174943936
1707	-56.59593477527962	503.445440104
1708	-56.59593477527962	503.711223307
1709	-56.59593477527962	503.969973412
1710	-56.59593477527962	504.24370317
1711	-56.59593477527962	504.524804437
1712	-56.59593477527962	504.778798241
1713	-56.59593477527962	505.059277994
1714	-56.59593477527962	505.326843349
1715	-56.59593477527962	505.589563452
1716	-56.59593477527962	505.841656503
1717	-56.59593477527962	506.061498057
1718	-56.59593477527962	506.310478402
1719	-56.59593477527962	506.554949626
1720	-56.59593477527962	506.800430385
1721	-56.59593477527962	507.126495699
1722	-56.59593477527962	507.391098024
1723	-56.59593477527962	507.650164873
1724	-56.59593477527962	507.914620657
1725	-56.59593477527962	508.196660754
1726	-56.59593477527962	508.436493424
1727	-56.59593477527962	508.688711634
1728	-56.59593477527962	508.942065677
1729	-56.59593477527962	509.209518988
1730	-56.59593477527962	509.500315605
1731	-56.59593477527962	509.80933145
1732	-56.59593477527962	510.076380206
1733	-56.59593477527962	510.344302219
1734	-56.59593477527962	510.615783688
1735	-56.59593477527962	510.882764876
1736	-56.59593477527962	511.133588953
1737	-56.59593477527962	511.385835388
1738	-56.59593477527962	511.63067439
1739	-56.59593477527962	511.903151994
1740	-56.59593477527962	512.201996945
1741	-56.59593477527962	512.470257941
1742	-56.59593477527962	512.743875084
1743	-56.59593477527962	513.023126061
1744	-56.59593477527962	513.280323234
1745	-56.59593477527962	513.536409377
1746	-56.59593477527962	513.801715325
1747	-56.59593477527962	514.032377512
1748	-56.59593477527962	514.280461792
1749	-56.59593477527962	514.585853463
1750	-56.59593477527962	514.825702099
1751	-56.59593477527962	515.064044273
1752	-56.59593477527962	515.330068669
1753	-56.59593477527962	515.596995973
1754	-56.59593477527962	515.842506668
1755	-56.59593477527962	516.095668554
1756	-56.59593477527962	516.357203502
1757	-56.59593477527962	516.635779651
1758	-56.59593477527962	516.898116012
1759	-56.59593477527962	517.274355549
1760	-56.59593477527962	517.5744843
1761	-56.59593477527962	517.917395522
1762	-56.59593477527962	518.194675613
1763	-56.59593477527962	518.458575739
1764	-56.59593477527962	518.731091831
1765	-56.59593477527962	518.996979095
1766	-56.59593477527962	519.257588899
1767	-56.59593477527962	519.525958802
1768	-56.59593477527962	519.811807247
1769	-56.59593477527962	520.078890214
1770	-56.59593477527962	520.35747121
1771	-56.59593477527962	520.641114132
1772	-56.59593477527962	520.906105331
1773	-56.59593477527962	521.149259115
1774	-56.59593477527962	521.397883371
1775	-56.59593477527962	521.671766797
1776	-56.59593477527962	521.941846721
1777	-56.59593477527962	522.22235983
1778	-56.59593477527962	522.534493229
1779	-56.59593477527962	522.792271433
1780	-56.59593477527962	523.057783222
1781	-56.59593477527962	523.335062457
1782	-56.59593477527962	523.604889214
1783	-56.59593477527962	523.868857194
1784	-56.59593477527962	524.121804686
1785	-56.59593477527962	524.385008602
1786	-56.59593477527962	524.65944968
1787	-56.59593477527962	524.923585298
1788	-56.59593477527962	525.194909964
1789	-56.59593477527962	525.471126066
1790	-56.59593477527962	525.732029521
1791	-56.59593477527962	525.999627377
1792	-56.59593477527962	526.2786785
1793	-56.59593477527962	526.545311867
1794	-56.59593477527962	526.809055189
1795	-56.59593477527962	527.063713558
1796	-56.59593477527962	527.312125417
1797	-56.59593477527962	527.588248577
1798	-56.59593477527962	527.856983691
1799	-56.59593477527962	528.106434164
1800	-56.59593477527962	528.362580748
1801	-56.59593477527962	528.629652311
1802	-56.59593477527962	528.892796071
1803	-56.59593477527962	529.168518953
1804	-56.59593477527962	529.425352625
1805	-56.59593477527962	529.673428922
1806	-56.59593477527962	529.953893279
1807	-56.59593477527962	530.218463387
1808	-56.59593477527962	530.534006281
1809	-56.59593477527962	530.800592892
1810	-56.59593477527962	531.053230767
1811	-56.59593477527962	531.310759509
1812	-56.59593477527962	531.574588931
1813	-56.59593477527962	531.823021031
1814	-56.59593477527962	532.103289241
1815	-56.59593477527962	532.361528449
1816	-56.59593477527962	532.643246099
1817	-56.59593477527962	532.886411287
1818	-56.59593477527962	533.158396526
1819	-56.59593477527962	533.421502083
1820	-56.59593477527962	533.692078364
1821	-56.59593477527962	533.962873601
1822	-56.59593477527962	534.213363828
1823	-56.59593477527962	534.465517606
1824	-56.59593477527962	534.709581139
1825	-56.59593477527962	534.983919297
1826	-56.59593477527962	535.296943914
1827	-56.59593477527962	535.55245986
1828	-56.59593477527962	535.819049892
1829	-56.59593477527962	536.080592538
1830	-56.59593477527962	536.34034733
1831	-56.59593477527962	536.604795131
1832	-56.59593477527962	536.86109966
1833	-56.59593477527962	537.139048592
1834	-56.59593477527962	537.410177395
1835	-56.59593477527962	537.674682215
1836	-56.59593477527962	537.923155655
1837	-56.59593477527962	538.1687553
1838	-56.59593477527962	538.430250904
1839	-56.59593477527962	538.690378606
1840	-56.59593477527962	538.953377821
1841	-56.59593477527962	539.208329271
1842	-56.59593477527962	539.491645185
1843	-56.59593477527962	539.785562492
1844	-56.59593477527962	540.087456003
1845	-56.59593477527962	540.496709107
1846	-56.59593477527962	540.756130904
1847	-56.59593477527962	540.992952077
1848	-56.59593477527962	541.259799553
1849	-56.59593477527962	541.493606093
1850	-56.59593477527962	541.743460265
1851	-56.59593477527962	542.003769575
1852	-56.59593477527962	542.266891097
1853	-56.59593477527962	542.527996401
1854	-56.59593477527962	542.808535169
1855	-56.59593477527962	543.061544243
1856	-56.59593477527962	543.324386369
1857	-56.59593477527962	543.590504277
1858	-56.59593477527962	543.843152986
1859	-56.59593477527962	544.084378078
1860	-56.59593477527962	544.341778526
1861	-56.59593477527962	544.593853616
1862	-56.59593477527962	544.85789173
1863	-56.59593477527962	545.133033866
1864	-56.59593477527962	545.445595198
1865	-56.59593477527962	545.707260151
1866	-56.59593477527962	545.967046875
1867	-56.59593477527962	546.228802774
1868	-56.59593477527962	546.497102543
1869	-56.59593477527962	546.761647848
1870	-56.59593477527962	547.037376717
1871	-56.59593477527962	547.315012325
1872	-56.59593477527962	547.567135027
1873	-56.59593477527962	547.819110333
1874	-56.59593477527962	548.125376117
1875	-56.59593477527962	548.408596523
1876	-56.59593477527962	548.689258168
1877	-56.59593477527962	548.955380354
1878	-56.59593477527962	549.25064019
1879	-56.59593477527962	549.546460244
1880	-56.59593477527962	549.824252942
1881	-56.59593477527962	550.115346347
1882	-56.59593477527962	550.381826901
1883	-56.59593477527962	550.692931094
1884	-56.59593477527962	550.967171748
1885	-56.59593477527962	551.207722866
1886	-56.59593477527962	551.478547754
1887	-56.59593477527962	551.754708832
1888	-56.59593477527962	552.052567057
1889	-56.59593477527962	552.327538989
1890	-56.59593477527962	552.597065537
1891	-56.59593477527962	552.861851465
1892	-56.59593477527962	553.136002883
1893	-56.59593477527962	553.454988058
1894	-56.59593477527962	553.720492149
1895	-56.59593477527962	553.985846279
1896	-56.59593477527962	554.237792505
1897	-56.59593477527962	554.537146927
1898	-56.59593477527962	554.842734461
1899	-56.59593477527962	555.14658489
1900	-56.59593477527962	555.439394873
1901	-56.59593477527962	555.732091387
1902	-56.59593477527962	556.052560215
1903	-56.59593477527962	556.340623591
1904	-56.59593477527962	556.638586732
1905	-56.59593477527962	556.929999447
1906	-56.59593477527962	557.195165412
1907	-56.59593477527962	557.470611178
1908	-56.59593477527962	557.722424263
1909	-56.59593477527962	557.983072839
1910	-56.59593477527962	558.248449777
1911	-56.59593477527962	558.509126293
1912	-56.59593477527962	558.823937338
1913	-56.59593477527962	559.100452509
1914	-56.59593477527962	559.377832099
1915	-56.59593477527962	559.641258392
1916	-56.59593477527962	559.92710256
1917	-56.59593477527962	560.198058308
1918	-56.59593477527962	560.484010244
1919	-56.59593477527962	560.73867574
1920	-56.59593477527962	561.003589107
1921	-56.59593477527962	561.293004706
1922	-56.59593477527962	561.551480546
1923	-56.59593477527962	561.809165808
1924	-56.59593477527962	562.08312678
1925	-56.59593477527962	562.35615776
1926	-56.59593477527962	562.691874803
1927	-56.59593477527962	562.98320541
1928	-56.59593477527962	563.364939939
1929	-56.59593477527962	563.619426964
1930	-56.59593477527962	563.868865462
1931	-56.59593477527962	564.138719303
1932	-56.59593477527962	564.388278968
1933	-56.59593477527962	564.658854109
1934	-56.59593477527962	564.920411295
1935	-56.59593477527962	565.202329941
1936	-56.59593477527962	565.485776715
1937	-56.59593477527962	565.791019565
1938	-56.59593477527962	566.073056526
1939	-56.59593477527962	566.329808089
1940	-56.59593477527962	566.647413956
1941	-56.59593477527962	566.955175082
1942	-56.59593477527962	567.225487647
1943	-56.59593477527962	567.488911089
1944	-56.59593477527962	567.768632764
1945	-56.59593477527962	568.026654442
1946	-56.59593477527962	568.29175683
1947	-56.59593477527962	568.552182174
1948	-56.59593477527962	568.816996612
1949	-56.59593477527962	569.071141233
1950	-56.59593477527962	569.381903593
1951	-56.59593477527962	569.644018146
1952	-56.59593477527962	569.898585284
1953	-56.59593477527962	570.174587277
1954	-56.59593477527962	570.454601749
1955	-56.59593477527962	570.742464131
1956	-56.59593477527962	570.99901527
1957	-56.59593477527962	571.238963975
1958	-56.59593477527962	571.500247751
1959	-56.59593477527962	571.78002217
1960	-56.59593477527962	572.044506749
1961	-56.59593477527962	572.303996114
1962	-56.59593477527962	572.533573786
1963	-56.59593477527962	572.758878685
1964	-56.59593477527962	573.009542537
1965	-56.59593477527962	573.266984609
1966	-56.59593477527962	573.53828219
1967	-56.59593477527962	573.814400219
1968	-56.59593477527962	574.077466717
1969	-56.59593477527962	574.364908293
1970	-56.59593477527962	574.629348966
1971	-56.59593477527962	574.858591647
1972	-56.59593477527962	575.123375865
1973	-56.59593477527962	575.408136659
1974	-56.59593477527962	575.659723945
1975	-56.59593477527962	575.9207135
1976	-56.59593477527962	576.172648037
1977	-56.59593477527962	576.41322852
1978	-56.59593477527962	576.67069226
1979	-56.59593477527962	576.946703947
1980	-56.59593477527962	577.211481892
1981	-56.59593477527962	577.483951513
1982	-56.59593477527962	577.73319928
1983	-56.59593477527962	577.987863352
1984	-56.59593477527962	578.233466133
1985	-56.59593477527962	578.502587271
1986	-56.59593477527962	578.774262892
1987	-56.59593477527962	579.030696
1988	-56.59593477527962	579.315337623
1989	-56.59593477527962	579.580847987
1990	-56.59593477527962	579.833498976
1991	-56.59593477527962	580.094589741
1992	-56.59593477527962	580.365975132
1993	-56.59593477527962	580.660150453
1994	-56.59593477527962	580.925437299
1995	-56.59593477527962	581.172125166
1996	-56.59593477527962	581.435558586
1997	-56.59593477527962	581.686721646
1998	-56.59593477527962	581.978081902
1999	-56.59593477527962	582.221255073
2000	-56.59593477527962	582.48631384
2001	-56.59593477527962	582.75163889
2002	-56.59593477527962	583.014871886
2003	-56.59593477527962	583.28028332
2004	-56.59593477527962	583.539215318
2005	-56.59593477527962	583.827123601
2006	-56.59593477527962	584.063780557
2007	-56.59593477527962	584.364917701
2008	-56.59593477527962	584.677208759
2009	-56.59593477527962	584.992482805
2010	-56.59593477527962	585.313674928
2011	-56.59593477527962	585.633611191
2012	-56.59593477527962	585.985108158
2013	-56.59593477527962	586.240124041
2014	-56.59593477527962	586.491359516
2015	-56.59593477527962	586.750390728
2016	-56.59593477527962	587.017869983
2017	-56.59593477527962	587.297681179
2018	-56.59593477527962	587.547890869
2019	-56.59593477527962	587.800658179
2020	-56.59593477527962	588.061277676
2021	-56.59593477527962	588.320599403
2022	-56.59593477527962	588.558750276
2023	-56.59593477527962	588.818067727
2024	-56.59593477527962	589.077942546
2025	-56.59593477527962	589.35046377
2026	-56.59593477527962	589.629483818
2027	-56.59593477527962	589.939505776
2028	-56.59593477527962	590.216864554
2029	-56.59593477527962	590.513858075
2030	-56.59593477527962	590.775898218
2031	-56.59593477527962	591.033194035
2032	-56.59593477527962	591.314583537
2033	-56.59593477527962	591.549020145
2034	-56.59593477527962	591.788209632
2035	-56.59593477527962	592.059479844
2036	-56.59593477527962	592.351606731
2037	-56.59593477527962	592.62909808
2038	-56.59593477527962	592.889118299
2039	-56.59593477527962	593.140036744
2040	-56.59593477527962	593.390439446
2041	-56.59593477527962	593.636451058
2042	-56.59593477527962	593.928061632
2043	-56.59593477527962	594.199266271
2044	-56.59593477527962	594.484223497
2045	-56.59593477527962	594.772741891
2046	-56.59593477527962	595.064615611
2047	-56.59593477527962	595.341044682
2048	-56.59593477527962	595.615347487
2049	-56.59593477527962	595.899507008
2050	-56.59593477527962	596.195966824
2051	-56.59593477527962	596.468831307
2052	-56.59593477527962	596.755177819
2053	-56.59593477527962	597.01059113
2054	-56.59593477527962	597.27220334
2055	-56.59593477527962	597.550227823
2056	-56.59593477527962	597.863870819
2057	-56.59593477527962	598.111778052
2058	-56.59593477527962	598.377381073
2059	-56.59593477527962	598.657067111
2060	-56.59593477527962	598.91684072
2061	-56.59593477527962	599.209942644
2062	-56.59593477527962	599.490474
2063	-56.59593477527962	599.82856734
2064	-56.59593477527962	600.165032482
2065	-56.59593477527962	600.443415049
2066	-56.59593477527962	600.705371943
2067	-56.59593477527962	600.962955424
2068	-56.59593477527962	601.200932102
2069	-56.59593477527962	601.444916093
2070	-56.59593477527962	601.722154274
2071	-56.59593477527962	601.990725742
2072	-56.59593477527962	602.257898801
2073	-56.59593477527962	602.529173859
2074	-56.59593477527962	602.807219439
2075	-56.59593477527962	603.09702876
2076	-56.59593477527962	603.368704096
2077	-56.59593477527962	603.700353352
2078	-56.59593477527962	603.95367974
2079	-56.59593477527962	604.19329602
2080	-56.59593477527962	604.467645867
2081	-56.59593477527962	604.767108342
2082	-56.59593477527962	605.017222239
2083	-56.59593477527962	605.274556544
2084	-56.59593477527962	605.559832226
2085	-56.59593477527962	605.808083003
2086	-56.59593477527962	606.13522827
2087	-56.59593477527962	606.465640198
2088	-56.59593477527962	606.802386162
2089	-56.59593477527962	607.155960643
2090	-56.59593477527962	607.408250128
2091	-56.59593477527962	607.649039019
2092	-56.59593477527962	607.905731566
2093	-56.59593477527962	608.177154306
2094	-56.59593477527962	608.483317454
2095	-56.59593477527962	608.737117106
2096	-56.59593477527962	608.981359967
2097	-56.59593477527962	609.226950774
2098	-56.59593477527962	609.480204177
2099	-56.59593477527962	609.790782648
2100	-56.59593477527962	610.047623732
2101	-56.59593477527962	610.343768229
2102	-56.59593477527962	610.621875106
2103	-56.59593477527962	610.916465245
2104	-56.59593477527962	611.170468743
2105	-56.59593477527962	611.414437338
2106	-56.59593477527962	611.688849052
2107	-56.59593477527962	611.941466685
2108	-56.59593477527962	612.212644809
2109	-56.59593477527962	612.471177099
2110	-56.59593477527962	612.723635362
2111	-56.59593477527962	613.014951713
2112	-56.59593477527962	613.298834118
2113	-56.59593477527962	613.610545856
2114	-56.59593477527962	613.907060696
2115	-56.59593477527962	614.151569269
2116	-56.59593477527962	614.407502599
2117	-56.59593477527962	614.651303842
2118	-56.59593477527962	614.905259443
2119	-56.59593477527962	615.181692221
2120	-56.59593477527962	615.44382388
2121	-56.59593477527962	615.718223049
2122	-56.59593477527962	615.992984578
2123	-56.59593477527962	616.253081489
2124	-56.59593477527962	616.539647527
2125	-56.59593477527962	616.795714854
2126	-56.59593477527962	617.036669957
2127	-56.59593477527962	617.27583065
2128	-56.59593477527962	617.500307052
2129	-56.59593477527962	617.748044366
2130	-56.59593477527962	617.991521167
2131	-56.59593477527962	618.229722788
2132	-56.59593477527962	618.510156639
2133	-56.59593477527962	618.768820929
2134	-56.59593477527962	619.008497651
2135	-56.59593477527962	619.273186075
2136	-56.59593477527962	619.522540184
2137	-56.59593477527962	619.781403473
2138	-56.59593477527962	620.03410578
2139	-56.59593477527962	620.310401995
2140	-56.59593477527962	620.591552585
2141	-56.59593477527962	620.865458248
2142	-56.59593477527962	621.229510674
2143	-56.59593477527962	621.505506396
2144	-56.59593477527962	621.811235053
2145	-56.59593477527962	622.08327218
2146	-56.59593477527962	622.372462836
2147	-56.59593477527962	622.66346501
2148	-56.59593477527962	623.016717329
2149	-56.59593477527962	623.358811173
2150	-56.59593477527962	623.666795817
2151	-56.59593477527962	623.970792501
2152	-56.59593477527962	624.236503859
2153	-56.59593477527962	624.514422285
2154	-56.59593477527962	624.790495553
2155	-56.59593477527962	625.039856505
2156	-56.59593477527962	625.281415162
2157	-56.59593477527962	625.553176313
2158	-56.59593477527962	625.833193065
2159	-56.59593477527962	626.137372212
2160	-56.59593477527962	626.476885058
2161	-56.59593477527962	626.775756809
2162	-56.59593477527962	627.058447502
2163	-56.59593477527962	627.334957541
2164	-56.59593477527962	627.586401993
2165	-56.59593477527962	627.864404524
2166	-56.59593477527962	628.109637247
2167	-56.59593477527962	628.368271316
2168	-56.59593477527962	628.606636584
2169	-56.59593477527962	628.864070673
2170	-56.59593477527962	629.168432568
2171	-56.59593477527962	629.400381976
2172	-56.59593477527962	629.668446538
2173	-56.59593477527962	629.985820905
2174	-56.59593477527962	630.293191446
2175	-56.59593477527962	630.555244989
2176	-56.59593477527962	630.82057631
2177	-56.59593477527962	631.06736054
2178	-56.59593477527962	631.319647174
2179	-56.59593477527962	631.578938681
2180	-56.59593477527962	631.876116376
2181	-56.59593477527962	632.136583915
2182	-56.59593477527962	632.408500729
2183	-56.59593477527962	632.68819304
2184	-56.59593477527962	632.972522479
2185	-56.59593477527962	633.22772111
2186	-56.59593477527962	633.476088778
2187	-56.59593477527962	633.725313167
2188	-56.59593477527962	633.970316101
2189	-56.59593477527962	634.247181658
2190	-56.59593477527962	634.489351567
2191	-56.59593477527962	634.741791298
2192	-56.59593477527962	635.016656033
2193	-56.59593477527962	635.306208765
2194	-56.59593477527962	635.588276802
2195	-56.59593477527962	635.844100654
2196	-56.59593477527962	636.077990158
2197	-56.59593477527962	636.383336213
2198	-56.59593477527962	636.666229611
2199	-56.59593477527962	636.992953503
2200	-56.59593477527962	637.261478214
2201	-56.59593477527962	637.549526195
2202	-56.59593477527962	637.834108232
2203	-56.59593477527962	638.078474825
2204	-56.59593477527962	638.311063424
2205	-56.59593477527962	638.547649391
2206	-56.59593477527962	638.794278812
2207	-56.59593477527962	639.023892407
2208	-56.59593477527962	639.287831021
2209	-56.59593477527962	639.576195747
2210	-56.59593477527962	639.84132978
2211	-56.59593477527962	640.116046264
2212	-56.59593477527962	640.358131783
2213	-56.59593477527962	640.605342236
2214	-56.59593477527962	640.848488892
2215	-56.59593477527962	641.129058166
2216	-56.59593477527962	641.392736486
2217	-56.59593477527962	641.670432535
2218	-56.59593477527962	641.957990146
2219	-56.59593477527962	642.211092447
2220	-56.59593477527962	642.460792951
2221	-56.59593477527962	642.694564709
2222	-56.59593477527962	642.928358135
2223	-56.59593477527962	643.199137691
2224	-56.59593477527962	643.461413896
2225	-56.59593477527962	643.736211633
2226	-56.59593477527962	643.998966233
2227	-56.59593477527962	644.286846291
2228	-56.59593477527962	644.540890843
2229	-56.59593477527962	644.787675358
2230	-56.59593477527962	645.054788831
2231	-56.59593477527962	645.310570774
2232	-56.59593477527962	645.565930485
2233	-56.59593477527962	645.81301749
2234	-56.59593477527962	646.047965565
2235	-56.59593477527962	646.311298345
2236	-56.59593477527962	646.585702076
2237	-56.59593477527962	646.879689517
2238	-56.59593477527962	647.140296469
2239	-56.59593477527962	647.393350588
2240	-56.59593477527962	647.646278979
2241	-56.59593477527962	647.903555409
2242	-56.59593477527962	648.141025751
2243	-56.59593477527962	648.377901948
2244	-56.59593477527962	648.642547893
2245	-56.59593477527962	648.903099251
2246	-56.59593477527962	649.187575516
2247	-56.59593477527962	649.44586148
2248	-56.59593477527962	649.689093666
2249	-56.59593477527962	649.915429482
2250	-56.59593477527962	650.171351123
2251	-56.59593477527962	650.449666407
2252	-56.59593477527962	650.703754578
2253	-56.59593477527962	650.981671865
2254	-56.59593477527962	651.320867111
2255	-56.59593477527962	651.591697985
2256	-56.59593477527962	652.26898258
2257	-56.59593477527962	652.563303872
2258	-56.59593477527962	652.862851021
2259	-56.59593477527962	653.172665428
2260	-56.59593477527962	653.458525277
2261	-56.59593477527962	653.764264198
2262	-56.59593477527962	654.072188115
2263	-56.59593477527962	654.374818036
2264	-56.59593477527962	654.654932007
2265	-56.59593477527962	654.954196909
2266	-56.59593477527962	655.274392897
2267	-56.59593477527962	655.603089386
2268	-56.59593477527962	655.941427341
2269	-56.59593477527962	656.321644575
2270	-56.59593477527962	656.682644735
2271	-56.59593477527962	657.0275009
2272	-56.59593477527962	657.394843079
2273	-56.59593477527962	657.70089732
2274	-56.59593477527962	658.020735224
2275	-56.59593477527962	658.349123807
2276	-56.59593477527962	658.694447248
2277	-56.59593477527962	659.007188192
2278	-56.59593477527962	659.307743165
2279	-56.59593477527962	659.611088969
2280	-56.59593477527962	659.90981703
2281	-56.59593477527962	660.209942359
2282	-56.59593477527962	660.539721368
2283	-56.59593477527962	660.862171631
2284	-56.59593477527962	661.187276733
2285	-56.59593477527962	661.490176927
2286	-56.59593477527962	661.808122917
2287	-56.59593477527962	662.091785225
2288	-56.59593477527962	662.402293277
2289	-56.59593477527962	662.725898475
2290	-56.59593477527962	663.02929246
2291	-56.59593477527962	663.344437641
2292	-56.59593477527962	663.66271406
2293	-56.59593477527962	663.969416615
2294	-56.59593477527962	664.289770262
2295	-56.59593477527962	664.609899538
2296	-56.59593477527962	664.937748713
2297	-56.59593477527962	665.280569844
2298	-56.59593477527962	665.59952936
2299	-56.59593477527962	665.94139427
2300	-56.59593477527962	666.255963551
2301	-56.59593477527962	666.552848735
2302	-56.59593477527962	666.874487037
2303	-56.59593477527962	667.194563854
2304	-56.59593477527962	667.489453917
2305	-56.59593477527962	667.805206073
2306	-56.59593477527962	668.19505736
2307	-56.59593477527962	668.610935016
2308	-56.59593477527962	669.032042806
2309	-56.59593477527962	669.352215987
2310	-56.59593477527962	669.660726922
2311	-56.59593477527962	669.992119019
2312	-56.59593477527962	670.31353808
2313	-56.59593477527962	670.648257278
2314	-56.59593477527962	670.972071738
2315	-56.59593477527962	671.277950358
2316	-56.59593477527962	671.586379185
2317	-56.59593477527962	671.863184872
2318	-56.59593477527962	672.185836699
2319	-56.59593477527962	672.505004622
2320	-56.59593477527962	672.820947509
2321	-56.59593477527962	673.121608824
2322	-56.59593477527962	673.441984709
2323	-56.59593477527962	673.741888232
2324	-56.59593477527962	674.07026598
2325	-56.59593477527962	674.421214418
2326	-56.59593477527962	674.731429958
2327	-56.59593477527962	675.054828174
2328	-56.59593477527962	675.402925911
2329	-56.59593477527962	675.731997305
2330	-56.59593477527962	676.064296585
2331	-56.59593477527962	676.38759017
2332	-56.59593477527962	676.714210856
2333	-56.59593477527962	677.035703758
2334	-56.59593477527962	677.354052307
2335	-56.59593477527962	677.654015985
2336	-56.59593477527962	677.95800041
2337	-56.59593477527962	678.287810209
2338	-56.59593477527962	678.594569499
2339	-56.59593477527962	678.889867253
2340	-56.59593477527962	679.250426366
2341	-56.59593477527962	679.561098919
2342	-56.59593477527962	679.888353664
2343	-56.59593477527962	680.210403079
2344	-56.59593477527962	680.553684074
2345	-56.59593477527962	680.874794088
2346	-56.59593477527962	681.203558146
2347	-56.59593477527962	681.510710016
2348	-56.59593477527962	681.858222445
2349	-56.59593477527962	682.243607091
2350	-56.59593477527962	682.552090657
2351	-56.59593477527962	682.8615313
2352	-56.59593477527962	683.194057234
2353	-56.59593477527962	683.524873716
2354	-56.59593477527962	683.909042417
2355	-56.59593477527962	684.437077306
2356	-56.59593477527962	685.014122647
2357	-56.59593477527962	685.396289955
2358	-56.59593477527962	685.797874761
2359	-56.59593477527962	686.16073576
2360	-56.59593477527962	686.533807852
2361	-56.59593477527962	686.92322921
2362	-56.59593477527962	687.30891207
2363	-56.59593477527962	687.676673914
2364	-56.59593477527962	688.018448163
2365	-56.59593477527962	688.433636166
2366	-56.59593477527962	688.694939614
2367	-56.59593477527962	688.978532643
2368	-56.59593477527962	689.23704298
2369	-56.59593477527962	689.502939367
2370	-56.59593477527962	689.753373145
2371	-56.59593477527962	689.983212823
2372	-56.59593477527962	690.24301038
2373	-56.59593477527962	690.516493242
2374	-56.59593477527962	690.777715722
2375	-56.59593477527962	691.04789201
2376	-56.59593477527962	691.305931079
2377	-56.59593477527962	691.569495929
2378	-56.59593477527962	691.80671567
2379	-56.59593477527962	692.029104865
2380	-56.59593477527962	692.257590609
2381	-56.59593477527962	692.490024684
2382	-56.59593477527962	692.715529152
2383	-56.59593477527962	692.957061865
2384	-56.59593477527962	693.212145887
2385	-56.59593477527962	693.486005364
2386	-56.59593477527962	693.771586101
2387	-56.59593477527962	694.022459501
2388	-56.59593477527962	694.271962146
2389	-56.59593477527962	694.5380792
2390	-56.59593477527962	694.790589921
2391	-56.59593477527962	695.063534232
2392	-56.59593477527962	695.34458133
2393	-56.59593477527962	695.597547354
2394	-56.59593477527962	695.849115254
2395	-56.59593477527962	696.121132709
2396	-56.59593477527962	696.367514379
2397	-56.59593477527962	696.626188363
2398	-56.59593477527962	696.882569298
2399	-56.59593477527962	697.139741382
2400	-56.59593477527962	697.375614032
2401	-56.59593477527962	697.621339405
2402	-56.59593477527962	697.876134907
2403	-56.59593477527962	698.143876167
2404	-56.59593477527962	698.407319566
2405	-56.59593477527962	698.693473922
2406	-56.59593477527962	698.93512381
2407	-56.59593477527962	699.166759324
2408	-56.59593477527962	699.397361071
2409	-56.59593477527962	699.658482056
2410	-56.59593477527962	699.88511979
2411	-56.59593477527962	700.139607956
2412	-56.59593477527962	700.402138183
2413	-56.59593477527962	700.680348266
2414	-56.59593477527962	700.966653154
2415	-56.59593477527962	701.208055577
2416	-56.59593477527962	701.457544822
2417	-56.59593477527962	701.71331194
2418	-56.59593477527962	701.978126663
2419	-56.59593477527962	702.21374415
2420	-56.59593477527979	702.446225836
2421	-56.59593477527979	702.754428865
2422	-56.59593477527979	703.028512715
2423	-56.59593477527979	703.342029127
2424	-56.59593477527979	703.656328135
2425	-56.59593477527979	703.886637085
2426	-56.59593477527979	704.115072937
2427	-56.59593477527979	704.359420999
2428	-56.59593477527979	704.598585113
2429	-56.59593477527979	704.840831428
2430	-56.59593477527979	705.194488873
2431	-56.59593477527979	705.434303581
2432	-56.59593477527979	705.691781291
2433	-56.59593477527979	705.989652631
2434	-56.59593477527979	706.264461201
2435	-56.59593477527979	706.525889808
2436	-56.59593477527979	706.77057229
2437	-56.59593477527979	707.032950275
2438	-56.59593477527979	707.299762969
2439	-56.59593477527979	707.565275899
2440	-56.59593477527979	707.821062689
2441	-56.59593477527979	708.057067624
2442	-56.59593477527979	708.328572472
2443	-56.59593477527979	708.56032174
2444	-56.59593477527979	708.776704192
2445	-56.59593477527979	709.012189108
2446	-56.59593477527979	709.256873301
2447	-56.59593477527979	709.52465476
2448	-56.59593477527979	709.819166212
2449	-56.59593477527979	710.09145166
2450	-56.59593477527979	710.373635447
2451	-56.59593477527979	710.625500705
2452	-56.59593477527979	710.918864065
2453	-56.59593477527979	711.169862623
2454	-56.59593477527979	711.419956563
2455	-56.59593477527979	711.705032391
2456	-56.59593477527979	711.94828995
2457	-56.59593477527979	712.199545097
2458	-56.59593477527979	712.478060235
2459	-56.59593477527979	712.736032591
2460	-56.59593477527979	713.00359766
2461	-56.59593477527979	713.287231744
2462	-56.59593477527979	713.533861166
2463	-56.59593477527979	713.770259822
2464	-56.59593477527979	714.026059726
2465	-56.59593477527979	714.292833647
2466	-56.59593477527979	714.580132959
2467	-56.59593477527979	714.844018831
2468	-56.59593477527979	715.090697004
2469	-56.59593477527979	715.365829161
2470	-56.59593477527979	715.658220905
2471	-56.59593477527979	715.926811474
2472	-56.59593477527979	716.212954426
2473	-56.59593477527979	716.493149651
2474	-56.59593477527979	716.792806278
2475	-56.59593477527979	717.05798051
2476	-56.59593477527979	717.336469704
2477	-56.59593477527979	717.622018225
2478	-56.59593477527979	717.963953269
2479	-56.59593477527979	718.269996391
2480	-56.59593477527979	718.574912518
2481	-56.59593477527979	718.836858578
2482	-56.59593477527979	719.10334512
2483	-56.59593477527979	719.346234332
2484	-56.59593477527979	719.587179742
2485	-56.59593477527979	719.831161738
2486	-56.59593477527979	720.073118962
2487	-56.59593477527979	720.342939447
2488	-56.59593477527979	720.592868315
2489	-56.59593477527979	720.895283842
2490	-56.59593477527979	721.153703232
2491	-56.59593477527979	721.423464702
2492	-56.59593477527979	721.691818069
2493	-56.59593477527979	721.949553222
2494	-56.59593477527979	722.188282276
2495	-56.59593477527979	722.446304524
2496	-56.59593477527979	722.698293514
2497	-56.59593477527979	722.97300287
2498	-56.59593477527979	723.255133914
2499	-56.59593477527979	723.529071223
2500	-56.59593477527979	723.778631744
2501	-56.59593477527979	724.036802813
