1	-258.93949471727973	69.350292569
2	-258.8992072023869	134.149928383
3	-258.8992072023869	194.56370148
4	-258.8992072023869	252.300288121
5	-258.8992072023869	293.266433702
6	-258.8992072023869	340.733752467
7	-258.8992072023869	379.444404467
8	-258.8992072023869	426.056351616
9	-258.8992072023869	470.185034959
10	-258.93000583275983	508.440822192
11	-258.970014247782	553.549943721
12	-258.970014247782	599.633940291
13	-258.970014247782	646.464641111
14	-258.970014247782	689.206091263
15	-258.970014247782	733.620023446
16	-258.970014247782	770.725924777
17	-258.970014247782	814.636944954
18	-258.970014247782	853.278432397
19	-258.970014247782	889.365886083
20	-258.970014247782	927.809097694
21	-258.970014247782	970.889917401
22	-258.970014247782	1009.107256693
23	-258.970014247782	1054.626525709
24	-258.970014247782	1101.695752702
25	-258.970014247782	1139.335172605
26	-258.970014247782	1188.817412049
27	-258.970014247782	1231.283151649
28	-258.970014247782	1278.440437593
29	-258.970014247782	1327.994900996
30	-258.970014247782	1370.322658735
31	-258.970014247782	1415.379865649
32	-258.970014247782	1461.712485189
33	-258.970014247782	1506.589012609
34	-258.970014247782	1553.891306405
35	-258.970014247782	1598.333356236
36	-258.970014247782	1642.912853366
37	-259.13686905367325	1685.412099848
38	-259.13686905367325	1728.381159146
39	-259.13686905367325	1769.484546754
40	-259.13686905367325	1811.101812434
41	-259.13686905367325	1850.229639052
42	-259.13686905367325	1891.202692308
43	-259.13686905367325	1936.356403105
44	-259.13686905367325	1973.720091072
45	-259.13686905367325	2017.99144445
46	-259.13686905367325	2073.638120419
47	-259.13686905367325	2122.421077345
48	-259.13686905367325	2170.168971885
49	-259.13686905367325	2212.90442212
50	-259.13686905367325	2267.351810438
51	-259.13686905367325	2307.227213141
52	-259.13686905367325	2350.770243486
53	-259.13686905367325	2404.875182606
54	-259.13686905367325	2463.380751739
55	-259.13686905367325	2510.115198423
56	-259.13686905367325	2560.072563796
57	-259.13686905367325	2604.257145732
58	-259.13686905367325	2651.455623985
59	-259.13686905367325	2695.543296342
60	-259.13686905367325	2739.010988588
61	-259.13686905367325	2788.414099251
62	-259.13686905367325	2837.05009967
63	-259.13686905367325	2879.696222831
64	-259.13686905367325	2924.666824516
65	-259.13686905367325	2978.796194093
66	-259.13686905367325	3020.356811368
67	-259.13686905367325	3065.253449988
68	-259.13686905367325	3118.703496858
69	-259.13686905367325	3173.507767819
70	-259.13686905367325	3231.74011161
71	-259.13686905367325	3288.07244377
72	-259.13686905367325	3342.610827278
73	-259.13686905367325	3388.90460772
74	-259.13686905367325	3434.472870506
75	-259.13686905367325	3487.519687827
76	-259.13686905367325	3542.859600496
77	-259.13686905367325	3579.281780035
78	-259.13686905367325	3624.938769191
79	-259.13686905367325	3678.299653205
80	-259.13686905367325	3730.890377836
81	-259.13686905367325	3781.28420281
82	-259.13686905367325	3829.765876903
83	-259.13686905367325	3876.54959704
84	-259.13686905367325	3935.131239259
85	-259.13686905367325	3978.888881349
86	-259.13686905367325	4028.29367638
87	-259.13686905367325	4060.215528911
88	-259.13686905367325	4097.476648074
89	-259.13686905367325	4139.462487755
90	-259.13686905367325	4184.955726336
91	-259.13686905367325	4236.392387787
92	-259.13686905367325	4284.606267968
93	-259.36974868249376	4345.905430517
94	-259.36974868249376	4405.961108158
95	-259.36974868249376	4457.094987438
96	-259.36974868249376	4505.209302053
97	-259.36974868249376	4557.922408189
98	-259.36974868249376	4602.93068206
99	-259.36974868249376	4659.326631025
100	-259.36974868249376	4698.040271722
101	-259.36974868249376	4744.282302623
102	-259.36974868249376	4798.304140955
103	-259.36974868249376	4845.238924741
104	-259.36974868249376	4891.194696979
105	-259.36974868249376	4940.26146841
106	-259.36974868249376	4997.076884479
107	-259.36974868249376	5045.614031511
108	-259.36974868249376	5092.041868564
109	-259.36974868249376	5138.23440563
110	-259.36974868249376	5194.006692424
111	-259.36974868249376	5249.449081238
112	-259.36974868249376	5288.657610958
113	-259.36974868249376	5341.660587966
114	-259.36974868249376	5397.614203141
115	-259.36974868249376	5454.636060005
116	-259.36974868249376	5501.413757417
117	-259.36974868249376	5558.718810405
118	-259.36974868249376	5611.312580469
119	-259.36974868249376	5660.449051303
120	-259.36974868249376	5702.957175497
121	-259.36974868249376	5749.492101319
122	-259.36974868249376	5802.462854107
123	-259.36974868249376	5844.872714785
124	-259.36974868249376	5906.017733185
125	-259.36974868249376	5952.645579476
126	-259.36974868249376	5998.112251065
127	-259.36974868249376	6044.90235857
128	-259.36974868249376	6101.979564927
129	-259.36974868249376	6156.49773574
130	-259.36974868249376	6205.453311259
131	-259.36974868249376	6249.838654524
132	-259.36974868249376	6293.450403529
133	-259.36974868249376	6339.563782733
134	-259.36974868249376	6380.705854061
135	-259.36974868249376	6421.241437323
136	-259.36974868249376	6464.401291158
137	-259.36974868249376	6501.901096435
138	-259.36974868249376	6549.732338659
139	-259.36974868249376	6598.197606704
140	-259.36974868249376	6654.198232497
141	-259.36974868249376	6708.013287345
142	-259.36974868249376	6747.179079516
143	-259.36974868249376	6783.288671744
144	-259.36974868249376	6827.306812907
145	-259.36974868249376	6882.962991525
146	-259.36974868249376	6935.542319307
147	-259.36974868249376	6981.939970885
148	-259.36974868249376	7035.873767942
149	-259.36974868249376	7094.992740227
150	-259.36974868249376	7135.69779658
151	-259.36974868249376	7191.997097402
152	-259.36974868249376	7240.142190213
153	-259.36974868249376	7290.307179545
154	-259.36974868249376	7335.435213146
155	-259.36974868249376	7386.302626222
156	-259.36974868249376	7436.926817537
157	-259.36974868249376	7485.119966997
158	-259.36974868249376	7536.832111492
159	-259.36974868249376	7580.948996564
160	-259.36974868249376	7628.414942575
161	-259.36974868249376	7676.611212163
162	-259.36974868249376	7730.062736133
163	-259.36974868249376	7785.388675793
164	-259.36974868249376	7828.904087128
165	-259.36974868249376	7878.540646343
166	-259.36974868249376	7922.964401912
167	-259.36974868249376	7975.372734172
168	-259.36974868249376	8023.82694492
169	-259.36974868249376	8064.527618439
170	-259.36974868249376	8114.379901572
171	-259.36974868249376	8161.531279116
172	-259.36974868249376	8213.786471062
173	-259.36974868249376	8266.767105967
174	-259.36974868249376	8318.582094386
175	-259.36974868249376	8376.652671039
176	-259.36974868249376	8427.533249153
177	-259.36974868249376	8481.771403556
178	-259.36974868249376	8535.028615431
179	-259.36974868249376	8592.088627155
180	-259.36974868249376	8648.652038689
181	-259.36974868249376	8703.055886334
182	-259.36974868249376	8748.04483645
183	-259.36974868249376	8795.290038226
184	-259.36974868249376	8841.709535265
185	-259.36974868249376	8894.728107213
186	-259.36974868249376	8946.779840789
187	-259.36974868249376	8994.076528674
188	-259.36974868249376	9038.954321651
189	-259.36974868249376	9083.527008041
190	-259.36974868249376	9134.196667871
191	-259.36974868249376	9181.961881348
192	-259.36974868249376	9219.403522631
193	-259.36974868249376	9268.294202388
194	-259.36974868249376	9316.019613986
195	-259.36974868249376	9350.058942315
196	-259.36974868249376	9389.535225462
197	-259.36974868249376	9435.232282209
198	-259.36974868249376	9481.910225034
199	-259.36974868249376	9524.899761885
200	-259.36974868249376	9572.150676199
201	-259.36974868249376	9617.303901472
202	-259.36974868249376	9663.262649862
203	-259.36974868249376	9705.828986232
204	-259.36974868249376	9747.157069839
205	-259.36974868249376	9784.316470651
206	-259.36974868249376	9833.28774232
207	-259.36974868249376	9872.873773644
208	-259.36974868249376	9918.494097586
209	-259.36974868249376	9961.259481552
210	-259.36974868249376	10008.260201143
211	-259.36974868249376	10038.159834163
212	-259.36974868249376	10073.386931269
213	-259.36974868249376	10114.882531614
214	-259.36974868249376	10159.50286696
215	-259.36974868249376	10197.611388354
216	-259.36974868249376	10240.163814722
217	-259.36974868249376	10293.541848037
218	-259.36974868249376	10345.188807109
219	-259.36974868249376	10395.338848677
220	-259.36974868249376	10441.235265775
221	-259.36974868249376	10482.238330594
222	-259.36974868249376	10527.520201291
223	-259.36974868249376	10576.604737269
224	-259.36974868249376	10624.872967953
225	-259.36974868249376	10667.486361697
226	-259.36974868249376	10719.506495706
227	-259.36974868249376	10765.402679022
228	-259.36974868249376	10818.632972663
229	-259.36974868249376	10861.777984221
230	-259.36974868249376	10914.502118574
231	-259.36974868249376	10955.785235441
232	-259.36974868249376	11004.059868603
233	-259.36974868249376	11055.807734064
234	-259.36974868249376	11093.590809021
235	-259.36974868249376	11137.087141501
236	-259.36974868249376	11192.857135241
237	-259.36974868249376	11241.22017204
238	-259.36974868249376	11289.801459025
239	-259.36974868249376	11330.212326674
240	-259.36974868249376	11374.952992803
241	-259.36974868249376	11412.661018181
242	-259.36974868249376	11457.427193583
243	-259.36974868249376	11500.195369243
244	-259.36974868249376	11552.801480122
245	-259.36974868249376	11610.312392589
246	-259.36974868249376	11649.142625275
247	-259.36974868249376	11687.280354823
248	-259.36974868249376	11728.768369812
249	-259.36974868249376	11763.746725633
250	-259.36974868249376	11812.142276314
251	-259.36974868249376	11861.372491552
252	-259.36974868249376	11908.871378809
253	-259.36974868249376	11956.082641207
254	-259.36974868249376	12003.071501801
255	-259.36974868249376	12048.004464087
256	-259.36974868249376	12108.748262604
257	-259.36974868249376	12154.844746814
258	-259.36974868249376	12201.98075037
259	-259.36974868249376	12236.300297529
260	-259.36974868249376	12291.766775251
261	-259.36974868249376	12325.478667433
262	-259.36974868249376	12365.540073578
263	-259.36974868249376	12412.838810474
264	-259.36974868249376	12463.518869307
265	-259.36974868249376	12506.954573394
266	-259.36974868249376	12558.301811122
267	-259.36974868249376	12602.004807062
268	-259.36974868249376	12651.378566736
269	-259.36974868249376	12692.978104077
270	-259.36974868249376	12738.465916646
271	-259.36974868249376	12785.045405793
272	-259.36974868249376	12829.193197071
273	-259.36974868249376	12877.200719135
274	-259.36974868249376	12922.02739435
275	-259.36974868249376	12971.802071418
276	-259.36974868249376	13009.849940186
277	-259.36974868249376	13057.473454675
278	-259.36974868249376	13097.186612984
279	-259.36974868249376	13143.572989735
280	-259.36974868249376	13186.800273866
281	-259.36974868249376	13224.219344682
282	-259.36974868249376	13272.954343889
283	-259.36974868249376	13315.864905626
284	-259.36974868249376	13361.807927931
285	-259.36974868249376	13408.18098341
286	-259.36974868249376	13454.743834154
287	-259.36974868249376	13503.146271127
288	-259.36974868249376	13561.790331023
289	-259.36974868249376	13598.478116336
290	-259.36974868249376	13634.370409186
291	-259.36974868249376	13668.486194629
292	-259.36974868249376	13711.574230773
293	-259.36974868249376	13765.439170041
294	-259.36974868249376	13821.162843388
