1	-269.4430764098861	60.516344751
2	-269.1534640944085	116.164086421
3	-269.81305189631786	149.148015936
4	-269.81305189631786	182.449363487
5	-269.82255636284833	211.920852117
6	-269.8225563629216	233.916518605
7	-269.95639233306343	254.511892923
8	-269.98879707523446	268.567713115
9	-269.98879707523446	284.057506554
10	-269.990237279958	303.399237587
11	-269.990237279958	320.364110199
12	-269.990237279958	340.113850473
13	-269.990237279958	356.427205558
14	-269.990237279958	375.3739601
15	-269.990237279958	391.89058824
16	-269.990237279958	408.759548551
17	-269.990237279958	429.04833576
18	-269.990237279958	445.62302982
19	-269.990237279958	466.823097788
20	-269.990237279958	489.642579089
21	-269.990237279958	507.587658102
22	-269.990237279958	536.476724196
23	-270.0110932885533	570.729981172
24	-270.0110932885533	593.365019666
25	-270.0110932885533	621.858231733
26	-270.0110932885533	644.85664658
27	-270.0110932885533	668.548458068
28	-270.0110932885533	709.905182481
29	-270.0110932885533	734.348773274
30	-270.0110932885533	759.727638225
31	-270.0110932885533	779.255195082
32	-270.0110932885533	806.41006994
33	-270.0110932885533	833.658610801
34	-270.0110932885533	859.265298721
35	-270.0110932885533	883.706863598
36	-270.0110932885533	910.10582749
37	-270.0110932885533	944.287874036
38	-270.0110932885533	967.287000776
39	-270.0110932885533	990.522095777
40	-270.0110932885533	1015.689422924
41	-270.0110932885533	1043.69577437
42	-270.0110932885533	1071.701043863
43	-270.0110932885533	1102.58504545
44	-270.0110932885533	1145.169881068
45	-270.0110932885533	1167.870690864
46	-270.0110932885533	1191.896243758
47	-270.0110932885533	1215.812085251
48	-270.0110932885533	1238.92656722
49	-270.0110932885533	1270.652970679
50	-270.0110932885533	1295.915383054
51	-270.0110932885533	1317.898250573
52	-270.0110932885533	1340.341740156
53	-270.0110932885533	1362.738065167
54	-270.0110932885533	1387.359836558
55	-270.0110932885533	1413.412219875
56	-270.0110932885533	1435.727106229
57	-270.0110932885533	1462.045936363
58	-270.0110932885533	1483.921070218
59	-270.0110932885533	1512.332177065
60	-270.0110932885533	1535.329780804
61	-270.0110932885533	1570.753954329
62	-270.0110932885533	1601.479357944
63	-270.0110932885533	1628.747263045
64	-270.0110932885533	1661.365929703
65	-270.0110932885533	1687.4650106
66	-270.0110932885533	1721.17091826
67	-270.0110932885533	1744.940325834
68	-270.0110932885533	1774.712605501
69	-270.0110932885533	1796.168800826
70	-270.0110932885533	1823.285819039
71	-270.0110932885533	1852.153293127
72	-270.0110932885533	1883.300652193
73	-270.0110932885533	1910.197259738
74	-270.0110932885533	1933.300105658
75	-270.0110932885533	1962.414622123
76	-270.0110932885533	1985.947606419
77	-270.0110932885533	2014.424272169
78	-270.0110932885533	2041.513170169
79	-270.0110932885533	2079.189983715
80	-270.0110932885533	2101.350887571
81	-270.0110932885533	2132.704245245
82	-270.0110932885533	2157.214210041
83	-270.0110932885533	2182.706875002
84	-270.0110932885533	2203.937501924
85	-270.0110932885533	2240.576291472
86	-270.0110932885533	2275.302269277
87	-270.0110932885533	2306.623838362
88	-270.0110932885533	2338.079019018
89	-270.0110932885533	2363.525855669
90	-270.0110932885533	2388.858614907
91	-270.0110932885533	2417.663873737
92	-270.0110932885533	2439.062624374
93	-270.0110932885533	2466.664244081
94	-270.0110932885533	2491.487805441
95	-270.0110932885533	2531.062360943
96	-270.0110932885533	2556.911249967
97	-270.0110932885533	2583.605737113
98	-270.0110932885533	2618.172973827
99	-270.0110932885533	2636.966253633
100	-270.0110932885533	2655.868266949
101	-270.0110932885533	2685.502648859
102	-270.0110932885533	2709.522086654
103	-270.0110932885533	2728.894812273
104	-270.0110932885533	2751.820103959
105	-270.0110932885533	2776.808356721
106	-270.0110932885533	2804.235461353
107	-270.0110932885533	2830.070378509
108	-270.0110932885533	2857.283109454
109	-270.0110932885533	2886.426430943
110	-270.0110932885533	2913.023839446
111	-270.0110932885533	2942.514358748
112	-270.0110932885533	2965.314691345
113	-270.0110932885533	2993.067403782
114	-270.0110932885533	3028.438515168
115	-270.0110932885533	3058.744829151
116	-270.0110932885533	3092.651070776
117	-270.0110932885533	3119.441908136
118	-270.0110932885533	3148.630314111
119	-270.0110932885533	3169.92222316
120	-270.0110932885533	3196.539490265
121	-270.0110932885533	3228.200013514
122	-270.0110932885533	3262.137160204
123	-270.0110932885533	3281.747505665
124	-270.0110932885533	3305.415491106
125	-270.0110932885533	3336.658827477
126	-270.0110932885533	3364.927598425
127	-270.0110932885533	3392.141957573
128	-270.0110932885533	3421.11468781
129	-270.0110932885533	3450.093379192
130	-270.0110932885533	3471.855407538
131	-270.0110932885533	3493.500453878
132	-270.0110932885533	3526.902560706
133	-270.0110932885533	3548.830895543
134	-270.0110932885533	3572.956714491
135	-270.0110932885533	3610.164178509
136	-270.0110932885533	3638.091620984
137	-270.0110932885533	3669.735687152
138	-270.0110932885533	3696.612907364
139	-270.0110932885533	3714.891937616
140	-270.0110932885533	3743.429711867
141	-270.0110932885533	3774.950524982
142	-270.0110932885533	3804.315917273
143	-270.0110932885533	3834.652308963
144	-270.0110932885533	3860.898048722
145	-270.0110932885533	3886.019060894
146	-270.0110932885533	3908.973787386
147	-270.0110932885533	3942.756739751
148	-270.0110932885533	3974.681490888
149	-270.0110932885533	4006.363598445
150	-270.0110932885533	4037.775312269
151	-270.0110932885533	4073.631052519
152	-270.0110932885533	4096.334259431
153	-270.0110932885533	4121.160930941
154	-270.0110932885533	4148.702577983
155	-270.0110932885533	4185.299289133
156	-270.0110932885533	4213.86345561
157	-270.0110932885533	4244.390825443
158	-270.0110932885533	4282.110403336
159	-270.0110932885533	4300.273223631
160	-270.0110932885533	4322.270252039
161	-270.0110932885533	4350.85170096
162	-270.0110932885533	4379.054004393
163	-270.0110932885533	4400.431134798
164	-270.0110932885533	4422.974265213
165	-270.0110932885533	4459.278030407
166	-270.0110932885533	4486.004388536
167	-270.0110932885533	4514.88134332
168	-270.0110932885533	4541.905394024
169	-270.0110932885533	4569.797462501
170	-270.0110932885533	4605.218898216
171	-270.0110932885533	4622.321413705
172	-270.0110932885533	4652.50574846
173	-270.0110932885533	4685.675609856
174	-270.0110932885533	4713.377535817
175	-270.0110932885533	4736.57493839
176	-270.0110932885533	4759.965532902
177	-270.0110932885533	4785.517520216
178	-270.0110932885533	4818.27896867
179	-270.0110932885533	4839.535509706
180	-270.0110932885533	4862.882572669
181	-270.0110932885533	4887.397174892
182	-270.0110932885533	4906.228112915
183	-270.0175341263806	4933.375231928
184	-270.0175341263806	4966.413060634
185	-270.0175341263806	4991.51932233
186	-270.0175341263806	5015.920582983
187	-270.0175341263806	5050.225391926
188	-270.0175341263806	5085.265751174
189	-270.0175341263806	5110.806632154
190	-270.0175341263806	5142.964998911
191	-270.0175341263806	5170.135998424
192	-270.0175341263806	5192.137440457
193	-270.0175341263806	5231.512174316
194	-270.0175341263806	5260.799902382
195	-270.0175341263806	5282.897887926
196	-270.0175341263806	5312.109334783
197	-270.0175341263806	5339.480697057
198	-270.0175341263806	5372.682365288
199	-270.0175341263806	5401.787337194
200	-270.0175341263806	5426.085077667
201	-270.0175341263806	5449.498446208
202	-270.0175341263806	5490.458556804
203	-270.0175341263806	5526.21172939
204	-270.0175341263806	5554.076298314
205	-270.0175341263806	5590.892572817
206	-270.0175341263806	5630.569547159
207	-270.0175341263806	5657.400593805
208	-270.0175341263806	5686.308762988
209	-270.0175341263806	5720.878758323
210	-270.0175341263806	5744.34567909
211	-270.0175341263806	5776.0811872
212	-270.0175341263806	5804.422017888
213	-270.0175341263806	5837.957411274
214	-270.0175341263806	5856.560974219
215	-270.0175341263806	5888.445412008
216	-270.0175341263806	5909.474283459
217	-270.0175341263806	5933.435117352
218	-270.0175341263806	5964.332286258
219	-270.0175341263806	6002.756509105
220	-270.0175341263806	6033.414389767
221	-270.0175341263806	6063.832831938
222	-270.0175341263806	6095.577000799
223	-270.0175341263806	6126.203206342
224	-270.0175341263806	6152.904475434
225	-270.0175341263806	6186.666709907
226	-270.0175341263806	6206.685683845
227	-270.0175341263806	6242.176056892
228	-270.0175341263806	6268.654029824
229	-270.0175341263806	6295.315438306
230	-270.0175341263806	6338.829198631
231	-270.0175341263806	6364.357241583
232	-270.0175341263806	6389.581571229
233	-270.0175341263806	6418.874680546
234	-270.0175341263806	6442.856691626
235	-270.0175341263806	6483.638404378
236	-270.0175341263806	6521.932925793
237	-270.0175341263806	6544.828896996
238	-270.0175341263806	6574.766588226
239	-270.0175341263806	6600.566384836
240	-270.0175341263806	6633.434650074
241	-270.0175341263806	6659.556301724
242	-270.0175341263806	6693.543254433
243	-270.0175341263806	6714.438701908
244	-270.0175341263806	6739.433981516
245	-270.0175341263806	6772.279521763
246	-270.0175341263806	6806.810578501
247	-270.0175341263806	6841.781584457
248	-270.0175341263806	6874.549876153
249	-270.0175341263806	6897.605588006
250	-270.0175341263806	6928.049985061
251	-270.0175341263806	6954.09751399
252	-270.0175341263806	6979.64215144
253	-270.0175341263806	7008.820397896
254	-270.0175341263806	7031.555979277
255	-270.0175341263806	7050.0733176
256	-270.0175341263806	7074.357880776
257	-270.0175341263806	7101.906345116
258	-270.0175341263806	7126.958873549
259	-270.0175341263806	7150.033600395
260	-270.0175341263806	7166.733323393
261	-270.0175341263806	7193.486359987
262	-270.0175341263806	7223.291489667
263	-270.0175341263806	7247.299734458
264	-270.0175341263806	7278.601793618
265	-270.0175341263806	7308.337802077
266	-270.0175341263806	7326.555670229
267	-270.0175341263806	7350.97912901
268	-270.0175341263806	7371.590855207
269	-270.0175341263806	7397.357938081
270	-270.0175341263806	7426.646750379
271	-270.0175341263806	7456.585996257
272	-270.0175341263806	7481.645758803
273	-270.0175341263806	7502.342249343
274	-270.0175341263806	7527.124029094
275	-270.0175341263806	7557.260430933
276	-270.0175341263806	7578.679789984
277	-270.0175341263806	7599.132153002
278	-270.0175341263806	7618.015121389
279	-270.0175341263806	7640.21132797
280	-270.0175341263806	7672.382022427
281	-270.0175341263806	7693.64828621
282	-270.0175341263806	7720.064123713
283	-270.0175341263806	7741.033795403
284	-270.0175341263806	7763.632322066
285	-270.0175341263806	7784.540320189
286	-270.0175341263806	7813.045965729
287	-270.0175341263806	7840.712777131
288	-270.0175341263806	7873.630097435
289	-270.0175341263806	7901.839133491
290	-270.0175341263806	7928.902579808
291	-270.0175341263806	7955.901773832
292	-270.0175341263806	7980.921813472
293	-270.0175341263806	8007.413484006
294	-270.0175341263806	8026.23867642
295	-270.0175341263806	8045.368438008
296	-270.0175341263806	8062.416199293
297	-270.0175341263806	8094.458187315
298	-270.0175341263806	8125.194811304
299	-270.0175341263806	8150.705164405
300	-270.0175341263806	8176.856203251
301	-270.0175341263806	8200.497196047
302	-270.0175341263806	8225.556037152
303	-270.0175341263806	8250.048833259
304	-270.0175341263806	8276.925701373
305	-270.0175341263806	8299.051984463
306	-270.0175341263806	8320.322521602
307	-270.0175341263806	8335.363452759
308	-270.0175341263806	8353.666057314
309	-270.0175341263806	8383.914721908
310	-270.0175341263806	8406.761717872
311	-270.0175341263806	8432.898694472
312	-270.0175341263806	8450.116266691
313	-270.0175341263806	8473.768824831
314	-270.0175341263806	8495.368389541
315	-270.0175341263806	8530.935338305
316	-270.0175341263806	8558.909658542
317	-270.0175341263806	8594.48890621
318	-270.0175341263806	8619.583364789
319	-270.0175341263806	8647.272744093
320	-270.0175341263806	8677.81182353
321	-270.0175341263806	8702.707418687
322	-270.0175341263806	8731.376635188
323	-270.0175341263806	8757.279296819
324	-270.0175341263806	8780.892645232
325	-270.0175341263806	8808.797502415
326	-270.0175341263806	8841.852392897
327	-270.0175341263806	8867.296749467
328	-270.0175341263806	8891.294628897
329	-270.0175341263806	8923.447607274
330	-270.0175341263806	8953.468056317
331	-270.0175341263806	8979.81064835
332	-270.0175341263806	9004.585976015
333	-270.0175341263806	9040.244645262
334	-270.0175341263806	9080.112600597
335	-270.0175341263806	9114.093349827
336	-270.0175341263806	9140.915964657
337	-270.0175341263806	9161.197835354
338	-270.0175341263806	9189.266281174
339	-270.0175341263806	9212.938841321
340	-270.0175341263806	9227.29677199
341	-270.0175341263806	9253.390638132
342	-270.0175341263806	9280.755653237
343	-270.0175341263806	9306.083910184
344	-270.0175341263806	9331.537551018
345	-270.0175341263806	9357.313081104
346	-270.0175341263806	9377.199163917
347	-270.0175341263806	9396.253676072
348	-270.0175341263806	9416.923059927
349	-270.0175341263806	9447.214254801
350	-270.0175341263806	9474.426440066
351	-270.0175341263806	9493.993338081
352	-270.0175341263806	9528.600708529
353	-270.0175341263806	9559.997947569
354	-270.0175341263806	9583.552700063
355	-270.0175341263806	9608.52141496
356	-270.0175341263806	9636.106499469
357	-270.0175341263806	9666.872029976
358	-270.0175341263806	9689.089129215
359	-270.0175341263806	9715.660318262
360	-270.0175341263806	9747.322518181
361	-270.0175341263806	9777.49909766
362	-270.0175341263806	9802.140963431
363	-270.0175341263806	9837.85664544
364	-270.0175341263806	9860.871118228
365	-270.0175341263806	9891.220320862
366	-270.0175341263806	9912.881209323
367	-270.0175341263806	9938.483810628
368	-270.0175341263806	9962.045953754
369	-270.0175341263806	9985.692008491
370	-270.0175341263806	10014.129348479
371	-270.0175341263806	10038.154518484
372	-270.0175341263806	10062.899583413
373	-270.0175341263806	10081.771724293
374	-270.0175341263806	10098.27820888
375	-270.0175341263806	10131.362742007
376	-270.0175341263806	10157.50067483
377	-270.0175341263806	10189.309809017
378	-270.0175341263806	10218.108868931
379	-270.0175341263806	10240.765218608
380	-270.0175341263806	10266.125327437
381	-270.0175341263806	10287.990390438
382	-270.0175341263806	10303.403790055
383	-270.0175341263806	10328.435986621
