1	-239.43175781702996	66.650765001
2	-239.43175781702996	124.854743358
3	-239.43175781702996	166.169357032
4	-239.43175781702996	214.432214764
5	-239.43175781702996	253.001833174
6	-239.43175781702996	294.816550908
7	-239.43175781702996	339.096740828
8	-240.10791130552184	380.727558731
9	-240.10791130552184	424.05370743
10	-240.10791130552184	469.400931355
11	-240.10791130552184	510.793942715
12	-240.10791130552184	555.37609969
13	-240.10791130552184	590.567007205
14	-240.10791130552184	640.637668499
15	-240.10791130552184	679.25568127
16	-240.10791130552184	716.781414697
17	-240.10791130552184	757.692342978
18	-240.10791130552184	807.067182255
19	-240.10791130552184	859.36463651
20	-240.10791130552184	894.296252856
21	-240.10791130552184	940.849698567
22	-240.10791130552184	984.833858007
23	-240.10791130552184	1031.398950786
24	-240.10791130552184	1073.908107246
25	-240.10791130552184	1122.730902634
26	-240.10791130552184	1170.503655799
27	-240.10791130552184	1214.998152571
28	-240.10791130552184	1254.514797675
29	-240.10791130552184	1304.454938992
30	-240.10791130552184	1352.420588508
31	-240.10791130552184	1403.340322866
32	-240.10791130552184	1443.383059193
33	-240.10791130552184	1486.726925531
34	-240.10791130552184	1531.438944194
35	-240.10791130552184	1572.608768786
36	-240.10791130552184	1612.256790013
37	-240.10791130552184	1655.450961318
38	-240.10791130552184	1706.465491858
39	-240.10791130552184	1747.925447417
40	-240.10791130552184	1788.604059553
41	-240.10791130552184	1829.427427986
42	-240.10791130552184	1869.331423563
43	-240.10791130552184	1918.118094879
44	-240.10791130552184	1959.23277116
45	-240.10791130552184	2012.459098272
46	-240.10791130552184	2061.630037878
47	-240.10791130552184	2104.25914919
48	-240.10791130552184	2152.190464474
49	-240.10791130552184	2198.041530366
50	-240.10791130552184	2242.20973019
51	-240.10791130552184	2293.756832492
52	-240.10791130552184	2333.03143109
53	-240.10791130552184	2382.49622332
54	-240.10791130552184	2428.56877053
55	-240.10791130552184	2475.205388447
56	-240.10791130552184	2524.782323016
57	-240.10791130552184	2565.150011489
58	-240.10791130552184	2617.303895451
59	-240.10791130552184	2662.608056613
60	-240.10791130552184	2709.563989168
61	-240.10791130552184	2743.794853885
62	-240.10791130552184	2792.810922522
63	-240.10791130552184	2841.283822056
64	-240.10791130552184	2891.758448422
65	-240.10791130552184	2935.988822771
66	-240.10791130552184	2987.931915698
67	-240.10791130552184	3027.207891884
68	-240.10791130552184	3076.384303927
69	-240.10791130552184	3122.377726454
70	-240.10791130552184	3166.450287634
71	-240.10791130552184	3214.244826202
72	-240.10791130552184	3260.64221266
73	-240.10791130552184	3303.436827064
74	-240.10791130552184	3352.896681699
75	-240.10791130552184	3394.375086455
76	-240.10791130552184	3445.388752581
77	-240.10791130552184	3494.470815759
78	-240.10791130552184	3544.621329019
79	-240.10791130552184	3588.897656445
80	-240.10791130552184	3633.635526565
81	-240.10791130552184	3679.56425773
82	-240.10791130552184	3734.140689672
83	-240.10791130552184	3777.261912066
84	-240.10791130552184	3817.626440239
85	-240.10791130552184	3860.609611817
86	-240.10791130552184	3903.229637659
87	-240.10791130552184	3941.998498394
88	-240.10791130552184	3985.373235321
89	-240.10791130552184	4028.334070404
90	-240.10791130552184	4073.731265563
91	-240.10791130552184	4118.046464255
92	-240.10791130552184	4167.635343818
93	-240.10791130552184	4224.583622944
94	-240.10791130552184	4276.233876196
95	-240.10791130552184	4326.780121497
96	-240.10791130552184	4370.451356178
97	-240.10791130552184	4413.689769123
98	-240.10791130552184	4457.706240317
99	-240.10791130552184	4510.496430015
100	-240.10791130552184	4547.808719863
101	-240.10791130552184	4583.152565103
102	-240.10791130552184	4629.456620494
103	-240.10791130552184	4681.861648978
104	-240.10791130552184	4727.35752619
105	-240.10791130552184	4772.773173112
106	-240.10791130552184	4818.798196647
107	-240.10791130552184	4875.103554361
108	-240.10791130552184	4919.559332109
109	-240.10791130552184	4959.406765295
110	-240.10791130552184	5007.690333615
111	-240.10791130552184	5058.488935955
112	-240.10791130552184	5104.595454755
113	-240.10791130552184	5145.547921956
114	-240.10791130552184	5190.739617479
115	-240.10791130552184	5239.203009028
116	-240.10791130552184	5290.675526531
117	-240.10791130552184	5334.122119308
118	-240.10791130552184	5384.498226126
119	-240.10791130552184	5424.078146801
120	-240.10791130552184	5467.159457323
121	-240.10791130552184	5511.516352594
122	-240.10791130552184	5555.99197794
123	-240.10791130552184	5589.925922959
124	-240.10791130552184	5626.26050112
125	-240.10791130552184	5667.59793681
126	-240.10791130552184	5710.548415174
127	-240.10791130552184	5755.679712896
128	-240.10791130552184	5794.535036997
129	-240.10791130552184	5837.537264175
130	-240.10791130552184	5887.225658275
131	-240.10791130552184	5931.534233879
132	-240.10791130552184	5975.086779253
133	-240.10791130552184	6018.722563832
134	-240.10791130552184	6063.066086342
135	-240.10791130552184	6114.241005047
136	-240.10791130552184	6159.170650232
137	-240.10791130552184	6208.857746
138	-240.10791130552184	6259.683918362
139	-240.10791130552184	6303.422657172
140	-240.10791130552184	6348.150474772
141	-240.10791130552184	6391.406986245
142	-240.10791130552184	6435.66287193
143	-240.10791130552184	6476.620886549
144	-240.10791130552184	6515.932089607
145	-240.10791130552184	6565.179509051
146	-240.10791130552184	6610.283374169
147	-240.10791130552184	6650.293898525
148	-240.10791130552184	6687.664770391
149	-240.10791130552184	6737.792645238
150	-240.10791130552184	6778.964809335
151	-240.10791130552184	6828.13158852
152	-240.10791130552184	6876.409416982
153	-240.10791130552184	6928.509557592
154	-240.10791130552184	6978.37599563
155	-240.10791130552184	7024.603587432
156	-240.10791130552184	7079.947913061
157	-240.10791130552184	7132.089264444
158	-240.10791130552184	7180.546705162
159	-240.10791130552184	7222.324878306
160	-240.10791130552184	7259.05979026
161	-240.10791130552184	7311.308862982
162	-240.10791130552184	7368.846460435
163	-240.10791130552184	7420.991262917
164	-240.10791130552184	7472.11471819
165	-240.10791130552184	7511.852502781
166	-240.10791130552184	7558.016916801
167	-240.10791130552184	7609.074668332
168	-240.10791130552184	7658.255220839
169	-240.10791130552184	7704.941676849
170	-240.10791130552184	7761.969770594
171	-240.10791130552184	7804.968423795
172	-240.10791130552184	7854.031041077
173	-240.10791130552184	7894.359754508
174	-240.10791130552184	7947.818788634
175	-240.10791130552184	7990.012780043
176	-240.10791130552184	8039.004558131
177	-240.10791130552184	8080.050087553
178	-240.10791130552184	8129.846708184
179	-240.10791130552184	8177.08081816
180	-240.10791130552184	8227.563582905
181	-240.10791130552184	8269.376385357
182	-240.10791130552184	8314.739970144
183	-240.10791130552184	8360.436988714
184	-240.10791130552184	8401.509328089
185	-240.10791130552184	8450.022185679
186	-240.10791130552184	8501.515275498
187	-240.10791130552184	8551.658792762
188	-240.10791130552184	8598.558535833
189	-240.10791130552184	8652.393163031
190	-240.10791130552184	8705.686123872
191	-240.10791130552184	8744.867990106
192	-240.10791130552184	8789.808020235
193	-240.10791130552184	8833.403735569
194	-240.10791130552184	8882.016298996
195	-240.10791130552184	8923.756412259
196	-240.10791130552184	8965.853158789
197	-240.10791130552184	9005.864621685
198	-240.10791130552184	9056.163552457
199	-240.10791130552184	9100.291089464
200	-240.10791130552184	9138.864449771
201	-240.10791130552184	9188.272585813
202	-240.10791130552184	9225.244628059
203	-240.10791130552184	9278.030995747
204	-240.10791130552184	9329.66622239
205	-240.10791130552184	9376.362543612
206	-240.10791130552184	9428.887074215
207	-240.10791130552184	9481.06425716
208	-240.10791130552184	9534.320693652
209	-240.10791130552184	9584.614804289
