1	-103.20849145646775	6.975094924
2	-103.36026397165303	13.851207593
3	-103.47952982991903	20.388095365
4	-103.47952982991903	26.762488603
5	-103.47952982991903	31.772621864
6	-103.47952982991903	37.089250983
7	-103.47952982991903	42.544447448
8	-103.66007221450438	49.348458386
9	-103.66007221450438	55.523121785
10	-103.66007221450438	61.85939363
11	-103.67710117770419	68.016912622
12	-103.67710117770419	73.618929751
13	-103.67710117770419	78.668703982
14	-103.67710117770419	84.850590639
15	-103.67710117770419	90.962615301
16	-103.67710117770419	96.091569976
17	-103.67710117770419	101.409521953
18	-103.67710117770419	107.992677242
19	-103.67710117770419	113.849259228
20	-103.67710117770419	119.486716685
21	-103.67710117770419	125.10575962
22	-103.67710117770419	130.46420216
23	-103.67710117770419	136.395247634
24	-103.68388542514435	141.600437969
25	-103.8973337781003	147.476676936
26	-103.9389334810677	154.563006799
27	-103.9389334810677	159.920327761
28	-103.9389334810677	165.839039868
29	-103.9389334810677	172.43226313
30	-103.9389334810677	180.471084441
31	-104.06472743032245	186.399497885
32	-104.06472743032245	191.233316171
33	-104.17938993910148	195.837418512
34	-104.17938993910148	201.196785057
35	-104.17938993910148	207.212769112
36	-104.17938993910148	212.816566398
37	-104.17938993910148	218.200939799
38	-104.17938993910148	222.959662535
39	-104.17938993910148	228.487768699
40	-104.17938993910148	233.3578196
41	-104.17938993910148	237.985124979
42	-104.17938993910148	244.585284691
43	-104.17938993910148	249.659712256
44	-104.17938993910148	254.654793449
45	-104.17938993910148	260.043686519
46	-104.17938993910148	264.273210878
47	-104.17938993910148	269.330742927
48	-104.17938993910148	275.428651501
49	-104.17938993910148	281.429910781
50	-104.17938993910148	287.261284062
51	-104.17938993910148	292.785563061
52	-104.17938993910148	298.710906277
53	-104.17938993910148	304.594685248
54	-104.17938993910148	311.067182353
55	-104.17938993910148	316.124726377
56	-104.17938993910148	321.182487931
57	-104.17938993910148	326.698765067
58	-104.17938993910148	333.306970548
59	-104.17938993910148	338.711967415
60	-104.17938993910148	344.054533952
61	-104.17938993910148	350.273906234
62	-104.17938993910148	356.781510099
63	-104.17938993910148	362.665917143
64	-104.17938993910148	367.555818037
65	-104.32011966239088	371.993969594
66	-104.32011966239088	377.486727803
67	-104.32011966239088	383.028504732
68	-104.32011966239088	389.708046453
69	-104.32011966239088	395.389299621
70	-104.32011966239088	399.77691602
71	-104.32011966239088	405.799212159
72	-104.32011966239088	412.904940988
73	-104.32011966239088	417.92350319
74	-104.32011966239088	424.448656587
75	-104.32011966239088	429.214654469
76	-104.32011966239088	433.930443631
77	-104.32011966239088	438.79765381
78	-104.32011966239088	445.670329899
79	-104.32011966239088	452.840522381
80	-104.32011966239088	458.257264456
81	-104.32011966239088	463.86107229
82	-104.32011966239088	470.305957022
83	-104.32011966239088	476.87558039
84	-104.32011966239088	482.320407532
85	-104.32011966239088	488.806942038
86	-104.32011966239088	496.980768957
87	-104.32011966239088	503.936626565
88	-104.32011966239088	509.644657337
89	-104.32011966239088	515.01274676
90	-104.32011966239088	522.192773434
91	-104.32011966239088	529.318832932
92	-104.32011966239088	535.226604949
93	-104.32011966239088	540.315852511
94	-104.32011966239088	545.758896931
95	-104.32011966239088	552.439376626
96	-104.32011966239088	559.670069319
97	-104.32011966239088	564.831558024
98	-104.32011966239088	569.430462162
99	-104.32011966239088	575.638337271
100	-104.32011966239088	581.996809461
101	-104.32011966239088	587.336395863
102	-104.32011966239088	593.565723504
103	-104.32011966239088	598.543037635
104	-104.32011966239088	604.138874967
105	-104.32011966239088	609.97211992
106	-104.32011966239088	616.056863208
107	-104.32011966239088	621.546712556
108	-104.32011966239088	626.20598576
109	-104.32011966239088	632.323033575
110	-104.32011966239088	638.443718964
111	-104.32011966239088	646.377323768
112	-104.32011966239088	652.699431628
113	-104.32011966239088	658.190562494
114	-104.32011966239088	663.192758039
115	-104.32011966239088	669.254319672
116	-104.32011966239088	675.319386593
117	-104.32011966239088	681.069156946
118	-104.32011966239088	687.18261594
119	-104.32011966239088	692.298844381
120	-104.32011966239088	697.352218837
121	-104.32011966239088	702.62586221
122	-104.32011966239088	708.282196617
123	-104.32011966239088	712.395391894
124	-104.32011966239088	717.984301044
125	-104.32011966239088	724.462693133
126	-104.32011966239088	729.169343458
127	-104.32011966239088	734.011897451
128	-104.32011966239088	739.43945845
129	-104.32011966239088	745.261050281
130	-104.32011966239088	750.573773549
131	-104.32011966239088	756.181078118
132	-104.32011966239088	762.143205045
133	-104.32011966239088	767.231172229
134	-104.32011966239088	772.960941772
135	-104.32011966239088	779.354760777
136	-104.32011966239088	785.443151903
137	-104.32011966239088	790.34309283
138	-104.32011966239088	796.858987649
139	-104.32011966239088	800.382875209
140	-104.32011966239088	806.050108651
141	-104.32011966239088	810.84662007
142	-104.32011966239088	815.760435608
143	-104.32011966239088	821.816084581
144	-104.32011966239088	827.116646967
145	-104.32011966239088	832.979402764
146	-104.32011966239088	838.816288141
147	-104.32011966239088	843.849057664
148	-104.32011966239088	849.76496383
149	-104.32011966239088	855.502230612
150	-104.32011966239088	859.916689617
151	-104.32011966239088	865.576122476
152	-104.32011966239088	869.724334708
153	-104.32011966239088	875.921388328
154	-104.32011966239088	882.878290537
155	-104.32011966239088	888.238452508
156	-104.32011966239088	893.466406543
157	-104.32011966239088	899.33129887
158	-104.32011966239088	904.044721713
159	-104.32011966239088	911.086981598
160	-104.32011966239088	915.767200143
161	-104.32011966239088	921.625397784
162	-104.32011966239088	926.232180338
163	-104.32011966239088	931.264506532
164	-104.32011966239088	937.205952118
165	-104.32011966239088	943.435448537
166	-104.32011966239088	949.551994009
167	-104.32011966239088	954.853790301
168	-104.32011966239088	959.176119112
169	-104.32011966239088	964.873970438
170	-104.36795544490124	969.163776337
171	-104.36795544490124	974.368518782
172	-104.36795544490124	979.227487329
173	-104.36795544490124	984.983284667
174	-104.36795544490124	989.488662198
175	-104.36795544490124	995.029478629
176	-104.36795544490124	1000.898238034
177	-104.36795544490124	1006.193369575
178	-104.36795544490124	1011.927567556
179	-104.36795544490124	1018.434215486
180	-104.36795544490124	1023.749606707
181	-104.36795544490124	1030.170774938
182	-104.36795544490124	1036.189057458
183	-104.36795544490124	1041.136192759
184	-104.36795544490124	1047.00601273
185	-104.36795544490124	1051.828020235
186	-104.36795544490124	1056.518631196
187	-104.36795544490124	1063.356982836
188	-104.36795544490124	1067.867799478
189	-104.36795544490124	1071.842710798
190	-104.36795544490124	1077.639052583
191	-104.36795544490124	1083.635113661
192	-104.36795544490124	1090.188636083
193	-104.36795544490124	1095.164137272
194	-104.36795544490124	1101.062107027
195	-104.36795544490124	1106.934284195
196	-104.36795544490124	1114.021047122
197	-104.36795544490124	1120.006310373
198	-104.36795544490124	1125.628735434
199	-104.36795544490124	1130.109981646
200	-104.36795544490124	1136.445290142
201	-104.36795544490124	1142.354821218
202	-104.36795544490124	1147.875756866
203	-104.36795544490124	1153.540373103
204	-104.36795544490124	1159.779194813
205	-104.36795544490124	1164.769626618
206	-104.36795544490124	1170.827540985
207	-104.36795544490124	1176.370819243
208	-104.36795544490124	1181.765792897
209	-104.36795544490124	1186.832181535
210	-104.36795544490124	1191.254751312
211	-104.36795544490124	1197.475027926
212	-104.36795544490124	1202.875545893
213	-104.36795544490124	1209.280940757
214	-104.36795544490124	1215.295349927
215	-104.36795544490124	1221.488082592
216	-104.36795544490124	1227.5293529
217	-104.36795544490124	1233.071572302
218	-104.36795544490124	1238.277290069
219	-104.36795544490124	1243.397727422
220	-104.36795544490124	1247.461900844
221	-104.36795544490124	1252.671627383
222	-104.36795544490124	1259.335118336
223	-104.36795544490124	1264.855264261
224	-104.36795544490124	1269.926856805
225	-104.36795544490124	1275.291144152
226	-104.36795544490124	1280.4087787
227	-104.36795544490124	1284.839456397
228	-104.36795544490124	1291.194510825
229	-104.36795544490124	1296.64193493
230	-104.36795544490124	1303.229569689
231	-104.36795544490124	1307.765882418
232	-104.36795544490124	1314.533781908
233	-104.36795544490124	1319.563600374
234	-104.36795544490124	1326.498589047
235	-104.36795544490124	1332.302141547
236	-104.36795544490124	1337.075882138
237	-104.36795544490124	1342.439192453
238	-104.36795544490124	1346.936648232
239	-104.36795544490124	1352.846878085
240	-104.36795544490124	1358.654577915
241	-104.36795544490124	1364.170462185
242	-104.36795544490124	1370.078437192
243	-104.36795544490124	1374.709010372
244	-104.36795544490124	1379.380157933
245	-104.36795544490124	1384.688202163
246	-104.36795544490124	1389.579728404
247	-104.36795544490124	1394.219817606
248	-104.36795544490124	1399.796624603
249	-104.36795544490124	1405.762608915
250	-104.36795544490124	1410.300725177
251	-104.36795544490124	1416.437169963
252	-104.36795544490124	1422.441335539
253	-104.36795544490124	1429.984240033
254	-104.36795544490124	1435.992407538
255	-104.36795544490124	1442.864851273
256	-104.36795544490124	1448.291850342
257	-104.36795544490124	1453.045013083
258	-104.36795544490124	1459.173008686
259	-104.36795544490124	1465.038388246
260	-104.36795544490124	1470.76142433
261	-104.36795544490124	1477.042259601
262	-104.36795544490124	1482.447818397
263	-104.36795544490124	1487.426416613
264	-104.36795544490124	1494.271913679
265	-104.36795544490124	1500.899849126
266	-104.36795544490124	1505.781134339
267	-104.36795544490124	1512.628346274
268	-104.36795544490124	1518.751512876
269	-104.36795544490124	1524.204884994
270	-104.36795544490124	1529.268324287
271	-104.36795544490124	1535.826139155
272	-104.36795544490124	1542.073795216
273	-104.36795544490124	1546.773136182
274	-104.36795544490124	1550.726359764
275	-104.36795544490124	1556.205403589
276	-104.36795544490124	1562.00700858
277	-104.36795544490124	1567.051653316
278	-104.36795544490124	1571.828760066
279	-104.36795544490124	1576.198070567
280	-104.36795544490124	1580.975193853
281	-104.36795544490124	1587.719217473
282	-104.36795544490124	1594.153120775
283	-104.36795544490124	1599.397597987
284	-104.36795544490124	1605.068707916
285	-104.36795544490124	1611.165785997
286	-104.36795544490124	1616.688567944
287	-104.36795544490124	1621.754868487
288	-104.36795544490124	1628.642225446
289	-104.36795544490124	1633.650523812
290	-104.36795544490124	1639.785591001
291	-104.36795544490124	1646.991518601
292	-104.36795544490124	1653.345472833
293	-104.36795544490124	1659.320891059
294	-104.36795544490124	1664.103909615
295	-104.36795544490124	1669.482338995
296	-104.36795544490124	1674.358354445
297	-104.36795544490124	1679.391076356
298	-104.36795544490124	1685.379442051
299	-104.36795544490124	1691.333501257
300	-104.36795544490124	1696.386956396
301	-104.36795544490124	1703.020435585
302	-104.36795544490124	1710.318169792
303	-104.36795544490124	1716.558481143
304	-104.36795544490124	1722.416398247
305	-104.36795544490124	1729.498964522
306	-104.36795544490124	1735.068275707
307	-104.36795544490124	1740.210766864
308	-104.36795544490124	1747.205536445
309	-104.36795544490124	1753.036685352
310	-104.36795544490124	1758.224199572
311	-104.36795544490124	1763.684193106
312	-104.36795544490124	1770.311685224
313	-104.36795544490124	1775.984217795
314	-104.36795544490124	1783.631677652
315	-104.36795544490124	1789.872355354
316	-104.36795544490124	1795.524422975
317	-104.36795544490124	1801.55390702
318	-104.36795544490124	1806.940700624
319	-104.36795544490124	1812.57737577
320	-104.36795544490124	1818.394848211
321	-104.36795544490124	1824.781649798
322	-104.36795544490124	1831.077493231
323	-104.36795544490124	1836.109042816
324	-104.36795544490124	1841.251910304
325	-104.36795544490124	1846.706752961
326	-104.36795544490124	1852.846755777
327	-104.36795544490124	1857.096966323
328	-104.36795544490124	1861.851374375
329	-104.36795544490124	1867.463696395
330	-104.36795544490124	1874.794918288
331	-104.36795544490124	1880.12875254
332	-104.36795544490124	1885.39929746
333	-104.36795544490124	1890.920892541
334	-104.36795544490124	1895.268963193
335	-104.36795544490124	1900.386326613
336	-104.36795544490124	1906.037056266
337	-104.36795544490124	1910.68151888
338	-104.36795544490124	1916.284882531
339	-104.36795544490124	1921.612721729
340	-104.36795544490124	1927.14154406
341	-104.36795544490124	1931.422553811
342	-104.36795544490124	1936.694045259
343	-104.36795544490124	1941.426940054
344	-104.36795544490124	1948.215058454
345	-104.36795544490124	1954.699006831
346	-104.36795544490124	1960.480225844
347	-104.36795544490124	1964.757656182
348	-104.36795544490124	1971.152619287
349	-104.36795544490124	1978.069805261
350	-104.36795544490124	1983.92151035
351	-104.36795544490124	1988.725671536
352	-104.36795544490124	1994.450043592
353	-104.36795544490124	2000.46096458
354	-104.36795544490124	2006.287192115
355	-104.36795544490124	2012.554649987
356	-104.36795544490124	2019.299473879
357	-104.36795544490124	2023.771405348
358	-104.36795544490124	2028.621030073
359	-104.36795544490124	2034.841375681
360	-104.36795544490124	2039.86403475
361	-104.36795544490124	2045.68364315
362	-104.36795544490124	2051.409503421
363	-104.36795544490124	2058.612741971
364	-104.36795544490124	2063.641163168
365	-104.36795544490124	2069.844239497
366	-104.36795544490124	2074.971691131
367	-104.36795544490124	2082.424306598
368	-104.36795544490124	2088.450866101
369	-104.36795544490124	2094.375538195
370	-104.36795544490124	2100.657751062
371	-104.36795544490124	2106.127096972
372	-104.36795544490124	2112.410861346
373	-104.36795544490124	2118.428023999
374	-104.36795544490124	2124.152820852
375	-104.36795544490124	2128.887615258
376	-104.36795544490124	2134.141853962
377	-104.36795544490124	2138.859658486
378	-104.36795544490124	2145.869833657
379	-104.36795544490124	2151.258649465
380	-104.36795544490124	2156.587263846
381	-104.36795544490124	2161.801358096
382	-104.36795544490124	2166.180040644
383	-104.36795544490124	2171.791690972
384	-104.36795544490124	2176.84288984
385	-104.36795544490124	2181.495813612
386	-104.36795544490124	2185.985957752
387	-104.36795544490124	2191.902334901
388	-104.36795544490124	2199.286285216
389	-104.36795544490124	2206.129130295
390	-104.36795544490124	2212.092393055
391	-104.36795544490124	2217.932865544
392	-104.36795544490124	2223.2588382
393	-104.36795544490124	2229.607558592
394	-104.36795544490124	2235.565667624
395	-104.36795544490124	2241.761301168
396	-104.36795544490124	2248.196907934
397	-104.36795544490124	2252.040255928
398	-104.36795544490124	2256.907945072
399	-104.36795544490124	2262.387669427
400	-104.36795544490124	2268.498862457
401	-104.36795544490124	2274.472765953
402	-104.36795544490124	2280.579419642
403	-104.36795544490124	2285.836960073
404	-104.36795544490124	2292.394982777
405	-104.36795544490124	2297.197567653
406	-104.36795544490124	2302.575846501
407	-104.36795544490124	2307.955640363
408	-104.36795544490124	2314.728749746
409	-104.36795544490124	2320.2225192
410	-104.36795544490124	2325.18700931
411	-104.36795544490124	2330.376512092
412	-104.36795544490124	2337.825559834
413	-104.36795544490124	2343.589649266
414	-104.36795544490124	2348.209509864
415	-104.36795544490124	2355.166759324
416	-104.36795544490124	2361.027655423
417	-104.36795544490124	2366.346738671
418	-104.36795544490124	2372.062334536
419	-104.36795544490124	2377.063073227
420	-104.36795544490124	2383.290014021
421	-104.36795544490124	2387.141031738
422	-104.36795544490124	2393.40292306
423	-104.36795544490124	2400.434479202
424	-104.36795544490124	2405.314284753
425	-104.36795544490124	2410.840642692
426	-104.36795544490124	2416.438702368
427	-104.36795544490124	2419.600535473
428	-104.36795544490124	2424.853645186
429	-104.36795544490124	2430.194787941
430	-104.36795544490124	2435.954096839
431	-104.36795544490124	2441.81908781
432	-104.36795544490124	2446.594227095
433	-104.36795544490124	2451.151285881
434	-104.36795544490124	2457.753292747
435	-104.36795544490124	2462.555046275
436	-104.36795544490124	2467.503495024
437	-104.36795544490124	2472.292697085
438	-104.36795544490124	2477.538964716
439	-104.36795544490124	2482.460836571
440	-104.36795544490124	2486.720467345
441	-104.36795544490124	2491.598626167
442	-104.36795544490124	2496.888638192
443	-104.36795544490124	2501.869348419
444	-104.36795544490124	2508.188350699
445	-104.36795544490124	2513.899143222
446	-104.36795544490124	2518.296288757
447	-104.36795544490124	2523.909602635
448	-104.36795544490124	2530.287270802
449	-104.36795544490124	2535.450483214
450	-104.36795544490124	2541.089808636
451	-104.36795544490124	2547.811612809
452	-104.36795544490124	2553.85209767
453	-104.36795544490124	2559.426561158
454	-104.36795544490124	2564.364286492
455	-104.36795544490124	2570.107159739
456	-104.36795544490124	2574.327351394
457	-104.36795544490124	2579.015876573
458	-104.36795544490124	2583.422413258
459	-104.36795544490124	2589.05098761
460	-104.36795544490124	2593.226442157
461	-104.36795544490124	2598.665317295
462	-104.36795544490124	2604.293975182
463	-104.36795544490124	2610.00510127
464	-104.36795544490124	2615.538087467
465	-104.36795544490124	2620.568381193
466	-104.36795544490124	2626.556807044
467	-104.36795544490124	2630.86673663
468	-104.36795544490124	2636.604280243
469	-104.36795544490124	2642.714109076
470	-104.36795544490124	2648.307171257
471	-104.36795544490124	2653.92103338
472	-104.36795544490124	2658.099316106
473	-104.36795544490124	2663.007780627
474	-104.36795544490124	2669.446989045
475	-104.36795544490124	2674.375315533
476	-104.36795544490124	2678.696482852
477	-104.36795544490124	2683.809962088
478	-104.36795544490124	2688.612371057
479	-104.36795544490124	2695.817657185
480	-104.36795544490124	2699.930218973
481	-104.36795544490124	2704.55754887
482	-104.36795544490124	2709.550482701
483	-104.36795544490124	2715.529605783
484	-104.36795544490124	2720.065555295
485	-104.36795544490124	2724.623492185
486	-104.36795544490124	2729.941021931
487	-104.36795544490124	2734.024241652
488	-104.36795544490124	2739.228160447
489	-104.36795544490124	2743.703214886
490	-104.36795544490124	2748.783140293
491	-104.36795544490124	2754.591140047
492	-104.36795544490124	2759.86355607
493	-104.36795544490124	2765.245754169
494	-104.36795544490124	2769.795739657
495	-104.36795544490124	2774.852350553
496	-104.36795544490124	2779.979600908
497	-104.36795544490124	2785.113929406
498	-104.36795544490124	2789.10966319
499	-104.36795544490124	2793.870294091
500	-104.36795544490124	2798.816483434
501	-104.36795544490124	2804.8153878
502	-104.36795544490124	2809.650731079
503	-104.36795544490124	2814.78143968
504	-104.36795544490124	2819.43508133
505	-104.36795544490124	2825.414713314
506	-104.36795544490124	2830.164411822
507	-104.36795544490124	2835.052612673
508	-104.36795544490124	2839.368306098
509	-104.36795544490124	2843.588679646
510	-104.36795544490124	2848.265956258
511	-104.36795544490124	2851.745575127
512	-104.36795544490124	2855.69719788
513	-104.36795544490124	2859.693047414
514	-104.36795544490124	2864.525040499
515	-104.36795544490124	2868.987044263
516	-104.36795544490124	2874.37547918
517	-104.36795544490124	2879.54004581
518	-104.36795544490124	2883.986458385
519	-104.36795544490124	2889.26541172
520	-104.36795544490124	2894.224294795
521	-104.36795544490124	2898.959023629
522	-104.36795544490124	2904.470116246
523	-104.36795544490124	2910.914715594
524	-104.36795544490124	2916.829068828
525	-104.36795544490124	2921.09029644
526	-104.36795544490124	2926.967719137
527	-104.36795544490124	2931.772133775
528	-104.36795544490124	2936.546542923
529	-104.36795544490124	2940.830265387
530	-104.36795544490124	2945.31684779
531	-104.36795544490124	2949.755735757
532	-104.36795544490124	2953.863422644
533	-104.36795544490124	2958.702288601
534	-104.36795544490124	2963.266605428
535	-104.36795544490124	2968.564557165
536	-104.36795544490124	2972.497680153
537	-104.36795544490124	2978.522960134
538	-104.36795544490124	2984.080977421
539	-104.36795544490124	2989.047769132
540	-104.36795544490124	2995.128218835
541	-104.36795544490124	3000.637182336
542	-104.36795544490124	3005.913921595
543	-104.36795544490124	3011.988949577
544	-104.36795544490124	3018.761758181
545	-104.36795544490124	3024.424904735
546	-104.36795544490124	3030.250716025
547	-104.36795544490124	3035.176624022
548	-104.36795544490124	3040.607008637
549	-104.36795544490124	3046.44191543
550	-104.36795544490124	3051.41424062
551	-104.36795544490124	3056.712700118
552	-104.36795544490124	3061.483443467
553	-104.36795544490124	3066.650747044
554	-104.36795544490124	3071.167703856
555	-104.36795544490124	3075.916612641
556	-104.36795544490124	3082.619095394
557	-104.36795544490124	3087.203122515
558	-104.36795544490124	3092.211626437
559	-104.36795544490124	3097.163647757
560	-104.36795544490124	3102.265769519
561	-104.36795544490124	3107.839722109
562	-104.36795544490124	3113.366938195
563	-104.36795544490124	3118.203245962
564	-104.36795544490124	3122.593141439
565	-104.36795544490124	3128.157179155
566	-104.36795544490124	3133.534204709
567	-104.36795544490124	3138.130749371
568	-104.36795544490124	3144.157911858
569	-104.36795544490124	3149.295866526
570	-104.36795544490124	3156.157045158
571	-104.36795544490124	3161.031359425
572	-104.36795544490124	3165.724970763
573	-104.36795544490124	3171.48428907
574	-104.36795544490124	3177.287549344
575	-104.36795544490124	3181.492757925
576	-104.36795544490124	3186.954466897
577	-104.36795544490124	3191.86810938
578	-104.36795544490124	3198.213467319
579	-104.36795544490124	3203.500834484
580	-104.36795544490124	3209.437428832
581	-104.36795544490124	3214.92132304
582	-104.36795544490124	3220.226285923
583	-104.36795544490124	3225.190888932
584	-104.36795544490124	3230.465658729
585	-104.36795544490124	3236.897289225
586	-104.36795544490124	3242.049297546
587	-104.36795544490124	3246.496594497
588	-104.36795544490124	3251.734264979
589	-104.36795544490124	3257.491814533
590	-104.36795544490124	3263.823557301
591	-104.36795544490124	3269.682654713
592	-104.36795544490124	3274.373305303
593	-104.36795544490124	3278.207240194
594	-104.36795544490124	3282.481043792
595	-104.36795544490124	3287.041933733
596	-104.36795544490124	3291.921496095
597	-104.36795544490124	3296.534011697
598	-104.36795544490124	3300.436194641
599	-104.36795544490124	3305.044533262
600	-104.36795544490124	3310.569753373
601	-104.36795544490124	3314.906327137
602	-104.36795544490124	3319.756333039
603	-104.36795544490124	3323.743418641
604	-104.36795544490124	3328.054775431
605	-104.36795544490124	3333.691521566
606	-104.36795544490124	3338.554540225
607	-104.36795544490124	3344.555949752
608	-104.36795544490124	3349.737068639
609	-104.36795544490124	3355.061945947
610	-104.36795544490124	3359.904639638
611	-104.36795544490124	3364.527481513
612	-104.36795544490124	3370.768732264
613	-104.36795544490124	3374.427624861
614	-104.36795544490124	3378.617359428
615	-104.36795544490124	3383.767769485
616	-104.36795544490124	3388.789103987
617	-104.36795544490124	3394.016090112
618	-104.36795544490124	3398.918746889
619	-104.36795544490124	3404.040467471
620	-104.36795544490124	3408.894163404
621	-104.36795544490124	3412.96808777
622	-104.36795544490124	3417.878877841
623	-104.36795544490124	3422.472083712
624	-104.36795544490124	3427.335404575
625	-104.36795544490124	3431.450786844
626	-104.36795544490124	3436.945257641
627	-104.36795544490124	3441.980080729
628	-104.36795544490124	3447.709109586
629	-104.36795544490124	3453.722274871
630	-104.36795544490124	3458.912586478
631	-104.36795544490124	3464.314912255
632	-104.36795544490124	3470.352897087
633	-104.36795544490124	3475.947157823
634	-104.36795544490124	3480.991893791
635	-104.36795544490124	3485.564660086
636	-104.36795544490124	3490.965509623
637	-104.36795544490124	3495.178696689
638	-104.36795544490124	3500.492012962
639	-104.36795544490124	3505.288495586
640	-104.36795544490124	3509.257032956
641	-104.36795544490124	3515.529922242
642	-104.36795544490124	3520.369082137
643	-104.42638855038308	3525.847389837
644	-104.42638855038308	3530.364935377
645	-104.42638855038308	3535.410032849
646	-104.42638855038308	3538.91124965
647	-104.42638855038308	3541.237058946
648	-104.42638855038308	3544.291828674
649	-104.42638855038308	3548.882412779
650	-104.42638855038308	3552.391465801
651	-104.42638855038308	3558.161157421
652	-104.42638855038308	3562.409767708
653	-104.42638855038308	3567.31561816
654	-104.42638855038308	3571.45823362
655	-104.42638855038308	3575.193473066
656	-104.42638855038308	3579.484225778
657	-104.42638855038308	3584.088098615
658	-104.42638855038308	3589.778447855
659	-104.42638855038308	3593.946225266
660	-104.42638855038308	3598.217335537
661	-104.42638855038308	3602.386513352
662	-104.42638855038308	3606.528493043
663	-104.42638855038308	3611.997215442
664	-104.42638855038308	3616.327055747
665	-104.42638855038308	3620.096213377
666	-104.42638855038308	3625.024795884
667	-104.42638855038308	3630.447236511
668	-104.42638855038308	3635.187512224
669	-104.42638855038308	3640.200117005
670	-104.42638855038308	3643.766566084
671	-104.42638855038308	3647.478331934
672	-104.42638855038308	3652.767202709
673	-104.42638855038308	3656.88348646
674	-104.42638855038308	3661.119188336
675	-104.42638855038308	3666.299715073
676	-104.42638855038308	3671.146026666
677	-104.42638855038308	3675.346478376
678	-104.42638855038308	3680.957896919
679	-104.42638855038308	3685.915168331
680	-104.42638855038308	3690.891123967
681	-104.42638855038308	3695.541583062
682	-104.42638855038308	3699.312038461
683	-104.42638855038308	3705.176602639
684	-104.42638855038308	3711.49183278
685	-104.42638855038308	3717.273673593
686	-104.42638855038308	3720.836767062
687	-104.42638855038308	3725.182698333
688	-104.42638855038308	3730.338684065
689	-104.42638855038308	3735.225858275
690	-104.42638855038308	3740.109559129
691	-104.42638855038308	3744.950589556
692	-104.42638855038308	3750.150497013
693	-104.42638855038308	3754.869164245
694	-104.42638855038308	3759.652510379
695	-104.42638855038308	3763.830388265
696	-104.42638855038308	3768.411057209
697	-104.42638855038308	3773.281091289
698	-104.42638855038308	3777.2017663
699	-104.42638855038308	3782.832617736
700	-104.42638855038308	3788.306100142
701	-104.42638855038308	3794.669529913
702	-104.42638855038308	3800.063235448
703	-104.42638855038308	3804.919056506
704	-104.42638855038308	3809.714963801
705	-104.42638855038308	3814.675851975
706	-104.42638855038308	3819.647679953
707	-104.42638855038308	3824.163861296
708	-104.42638855038308	3829.130477101
709	-104.42638855038308	3833.444380678
710	-104.42638855038308	3838.481471725
711	-104.42638855038308	3843.408562025
712	-104.42638855038308	3847.555815471
713	-104.42638855038308	3851.378292248
714	-104.42638855038308	3856.790292278
715	-104.42638855038308	3860.887038789
716	-104.42638855038308	3864.968287054
717	-104.42638855038308	3869.08205766
718	-104.42638855038308	3874.57030789
719	-104.42638855038308	3878.689180906
720	-104.42638855038308	3884.165564476
721	-104.42638855038308	3888.763321377
722	-104.42638855038308	3893.687058632
723	-104.42638855038308	3898.86537671
724	-104.42638855038308	3904.404866007
725	-104.42638855038308	3909.302653014
726	-104.42638855038308	3913.915347088
727	-104.42638855038308	3918.073018607
728	-104.42638855038308	3921.687430971
729	-104.42638855038308	3926.253986677
730	-104.42638855038308	3932.137523884
731	-104.42638855038308	3936.566033406
732	-104.42638855038308	3941.340811756
733	-104.42638855038308	3944.073556304
734	-104.42638855038308	3949.046508711
735	-104.42638855038308	3952.420375373
736	-104.42638855038308	3956.004518814
737	-104.42638855038308	3959.75402374
738	-104.42638855038308	3964.373723542
739	-104.42638855038308	3968.000340408
740	-104.42638855038308	3972.270389827
741	-104.42638855038308	3976.727169444
742	-104.42638855038308	3981.305360026
743	-104.42638855038308	3985.997696688
744	-104.42638855038308	3988.51540445
745	-104.42638855038308	3991.997859195
746	-104.42638855038308	3994.687857193
747	-104.42638855038308	3998.892365857
748	-104.42638855038308	4002.446837087
749	-104.42638855038308	4005.119686118
750	-104.42638855038308	4008.504317249
751	-104.42638855038308	4011.211214184
752	-104.42638855038308	4013.759705756
753	-104.42638855038308	4016.658490608
754	-104.42638855038308	4019.164703193
755	-104.42638855038308	4023.016870997
756	-104.42638855038308	4027.254309124
757	-104.42638855038308	4029.69303715
758	-104.42638855038308	4032.673944665
759	-104.42638855038308	4034.948799421
760	-104.42638855038308	4036.655038634
761	-104.42638855038308	4039.437754985
762	-104.42638855038308	4041.398006248
763	-104.42638855038308	4043.684810059
764	-104.42638855038308	4045.743628473
765	-104.42638855038308	4047.517749386
766	-104.42638855038308	4049.440243326
767	-104.42638855038308	4051.80069068
768	-104.42638855038308	4053.667625169
769	-104.42638855038308	4055.937152572
770	-104.42638855038308	4058.055158603
771	-104.42638855038308	4060.401697135
772	-104.42638855038308	4062.813354191
773	-104.42638855038308	4064.790390637
774	-104.42638855038308	4067.081896864
775	-104.42638855038308	4069.532723051
776	-104.42638855038308	4071.51960994
777	-104.42638855038308	4074.042828087
778	-104.42638855038308	4076.109364407
779	-104.42638855038308	4078.765588481
780	-104.42638855038308	4081.27022561
781	-104.42638855038308	4083.178846651
782	-104.42638855038308	4085.28960633
783	-104.42638855038308	4087.371515168
784	-104.42638855038308	4089.654119191
785	-104.42638855038308	4092.000192442
786	-104.42638855038308	4094.03050812
787	-104.42638855038308	4096.656940812
788	-104.42638855038308	4098.963253352
789	-104.42638855038308	4101.015083144
790	-104.42638855038308	4103.447590318
791	-104.57213139676303	4105.630732265
792	-104.57213139676303	4110.577899781
793	-104.57213139676303	4115.026970901
794	-104.57213139676303	4120.343437514
795	-104.57213139676303	4125.438749124
796	-104.57213139676303	4130.893149593
797	-104.57213139676303	4136.39334232
798	-104.57213139676303	4141.323332929
799	-104.57213139676303	4146.915568895
800	-104.57213139676303	4151.186929197
801	-104.57213139676303	4155.689154107
802	-104.57213139676303	4161.13298711
803	-104.57213139676303	4167.07857404
804	-104.57213139676303	4173.911669886
805	-104.57213139676303	4178.390086493
806	-104.57213139676303	4183.153706653
807	-104.57213139676303	4188.762930221
808	-104.57213139676303	4194.048817155
809	-104.57213139676303	4199.203285306
810	-104.57213139676303	4203.914119453
811	-104.57213139676303	4208.432049021
812	-104.57213139676303	4214.055359028
813	-104.57213139676303	4219.768944092
814	-104.57213139676303	4225.374299442
815	-104.57213139676303	4230.380090365
816	-104.57213139676303	4235.717530259
817	-104.57213139676303	4241.449377316
818	-104.57213139676303	4247.935863926
819	-104.57213139676303	4254.210722104
820	-104.57213139676303	4258.379089384
821	-104.57213139676303	4263.276758931
822	-104.57213139676303	4268.915592558
823	-104.57213139676303	4275.756743011
824	-104.57213139676303	4282.07983161
825	-104.57213139676303	4289.206073
826	-104.57213139676303	4294.485694891
827	-104.57213139676303	4298.754018608
828	-104.57213139676303	4304.532109234
829	-104.57213139676303	4309.781348448
830	-104.57213139676303	4315.182756208
831	-104.57213139676303	4320.085959235
832	-104.57213139676303	4324.582895565
833	-104.57213139676303	4328.206206141
834	-104.57213139676303	4333.956275278
835	-104.57213139676303	4339.915862546
836	-104.57213139676303	4344.093381207
837	-104.57213139676303	4348.899244717
838	-104.57213139676303	4353.558618561
839	-104.57213139676303	4358.867096139
840	-104.57213139676303	4366.125540619
841	-104.57213139676303	4371.443123963
842	-104.57213139676303	4376.197789459
843	-104.57213139676303	4381.477352335
844	-104.57213139676303	4386.742885506
845	-104.57213139676303	4391.358089874
846	-104.57213139676303	4396.541290265
847	-104.57213139676303	4401.217934529
848	-104.57213139676303	4405.924694047
849	-104.57213139676303	4411.930645481
850	-104.57213139676303	4416.007482984
851	-104.57213139676303	4422.600616726
852	-104.57213139676303	4427.754829143
853	-104.57213139676303	4433.271015619
854	-104.57213139676303	4437.415482225
855	-104.57213139676303	4442.251575883
856	-104.57213139676303	4446.950632606
857	-104.57213139676303	4451.529707563
858	-104.57213139676303	4456.488601187
859	-104.57213139676303	4461.457538265
860	-104.57213139676303	4465.890107021
861	-104.57213139676303	4471.149885761
862	-104.57213139676303	4476.598677485
863	-104.57213139676303	4480.689199723
864	-104.57213139676303	4485.672496649
865	-104.57213139676303	4491.300220267
866	-104.57213139676303	4496.825049223
867	-104.57213139676303	4501.779013205
868	-104.57213139676303	4507.292426241
869	-104.57213139676303	4511.555686891
870	-104.57213139676303	4516.308457907
871	-104.57213139676303	4520.351326479
872	-104.57213139676303	4525.570457566
873	-104.57213139676303	4530.208490067
874	-104.57213139676303	4534.879759936
875	-104.57213139676303	4540.070666544
876	-104.57213139676303	4544.866835559
877	-104.57213139676303	4550.637726875
878	-104.57213139676303	4555.557655782
879	-104.57213139676303	4561.040275029
880	-104.57213139676303	4565.744971003
881	-104.57213139676303	4570.096777017
882	-104.57213139676303	4576.331999072
883	-104.57213139676303	4582.202280903
884	-104.57213139676303	4586.519376444
885	-104.57213139676303	4591.361855456
886	-104.57213139676303	4595.876342458
887	-104.57213139676303	4601.036020787
888	-104.57213139676303	4606.241169783
889	-104.57213139676303	4611.540062631
890	-104.57213139676303	4614.908975133
891	-104.57213139676303	4619.06412353
892	-104.57213139676303	4623.379830925
893	-104.57213139676303	4628.224335849
894	-104.57213139676303	4633.794928552
895	-104.57213139676303	4637.941621493
896	-104.57213139676303	4642.606705007
897	-104.57213139676303	4646.559510634
898	-104.57213139676303	4651.674311872
899	-104.57213139676303	4656.196687268
900	-104.57213139676303	4659.541202455
901	-104.57213139676303	4665.237999486
902	-104.57213139676303	4670.23828544
903	-104.57213139676303	4675.717437032
904	-104.57213139676303	4679.802542966
905	-104.57213139676303	4683.36728687
906	-104.57213139676303	4687.550705933
907	-104.57213139676303	4692.191682647
908	-104.57213139676303	4696.725791562
909	-104.57213139676303	4700.4726981
910	-104.57213139676303	4705.926262944
911	-104.57213139676303	4712.254106418
912	-104.57213139676303	4716.854057438
913	-104.57213139676303	4721.268410672
914	-104.57213139676303	4726.737776254
915	-104.57213139676303	4731.563638007
916	-104.57213139676303	4735.992258432
917	-104.57213139676303	4739.962327637
918	-104.57213139676303	4743.41713095
919	-104.57213139676303	4747.311192288
920	-104.57213139676303	4752.401144899
921	-104.57213139676303	4758.886718338
922	-104.57213139676303	4763.948226373
923	-104.57213139676303	4768.139478806
924	-104.57213139676303	4773.00582371
925	-104.57213139676303	4778.114847709
926	-104.57213139676303	4783.188525464
927	-104.57213139676303	4788.028725113
928	-104.57213139676303	4792.54980274
929	-104.57213139676303	4796.546256399
930	-104.57213139676303	4801.609457634
931	-104.57213139676303	4806.302446888
932	-104.57213139676303	4810.499674133
933	-104.57213139676303	4814.73189923
934	-104.57213139676303	4818.49641631
935	-104.57213139676303	4822.929728318
936	-104.57213139676303	4827.789120522
937	-104.57213139676303	4831.511228325
938	-104.57213139676303	4836.189908478
939	-104.57213139676303	4841.479186659
940	-104.57213139676303	4845.946355271
941	-104.57213139676303	4850.65839453
942	-104.57213139676303	4855.179500097
943	-104.57213139676303	4859.639971171
944	-104.57213139676303	4865.301540274
945	-104.57213139676303	4870.667938777
946	-104.57213139676303	4874.665340958
947	-104.57213139676303	4879.176967851
948	-104.57213139676303	4884.118452211
949	-104.57213139676303	4888.104780021
950	-104.57213139676303	4892.706090962
951	-104.57213139676303	4897.664490509
952	-104.57213139676303	4903.139632189
953	-104.57213139676303	4908.975225784
954	-104.57213139676303	4914.504838979
955	-104.57213139676303	4919.549791907
956	-104.57213139676303	4925.102167377
957	-104.57213139676303	4929.105676371
958	-104.57213139676303	4933.978044839
959	-104.57213139676303	4938.53436522
960	-104.57213139676303	4943.077953665
961	-104.57213139676303	4947.862518026
962	-104.57213139676303	4953.509603548
963	-104.57213139676303	4958.038280764
964	-104.57213139676303	4964.30077735
965	-104.57213139676303	4969.21784957
966	-104.57213139676303	4974.159893008
967	-104.57213139676303	4980.499617968
968	-104.57213139676303	4986.549973229
969	-104.57213139676303	4991.266808703
970	-104.57213139676303	4995.616264649
971	-104.57213139676303	4999.890804942
972	-104.57213139676303	5004.671317481
973	-104.57213139676303	5009.496299135
974	-104.57213139676303	5014.717418215
975	-104.57213139676303	5019.662767088
976	-104.57213139676303	5025.710858951
977	-104.57213139676303	5029.077348686
978	-104.57213139676303	5032.15326475
979	-104.57213139676303	5035.963712646
980	-104.57213139676303	5040.295661255
981	-104.57213139676303	5044.894052501
982	-104.57213139676303	5049.526219096
983	-104.57213139676303	5053.924477657
984	-104.57213139676303	5057.41695818
985	-104.57213139676303	5060.31600846
986	-104.57213139676303	5063.805680191
987	-104.57213139676303	5066.87689669
988	-104.57213139676303	5071.865412632
989	-104.57213139676303	5077.270320833
990	-104.57213139676303	5082.418247111
991	-104.57213139676303	5087.106035025
992	-104.57213139676303	5091.038111986
993	-104.57213139676303	5095.899712849
994	-104.57213139676303	5100.458418934
995	-104.57213139676303	5104.821528539
996	-104.57213139676303	5109.659543478
997	-104.57213139676303	5115.646259307
998	-104.57213139676303	5120.560542406
999	-104.57213139676303	5126.569627074
1000	-104.57213139676303	5132.780316391
1001	-104.57213139676303	5137.951389828
1002	-104.57213139676303	5143.957127438
1003	-104.57213139676303	5146.727430594
1004	-104.57213139676303	5150.017548677
1005	-104.57213139676303	5154.827649607
1006	-104.57213139676303	5159.914712458
1007	-104.57213139676303	5164.748330605
1008	-104.57213139676303	5169.367438543
1009	-104.57213139676303	5175.375387663
1010	-104.57213139676303	5181.525693659
1011	-104.57213139676303	5186.913375916
1012	-104.57213139676303	5193.175467377
1013	-104.57213139676303	5198.380515162
1014	-104.57213139676303	5203.733305907
1015	-104.57213139676303	5209.033558961
1016	-104.57213139676303	5213.952857515
1017	-104.57213139676303	5219.46288757
1018	-104.57213139676303	5226.307448088
1019	-104.57213139676303	5231.569414961
1020	-104.57213139676303	5235.825756267
1021	-104.57213139676303	5240.064055677
1022	-104.57213139676303	5243.096436324
1023	-104.57213139676303	5245.730817566
1024	-104.57213139676303	5248.05282279
1025	-104.57213139676303	5250.777341387
1026	-104.57213139676303	5253.37277673
1027	-104.57213139676303	5255.643955139
1028	-104.57213139676303	5257.819381747
1029	-104.57213139676303	5259.703149314
1030	-104.57213139676303	5261.872075957
1031	-104.57213139676303	5264.599434136
1032	-104.57213139676303	5267.466269125
1033	-104.57213139676303	5270.269946784
1034	-104.57213139676303	5272.654235796
1035	-104.57213139676303	5275.515789903
1036	-104.57213139676303	5280.715185608
1037	-104.57213139676303	5284.280623157
1038	-104.57213139676303	5287.28697373
1039	-104.57213139676303	5289.531521646
1040	-104.57213139676303	5294.431802981
1041	-104.57213139676303	5298.214443781
1042	-104.57213139676303	5302.226285068
1043	-104.57213139676303	5306.856986827
1044	-104.57213139676303	5310.749154255
1045	-104.57213139676303	5315.759627354
1046	-104.57213139676303	5320.596358492
1047	-104.57213139676303	5323.921922603
1048	-104.57213139676303	5326.273686708
1049	-104.57213139676303	5330.442713136
1050	-104.57213139676303	5332.65514184
1051	-104.57213139676303	5336.818659022
1052	-104.57213139676303	5339.276209545
1053	-104.57213139676303	5341.559650332
1054	-104.57213139676303	5344.055079631
1055	-104.57213139676303	5346.180225388
1056	-104.57213139676303	5348.958501613
1057	-104.57213139676303	5350.917861658
1058	-104.57213139676303	5353.510547794
1059	-104.57213139676303	5356.585275283
1060	-104.57213139676303	5359.264247377
1061	-104.57213139676303	5361.811546951
1062	-104.57213139676303	5364.54509006
1063	-104.57213139676303	5367.179464174
1064	-104.57213139676303	5371.174336961
1065	-104.57213139676303	5373.624165588
1066	-104.57213139676303	5375.924711153
1067	-104.57213139676303	5378.644523626
1068	-104.57213139676303	5381.518690782
1069	-104.57213139676303	5384.095117458
1070	-104.57213139676303	5387.842105533
1071	-104.57213139676303	5390.290271751
1072	-104.57213139676303	5392.749117763
1073	-104.57213139676303	5395.456009566
1074	-104.57213139676303	5398.77250868
1075	-104.57213139676303	5402.951436584
1076	-104.57213139676303	5406.214647057
1077	-104.57213139676303	5408.647817941
1078	-104.57213139676303	5410.851393762
1079	-104.57213139676303	5412.606054982
1080	-104.57213139676303	5415.686176822
1081	-104.57213139676303	5418.924997106
1082	-104.57213139676303	5422.89566958
1083	-104.57213139676303	5425.876460204
1084	-104.57213139676303	5429.548999333
1085	-104.57213139676303	5431.563810777
1086	-104.57213139676303	5437.091596205
1087	-104.57213139676303	5440.652268901
1088	-104.57213139676303	5444.390802946
1089	-104.57213139676303	5447.954487709
1090	-104.57213139676303	5452.093422547
1091	-104.57213139676303	5456.447659882
1092	-104.57213139676303	5459.881020072
1093	-104.57213139676303	5465.277909304
1094	-104.57213139676303	5470.077134576
1095	-104.57213139676303	5474.742493496
1096	-104.57213139676303	5480.893893701
1097	-104.57213139676303	5486.365559743
1098	-104.57213139676303	5492.526347391
1099	-104.57213139676303	5497.014951713
1100	-104.57213139676303	5502.651867197
1101	-104.57213139676303	5507.481841783
1102	-104.57213139676303	5512.805956452
1103	-104.57213139676303	5517.160955571
1104	-104.57213139676303	5521.082892143
1105	-104.57213139676303	5524.79246701
1106	-104.57213139676303	5529.066587923
1107	-104.57213139676303	5532.538317257
1108	-104.57213139676303	5537.416196682
1109	-104.57213139676303	5541.749100942
1110	-104.57213139676303	5546.65436352
1111	-104.57213139676303	5551.255904821
1112	-104.57213139676303	5556.255157007
1113	-104.57213139676303	5561.478697145
1114	-104.57213139676303	5566.710480055
1115	-104.57213139676303	5572.359915645
1116	-104.57213139676303	5577.521955731
1117	-104.57213139676303	5583.076777633
1118	-104.57213139676303	5588.290072752
1119	-104.57213139676303	5592.043000857
1120	-104.57213139676303	5596.432849863
1121	-104.57213139676303	5601.338664393
1122	-104.57213139676303	5605.544696624
1123	-104.57213139676303	5610.256489558
1124	-104.57213139676303	5614.611421394
1125	-104.57213139676303	5619.262281622
1126	-104.57213139676303	5623.26883832
1127	-104.57213139676303	5627.76094793
1128	-104.57213139676303	5633.179939149
1129	-104.57213139676303	5637.82687642
1130	-104.57213139676303	5642.595507188
1131	-104.57213139676303	5648.596618502
1132	-104.57213139676303	5653.051193737
1133	-104.57213139676303	5657.988923063
1134	-104.57213139676303	5662.889459276
1135	-104.57213139676303	5668.170763249
1136	-104.57213139676303	5672.770535798
1137	-104.57213139676303	5676.993859831
1138	-104.57213139676303	5682.538850962
1139	-104.57213139676303	5687.232465436
1140	-104.57213139676303	5692.666019208
1141	-104.57213139676303	5697.224476973
1142	-104.57213139676303	5701.861016696
1143	-104.57213139676303	5706.996766412
1144	-104.57213139676303	5712.349010908
1145	-104.57213139676303	5717.203632556
1146	-104.57213139676303	5721.895527316
1147	-104.57213139676303	5728.095111471
1148	-104.57213139676303	5733.739674726
1149	-104.57213139676303	5737.727758458
1150	-104.57213139676303	5742.737199214
1151	-104.57213139676303	5747.055561448
1152	-104.57213139676303	5750.826000312
1153	-104.57213139676303	5756.317340441
1154	-104.57213139676303	5760.510411517
1155	-104.57213139676303	5765.22108772
1156	-104.57213139676303	5769.317437374
1157	-104.57213139676303	5772.998778067
1158	-104.57213139676303	5778.115048419
1159	-104.57213139676303	5782.675080213
1160	-104.57213139676303	5786.750266995
1161	-104.57213139676303	5789.860415138
1162	-104.57213139676303	5793.665038184
1163	-104.57213139676303	5795.389598975
1164	-104.57213139676303	5798.878477562
1165	-104.57213139676303	5800.394956548
1166	-104.57213139676303	5802.198030368
1167	-104.57213139676303	5804.465182614
1168	-104.57213139676303	5807.363555214
1169	-104.57213139676303	5809.428320786
1170	-104.57213139676303	5811.511891464
1171	-104.57213139676303	5814.346119437
1172	-104.57213139676303	5817.016669432
1173	-104.57213139676303	5819.236652965
1174	-104.57213139676303	5821.145849335
1175	-104.57213139676303	5823.022827848
1176	-104.57213139676303	5825.3293927
1177	-104.57213139676303	5830.185553311
1178	-104.57213139676303	5834.680727732
1179	-104.57213139676303	5839.519543797
1180	-104.57213139676303	5842.986432156
1181	-104.57213139676303	5844.901122091
1182	-104.57213139676303	5847.078882801
1183	-104.57213139676303	5848.866689874
1184	-104.57213139676303	5850.875349745
1185	-104.57213139676303	5853.029158178
1186	-104.57213139676303	5855.039153166
1187	-104.57213139676303	5857.117532768
1188	-104.57213139676303	5861.199243177
1189	-104.57213139676303	5866.002480643
1190	-104.57213139676303	5869.752474514
1191	-104.57213139676303	5874.021793795
1192	-104.57213139676303	5876.247155999
1193	-104.57213139676303	5879.085546412
1194	-104.57213139676303	5881.587149236
1195	-104.57213139676303	5886.344062165
1196	-104.57213139676303	5892.364227762
1197	-104.57213139676303	5897.329606239
1198	-104.57213139676303	5902.199198702
1199	-104.57213139676303	5907.094084261
1200	-104.57213139676303	5911.128908204
1201	-104.57213139676303	5914.46711986
1202	-104.57213139676303	5917.593991033
1203	-104.57213139676303	5920.44532806
1204	-104.57213139676303	5924.637542416
1205	-104.57213139676303	5928.385895544
1206	-104.57213139676303	5933.483940679
1207	-104.57213139676303	5936.098443134
1208	-104.57213139676303	5939.014477024
1209	-104.57213139676303	5941.384885439
1210	-104.57213139676303	5944.804628177
1211	-104.57213139676303	5949.930504072
1212	-104.57213139676303	5954.627203884
1213	-104.57213139676303	5957.261419769
1214	-104.57213139676303	5959.59744928
1215	-104.57213139676303	5962.181727858
1216	-104.57213139676303	5964.00771534
1217	-104.57213139676303	5966.732387889
1218	-104.57213139676303	5970.700374734
1219	-104.57213139676303	5973.570254006
1220	-104.57213139676303	5975.690882375
1221	-104.57213139676303	5977.645829378
1222	-104.57213139676303	5980.044195991
1223	-104.57213139676303	5982.653516207
1224	-104.57213139676303	5984.70868764
1225	-104.57213139676303	5987.293068568
1226	-104.57213139676303	5989.551316899
1227	-104.57213139676303	5992.496743889
1228	-104.57213139676303	5995.818414977
1229	-104.57213139676303	5999.360059905
1230	-104.57213139676303	6004.828452445
1231	-104.57213139676303	6008.821044727
1232	-104.57213139676303	6013.742101485
1233	-104.57213139676303	6018.211826291
1234	-104.57213139676303	6023.796077784
1235	-104.57213139676303	6027.874034015
1236	-104.57213139676303	6032.521882461
1237	-104.57213139676303	6037.523052791
1238	-104.57213139676303	6040.827150399
1239	-104.57213139676303	6044.932780869
1240	-104.57213139676303	6049.613845872
1241	-104.57213139676303	6054.844390884
1242	-104.57213139676303	6059.383382399
1243	-104.57213139676303	6063.377763675
1244	-104.57213139676303	6068.905895213
1245	-104.57213139676303	6073.882019342
1246	-104.57213139676303	6078.594136719
1247	-104.57213139676303	6084.062693475
1248	-104.57213139676303	6089.627174234
1249	-104.57213139676303	6094.621394714
1250	-104.57213139676303	6100.000022238
1251	-104.57213139676303	6106.060290094
1252	-104.57213139676303	6110.451366164
1253	-104.57213139676303	6116.292567365
1254	-104.57213139676303	6121.072809345
1255	-104.57213139676303	6127.891865509
1256	-104.57213139676303	6133.480252928
1257	-104.57213139676303	6138.930666578
1258	-104.57213139676303	6144.235315567
1259	-104.57213139676303	6150.57636424
1260	-104.57213139676303	6157.075359267
1261	-104.57213139676303	6161.92297034
1262	-104.57213139676303	6166.947025253
1263	-104.57213139676303	6171.99397159
1264	-104.57213139676303	6177.623252702
1265	-104.57213139676303	6182.872134973
1266	-104.57213139676303	6187.811813518
1267	-104.57213139676303	6193.044461703
1268	-104.57213139676303	6197.839574428
1269	-104.57213139676303	6203.328324721
1270	-104.57213139676303	6209.187832675
1271	-104.57213139676303	6213.506468318
1272	-104.57213139676303	6218.628379631
1273	-104.57213139676303	6223.239044943
1274	-104.57213139676303	6228.379547537
1275	-104.57213139676303	6234.170653771
1276	-104.57213139676303	6239.034580469
1277	-104.57213139676303	6245.221237112
1278	-104.57213139676303	6250.947981473
1279	-104.57213139676303	6256.72624658
1280	-104.57213139676303	6263.008754524
1281	-104.57213139676303	6268.879691797
1282	-104.57213139676303	6273.915712299
1283	-104.57213139676303	6278.989484137
1284	-104.57213139676303	6284.651286736
1285	-104.57213139676303	6289.535025793
1286	-104.57213139676303	6295.277821208
1287	-104.57213139676303	6300.959811356
1288	-104.57213139676303	6307.768573179
1289	-104.57213139676303	6313.137331158
1290	-104.57213139676303	6319.122125422
1291	-104.57213139676303	6324.153228828
1292	-104.57213139676303	6329.813779559
1293	-104.57213139676303	6334.862341835
1294	-104.57213139676303	6340.25841654
1295	-104.57213139676303	6345.911930751
1296	-104.57213139676303	6351.212882296
1297	-104.57213139676303	6356.71510578
1298	-104.57213139676303	6361.784322027
1299	-104.57213139676303	6366.795792971
1300	-104.57213139676303	6372.579057852
1301	-104.57213139676303	6377.536285929
1302	-104.57213139676303	6381.94635356
1303	-104.57213139676303	6385.968236306
1304	-104.57213139676303	6390.422024953
1305	-104.57213139676303	6395.032989334
1306	-104.57213139676303	6399.0563908
1307	-104.57213139676303	6404.660883156
1308	-104.57213139676303	6409.901633273
1309	-104.57213139676303	6415.283841066
1310	-104.57213139676303	6420.037925246
1311	-104.57213139676303	6424.794843592
1312	-104.57213139676303	6429.484785141
1313	-104.57213139676303	6433.736481906
1314	-104.57213139676303	6438.466348383
1315	-104.57213139676303	6443.50067768
1316	-104.57213139676303	6447.850506535
1317	-104.57213139676303	6452.493752634
1318	-104.57213139676303	6456.867720506
1319	-104.57213139676303	6461.822152905
1320	-104.57213139676303	6466.476832315
1321	-104.57213139676303	6471.972326046
1322	-104.57213139676303	6476.3482075
1323	-104.57213139676303	6482.448666565
1324	-104.57213139676303	6487.12934583
1325	-104.57213139676303	6492.286561762
1326	-104.57213139676303	6497.700699746
1327	-104.57213139676303	6501.856711707
1328	-104.57213139676303	6506.328947376
1329	-104.57213139676303	6511.599431571
1330	-104.57213139676303	6517.316438388
1331	-104.57213139676303	6522.429099106
1332	-104.57213139676303	6527.666623047
1333	-104.57213139676303	6532.62583484
1334	-104.57213139676303	6537.981271016
1335	-104.57213139676303	6542.841723216
1336	-104.57213139676303	6547.38691021
1337	-104.57213139676303	6553.668408905
1338	-104.57213139676303	6559.31648486
1339	-104.57213139676303	6565.170191056
1340	-104.57213139676303	6569.784502495
1341	-104.57213139676303	6575.153846637
1342	-104.57213139676303	6580.364384281
1343	-104.57213139676303	6584.398429905
1344	-104.57213139676303	6588.448597286
1345	-104.57213139676303	6593.15071996
1346	-104.57213139676303	6598.674082368
1347	-104.57213139676303	6604.143613306
1348	-104.57213139676303	6609.698462292
1349	-104.57213139676303	6614.383513259
1350	-104.57213139676303	6618.563463812
1351	-104.57213139676303	6623.666651272
1352	-104.57213139676303	6629.547050113
1353	-104.57213139676303	6634.717624912
1354	-104.57213139676303	6641.209664103
1355	-104.57213139676303	6645.398073247
1356	-104.57213139676303	6650.440734266
1357	-104.57213139676303	6657.052830203
1358	-104.57213139676303	6661.595838187
1359	-104.57213139676303	6666.536026489
1360	-104.57213139676303	6671.338014653
1361	-104.57213139676303	6676.307129348
1362	-104.57213139676303	6680.851452777
1363	-104.57213139676303	6685.378884398
1364	-104.57213139676303	6689.547188386
1365	-104.57213139676303	6694.221775093
1366	-104.57213139676303	6698.904473426
1367	-104.57213139676303	6704.165945367
1368	-104.57213139676303	6709.992771609
1369	-104.57213139676303	6714.92762429
1370	-104.57213139676303	6719.535441467
1371	-104.57213139676303	6725.519444868
1372	-104.57213139676303	6730.783473574
1373	-104.57213139676303	6736.723047773
1374	-104.57213139676303	6742.943132231
1375	-104.57213139676303	6748.880029354
1376	-104.57213139676303	6755.240341856
1377	-104.57213139676303	6760.284861434
1378	-104.57213139676303	6767.885294556
1379	-104.57213139676303	6773.912512637
1380	-104.57213139676303	6779.799196763
1381	-104.57213139676303	6784.182298055
1382	-104.57213139676303	6788.623229324
1383	-104.57213139676303	6793.727415199
1384	-104.57213139676303	6798.96099366
1385	-104.57213139676303	6804.047856942
1386	-104.57213139676303	6809.27402569
1387	-104.57213139676303	6815.079532256
1388	-104.57213139676303	6821.253645984
1389	-104.57213139676303	6826.498060474
1390	-104.57213139676303	6831.984133976
1391	-104.57213139676303	6836.90744843
1392	-104.57213139676303	6844.342707662
1393	-104.57213139676303	6848.938977773
1394	-104.57213139676303	6854.244073797
1395	-104.57213139676303	6860.178082301
1396	-104.57213139676303	6865.415910443
1397	-104.57213139676303	6870.561673392
1398	-104.57213139676303	6876.594811547
1399	-104.57213139676303	6882.751429342
1400	-104.57213139676303	6888.65077926
1401	-104.57213139676303	6894.577945112
1402	-104.57213139676303	6901.0854261
1403	-104.57213139676303	6906.248383634
1404	-104.57213139676303	6911.559711058
1405	-104.57213139676303	6917.995817888
1406	-104.57213139676303	6924.328309896
1407	-104.57213139676303	6929.763080753
1408	-104.57213139676303	6935.269833885
1409	-104.57213139676303	6940.734480228
1410	-104.57213139676303	6946.239331467
1411	-104.57213139676303	6951.977209786
1412	-104.57213139676303	6958.781706817
1413	-104.57213139676303	6963.839062676
1414	-104.57213139676303	6970.550372082
1415	-104.57213139676303	6976.206493236
1416	-104.57213139676303	6981.716386158
1417	-104.57213139676303	6987.346410808
1418	-104.57213139676303	6993.413923875
1419	-104.57213139676303	6998.40429866
1420	-104.57213139676303	7002.928682006
1421	-104.57213139676303	7007.489577649
1422	-104.57213139676303	7013.498388053
1423	-104.57213139676303	7019.490554968
1424	-104.57213139676303	7024.036674233
1425	-104.57213139676303	7029.728633426
1426	-104.57213139676303	7035.395426676
1427	-104.57213139676303	7039.053602535
1428	-104.57213139676303	7044.520659958
1429	-104.57213139676303	7049.491120603
1430	-104.57213139676303	7054.4924982
1431	-104.57213139676303	7060.40227389
1432	-104.57213139676303	7065.211229009
1433	-104.57213139676303	7070.244133668
1434	-104.57213139676303	7074.51820754
1435	-104.57213139676303	7078.751785145
1436	-104.57213139676303	7083.344630937
1437	-104.57213139676303	7088.236717397
1438	-104.57213139676303	7092.176331511
1439	-104.57213139676303	7097.245586246
1440	-104.57213139676303	7102.88604465
1441	-104.57213139676303	7108.629048187
1442	-104.57213139676303	7113.136057622
1443	-104.57213139676303	7118.376936319
1444	-104.57213139676303	7123.974760218
1445	-104.57213139676303	7130.704113802
1446	-104.57213139676303	7137.261159759
1447	-104.57213139676303	7143.505372399
1448	-104.57213139676303	7148.855643157
1449	-104.57213139676303	7154.111354396
1450	-104.57213139676303	7159.083137898
1451	-104.57213139676303	7164.902105967
1452	-104.57213139676303	7169.450316431
1453	-104.57213139676303	7174.402720925
1454	-104.57213139676303	7180.285459571
1455	-104.57213139676303	7185.103744828
1456	-104.57213139676303	7190.44002323
1457	-104.57213139676303	7195.316108244
1458	-104.57213139676303	7201.625824577
1459	-104.57213139676303	7208.745095306
1460	-104.57213139676303	7214.985457689
1461	-104.57213139676303	7219.372697757
1462	-104.57213139676303	7226.347538373
1463	-104.57213139676303	7233.479849229
1464	-104.57213139676303	7239.552350952
1465	-104.57213139676303	7246.36383119
1466	-104.57213139676303	7251.783467587
1467	-104.57213139676303	7258.465883387
1468	-104.57213139676303	7264.165362911
1469	-104.57213139676303	7268.561525996
1470	-104.57213139676303	7274.099651952
1471	-104.57213139676303	7279.122619213
1472	-104.57213139676303	7285.578639042
1473	-104.57213139676303	7291.30723683
1474	-104.57213139676303	7297.157471951
1475	-104.57213139676303	7304.6262967
1476	-104.57213139676303	7308.959881205
1477	-104.57213139676303	7314.877129331
1478	-104.57213139676303	7319.631522843
1479	-104.57213139676303	7324.31667388
1480	-104.57213139676303	7330.397863129
1481	-104.57213139676303	7335.033105084
1482	-104.57213139676303	7340.304233601
1483	-104.57213139676303	7345.801816535
1484	-104.57213139676303	7351.215392019
1485	-104.57213139676303	7356.23312715
1486	-104.57213139676303	7361.721858056
1487	-104.57213139676303	7366.896227803
1488	-104.57213139676303	7372.128215129
1489	-104.57213139676303	7377.619684978
1490	-104.57213139676303	7381.632331668
1491	-104.57213139676303	7387.075785205
1492	-104.57213139676303	7392.760354355
1493	-104.57213139676303	7398.236081627
1494	-104.57213139676303	7403.80722229
1495	-104.57213139676303	7409.840002361
1496	-104.57213139676303	7415.219275063
1497	-104.57213139676303	7420.9762108
1498	-104.57213139676303	7425.901633273
1499	-104.57213139676303	7432.114077658
1500	-104.57213139676303	7439.752873082
1501	-104.57213139676303	7445.958596836
1502	-104.57213139676303	7451.744565308
1503	-104.57213139676303	7457.178054647
1504	-104.57213139676303	7462.821916274
1505	-104.57213139676303	7468.607988236
1506	-104.57213139676303	7473.119767371
1507	-104.57213139676303	7478.888242475
1508	-104.57213139676303	7483.074419012
1509	-104.57213139676303	7487.592041814
1510	-104.57213139676303	7493.07194122
1511	-104.57213139676303	7497.875805048
1512	-104.57213139676303	7503.590492018
1513	-104.57213139676303	7509.524466595
1514	-104.57213139676303	7514.998256052
1515	-104.57213139676303	7521.38951145
1516	-104.57213139676303	7527.670713642
1517	-104.57213139676303	7531.941994402
1518	-104.57213139676303	7537.734912723
1519	-104.57213139676303	7543.17187884
1520	-104.57213139676303	7548.526201135
1521	-104.57213139676303	7555.529395095
1522	-104.57213139676303	7561.921443067
1523	-104.57213139676303	7567.548130637
1524	-104.57213139676303	7573.702118682
1525	-104.57213139676303	7579.135742588
1526	-104.57213139676303	7584.1137076
1527	-104.57213139676303	7588.611456461
1528	-104.57213139676303	7593.076246494
1529	-104.57213139676303	7597.772380956
1530	-104.57213139676303	7602.921831086
1531	-104.57213139676303	7608.34236982
1532	-104.57213139676303	7613.450274522
1533	-104.57213139676303	7618.602510636
1534	-104.57213139676303	7623.749610413
1535	-104.57213139676303	7627.940273262
1536	-104.57213139676303	7632.743842297
1537	-104.57213139676303	7638.415954633
1538	-104.57213139676303	7643.485151778
1539	-104.57213139676303	7649.529845551
1540	-104.57213139676303	7654.608946452
1541	-104.57213139676303	7657.768358784
1542	-104.57213139676303	7661.124814757
1543	-104.57213139676303	7666.593429674
1544	-104.57213139676303	7672.735737513
1545	-104.57213139676303	7678.038216902
1546	-104.57213139676303	7682.969566291
1547	-104.57213139676303	7688.689488528
1548	-104.57213139676303	7692.09823102
1549	-104.57213139676303	7695.844444483
1550	-104.57213139676303	7699.560808688
1551	-104.57213139676303	7702.693048839
1552	-104.57213139676303	7704.561756356
1553	-104.57213139676303	7708.54001787
1554	-104.57213139676303	7711.228915103
1555	-104.57213139676303	7713.695736464
1556	-104.57213139676303	7716.610621692
1557	-104.57213139676303	7719.195138612
1558	-104.57213139676303	7723.16274371
1559	-104.57213139676303	7726.556575259
1560	-104.57213139676303	7732.174226057
1561	-104.57213139676303	7736.245895863
1562	-104.57213139676303	7741.0957729
1563	-104.57213139676303	7746.382110289
1564	-104.57213139676303	7750.206179627
1565	-104.57213139676303	7754.174731822
1566	-104.57213139676303	7758.865850544
1567	-104.57213139676303	7763.897631059
1568	-104.57213139676303	7769.781092145
1569	-104.57213139676303	7774.680890238
1570	-104.57213139676303	7779.210409351
1571	-104.57213139676303	7783.106373722
1572	-104.57213139676303	7787.489124628
1573	-104.57213139676303	7791.110853192
1574	-104.57213139676303	7793.957266566
1575	-104.57213139676303	7798.148384717
1576	-104.57213139676303	7802.790146307
1577	-104.57213139676303	7807.772718798
1578	-104.57213139676303	7811.991586169
1579	-104.57213139676303	7816.092328908
1580	-104.57213139676303	7820.987733346
1581	-104.57213139676303	7826.212974098
1582	-104.57213139676303	7830.580270376
1583	-104.57213139676303	7836.554628035
1584	-104.57213139676303	7840.950063549
1585	-104.57213139676303	7844.60895244
1586	-104.57213139676303	7850.686686293
1587	-104.57213139676303	7856.67440738
1588	-104.57213139676303	7862.901752159
1589	-104.57213139676303	7868.21053679
1590	-104.57213139676303	7873.485162612
1591	-104.57213139676303	7878.242354368
1592	-104.57213139676303	7882.60489235
1593	-104.57213139676303	7887.039750733
1594	-104.57213139676303	7892.672624088
1595	-104.57213139676303	7898.547126235
1596	-104.57213139676303	7903.258318751
1597	-104.57213139676303	7907.429028686
1598	-104.57213139676303	7911.913879115
1599	-104.57213139676303	7916.778638016
1600	-104.57213139676303	7921.567600023
1601	-104.57213139676303	7926.464473004
1602	-104.57213139676303	7931.554927388
1603	-104.57213139676303	7937.419662626
1604	-104.57213139676303	7943.635319217
1605	-104.57213139676303	7948.73324347
1606	-104.57213139676303	7954.961518242
1607	-104.57213139676303	7959.464273435
1608	-104.57213139676303	7965.261430602
1609	-104.57213139676303	7970.188848481
1610	-104.57213139676303	7977.237383103
1611	-104.57213139676303	7982.261077935
1612	-104.57213139676303	7987.175852545
1613	-104.57213139676303	7991.879993717
1614	-104.57213139676303	7997.633133365
1615	-104.57213139676303	8002.743477941
1616	-104.57213139676303	8008.27476438
1617	-104.57213139676303	8013.276271412
1618	-104.57213139676303	8020.28586099
1619	-104.57213139676303	8025.887115766
1620	-104.57213139676303	8030.237553592
1621	-104.57213139676303	8036.205824965
1622	-104.57213139676303	8040.493974441
1623	-104.57213139676303	8044.693380409
1624	-104.57213139676303	8049.477811629
1625	-104.57213139676303	8055.173758495
1626	-104.57213139676303	8060.128501938
1627	-104.57213139676303	8065.681554518
1628	-104.57213139676303	8070.849479325
1629	-104.57213139676303	8075.202408342
1630	-104.57213139676303	8080.095379464
1631	-104.57213139676303	8084.990694951
1632	-104.57213139676303	8090.334627111
1633	-104.57213139676303	8095.818093386
1634	-104.57213139676303	8100.981549272
1635	-104.57213139676303	8105.791385916
1636	-104.57213139676303	8110.471969102
1637	-104.57213139676303	8115.505627562
1638	-104.57213139676303	8121.392406341
1639	-104.57213139676303	8126.691051723
1640	-104.57213139676303	8131.713746715
1641	-104.57213139676303	8136.341180388
1642	-104.57213139676303	8142.117876882
1643	-104.57213139676303	8147.852414985
1644	-104.57213139676303	8153.022932194
1645	-104.57213139676303	8157.703595493
1646	-104.57213139676303	8162.261483631
1647	-104.57213139676303	8166.693599365
1648	-104.57213139676303	8171.099357445
1649	-104.57213139676303	8175.031153013
1650	-104.57213139676303	8176.987957434
1651	-104.57213139676303	8182.11268153
1652	-104.57213139676303	8188.166859108
1653	-104.57213139676303	8192.056777679
1654	-104.57213139676303	8198.130836326
1655	-104.57213139676303	8203.566409451
1656	-104.57213139676303	8208.949105617
1657	-104.57213139676303	8213.897525002
1658	-104.57213139676303	8218.954846363
1659	-104.57213139676303	8223.889098056
1660	-104.57213139676303	8228.960500725
1661	-104.57213139676303	8233.469097019
1662	-104.57213139676303	8239.713361547
1663	-104.57213139676303	8242.508791302
1664	-104.57213139676303	8244.659628152
1665	-104.57213139676303	8246.710376849
1666	-104.57213139676303	8248.515951269
1667	-104.57213139676303	8250.692203807
1668	-104.57213139676303	8252.792483261
1669	-104.57213139676303	8255.348784254
1670	-104.57213139676303	8257.428337892
1671	-104.57213139676303	8261.762019046
1672	-104.57213139676303	8264.809060891
1673	-104.57213139676303	8267.942330533
1674	-104.57213139676303	8270.049101968
1675	-104.57213139676303	8271.993739804
1676	-104.57213139676303	8274.41438374
1677	-104.57213139676303	8276.381475944
1678	-104.57213139676303	8278.556484597
1679	-104.57213139676303	8280.581760017
1680	-104.57213139676303	8282.680793304
1681	-104.57213139676303	8285.294218086
1682	-104.57213139676303	8288.438310643
1683	-104.57213139676303	8290.750246183
1684	-104.57213139676303	8293.361741417
1685	-104.57213139676303	8295.375256518
1686	-104.57213139676303	8297.484753495
1687	-104.57213139676303	8299.784207132
1688	-104.57213139676303	8302.180121897
1689	-104.57213139676303	8304.872317721
1690	-104.57213139676303	8307.093430529
1691	-104.57213139676303	8310.080717981
1692	-104.57213139676303	8312.296001948
1693	-104.57213139676303	8317.243195694
1694	-104.57213139676303	8323.12675856
1695	-104.57213139676303	8327.439049333
1696	-104.57213139676303	8332.470586944
1697	-104.57213139676303	8337.239261903
1698	-104.57213139676303	8341.548247527
1699	-104.57213139676303	8347.270485905
1700	-104.57213139676303	8353.027329841
1701	-104.57213139676303	8358.603164937
1702	-104.57213139676303	8363.582631278
1703	-104.57213139676303	8368.545571877
1704	-104.57213139676303	8373.421480985
1705	-104.57213139676303	8377.602305935
1706	-104.57213139676303	8381.825374235
1707	-104.57213139676303	8386.011805365
1708	-104.57213139676303	8391.046792099
1709	-104.57213139676303	8396.033604291
1710	-104.57213139676303	8399.952097727
1711	-104.57213139676303	8404.171017557
1712	-104.57213139676303	8410.231635514
1713	-104.57213139676303	8415.626285011
1714	-104.57213139676303	8421.713205883
1715	-104.57213139676303	8427.061161925
1716	-104.57213139676303	8432.648471387
1717	-104.57213139676303	8438.347520697
1718	-104.57213139676303	8443.677487871
1719	-104.57213139676303	8448.400396801
1720	-104.57213139676303	8452.967125847
1721	-104.57213139676303	8458.055428592
1722	-104.57213139676303	8463.255338615
1723	-104.57213139676303	8469.25039757
1724	-104.57213139676303	8475.250693788
1725	-104.57213139676303	8480.558470024
1726	-104.57213139676303	8484.87974454
1727	-104.57213139676303	8491.004415608
1728	-104.57213139676303	8496.648414367
1729	-104.57213139676303	8501.016577631
1730	-104.57213139676303	8505.759171766
1731	-104.57213139676303	8511.049073173
1732	-104.57213139676303	8515.680214269
1733	-104.57213139676303	8520.687325484
1734	-104.57213139676303	8524.554915699
1735	-104.57213139676303	8528.157122705
1736	-104.57213139676303	8531.526136418
1737	-104.57213139676303	8535.569112471
1738	-104.57213139676303	8540.34264551
1739	-104.57213139676303	8543.799786632
1740	-104.57213139676303	8547.859933606
1741	-104.57213139676303	8552.496010045
1742	-104.57213139676303	8555.032329615
1743	-104.57213139676303	8558.033068591
1744	-104.57213139676303	8563.448426797
1745	-104.57213139676303	8568.970290442
1746	-104.57213139676303	8572.308515212
1747	-104.57213139676303	8574.462256647
1748	-104.57213139676303	8577.542172646
1749	-104.57213139676303	8581.029730086
1750	-104.57213139676303	8583.265943144
1751	-104.57213139676303	8585.237553877
1752	-104.57213139676303	8587.833197342
1753	-104.57213139676303	8591.803273104
1754	-104.57213139676303	8594.140917984
1755	-104.57213139676303	8596.184296596
1756	-104.57213139676303	8599.160710101
1757	-104.57213139676303	8603.200443443
1758	-104.57213139676303	8605.526610252
1759	-104.57213139676303	8608.586232074
1760	-104.57213139676303	8611.209326261
1761	-104.57213139676303	8613.44112143
1762	-104.57213139676303	8615.78126691
1763	-104.57213139676303	8617.862236918
1764	-104.57213139676303	8620.225245028
1765	-104.57213139676303	8622.413296944
1766	-104.57213139676303	8625.137596014
1767	-104.57213139676303	8627.189275274
1768	-104.57213139676303	8629.399591397
1769	-104.57213139676303	8631.321897742
1770	-104.57213139676303	8633.329300613
1771	-104.57213139676303	8635.457147395
1772	-104.57213139676303	8638.327077414
1773	-104.57213139676303	8640.495574699
1774	-104.57213139676303	8642.461656515
1775	-104.57213139676303	8644.26724804
1776	-104.57213139676303	8646.28845054
1777	-104.57213139676303	8648.006407592
1778	-104.57213139676303	8649.812620918
1779	-104.57213139676303	8652.118161125
1780	-104.57213139676303	8654.375761998
1781	-104.57213139676303	8657.048823997
1782	-104.57213139676303	8661.15043087
1783	-104.57213139676303	8663.522804755
1784	-104.57213139676303	8665.606650553
1785	-104.57213139676303	8668.52913537
1786	-104.57213139676303	8673.576473718
1787	-104.57213139676303	8676.807032984
1788	-104.57213139676303	8679.304279217
1789	-104.57213139676303	8681.390201388
1790	-104.57213139676303	8683.46171667
1791	-104.57213139676303	8685.380022797
1792	-104.57213139676303	8687.569939827
1793	-104.57213139676303	8689.68755784
1794	-104.57213139676303	8691.617499412
1795	-104.57213139676303	8693.829798681
1796	-104.57213139676303	8695.985836015
1797	-104.57213139676303	8698.773690699
1798	-104.57213139676303	8701.126536183
1799	-104.57213139676303	8703.217026205
1800	-104.57213139676303	8705.887089252
1801	-104.57213139676303	8708.889283371
1802	-104.57213139676303	8711.353224665
1803	-104.57213139676303	8713.916954474
1804	-104.57213139676303	8716.003043713
1805	-104.57213139676303	8718.150697152
1806	-104.57213139676303	8720.506081154
1807	-104.57213139676303	8722.84809232
1808	-104.57213139676303	8725.115690461
1809	-104.57213139676303	8726.953236126
1810	-104.57213139676303	8729.144847213
1811	-104.57213139676303	8731.188717906
1812	-104.57213139676303	8734.121485946
1813	-104.57213139676303	8736.372398689
1814	-104.57213139676303	8738.311898763
1815	-104.57213139676303	8740.198868843
1816	-104.57213139676303	8741.913019828
1817	-104.57213139676303	8743.863075393
1818	-104.57213139676303	8746.376633544
1819	-104.57213139676303	8749.286199117
1820	-104.57213139676303	8751.267624085
1821	-104.57213139676303	8753.266259603
1822	-104.57213139676303	8755.440370195
1823	-104.57213139676303	8757.993009097
1824	-104.57213139676303	8759.999809839
1825	-104.57213139676303	8762.345367632
1826	-104.57213139676303	8764.898087502
1827	-104.57213139676303	8767.313648698
1828	-104.57213139676303	8770.004283322
1829	-104.57213139676303	8772.487414321
1830	-104.57213139676303	8774.966796273
1831	-104.57213139676303	8777.139654997
1832	-104.57213139676303	8779.03683902
1833	-104.57213139676303	8781.134449951
1834	-104.57213139676303	8783.242343534
1835	-104.57213139676303	8785.404151835
1836	-104.57213139676303	8787.332078044
1837	-104.57213139676303	8789.303498902
1838	-104.57213139676303	8791.633302714
1839	-104.57213139676303	8793.677784373
1840	-104.57213139676303	8795.742367197
1841	-104.57213139676303	8797.901816307
1842	-104.57213139676303	8799.72881874
1843	-104.57213139676303	8801.561399127
1844	-104.57213139676303	8803.937330759
1845	-104.57213139676303	8806.062121853
1846	-104.57213139676303	8808.120041636
1847	-104.57213139676303	8810.088557338
1848	-104.57213139676303	8812.468107441
1849	-104.57213139676303	8815.091967118
1850	-104.57213139676303	8817.350021582
1851	-104.57213139676303	8819.356775284
1852	-104.57213139676303	8821.295958613
1853	-104.57213139676303	8823.094925587
1854	-104.57213139676303	8824.775724022
1855	-104.57213139676303	8826.916350065
1856	-104.57213139676303	8829.413682967
1857	-104.57213139676303	8831.400195521
1858	-104.57213139676303	8834.27690091
1859	-104.57213139676303	8836.554841004
1860	-104.57213139676303	8839.222190196
1861	-104.57213139676303	8841.344376344
1862	-104.57213139676303	8843.89484479
1863	-104.57213139676303	8846.609180518
1864	-104.57213139676303	8848.960562876
1865	-104.57213139676303	8851.43087584
1866	-104.57213139676303	8854.152462483
1867	-104.57213139676303	8856.942099318
1868	-104.57213139676303	8860.657144658
1869	-104.57213139676303	8863.127220705
1870	-104.57213139676303	8865.417202225
1871	-104.57213139676303	8867.532527759
1872	-104.57213139676303	8870.261796384
1873	-104.57213139676303	8872.586311046
1874	-104.57213139676303	8874.614945498
1875	-104.57213139676303	8877.235513426
1876	-104.57213139676303	8879.613574173
1877	-104.57213139676303	8882.05536473
1878	-104.57213139676303	8884.588159626
1879	-104.57213139676303	8886.982862721
1880	-104.57213139676303	8889.83589523
1881	-104.57213139676303	8892.286269536
1882	-104.57213139676303	8894.342663757
1883	-104.57213139676303	8896.506179228
1884	-104.57213139676303	8899.515726896
1885	-104.57213139676303	8901.707605976
1886	-104.57213139676303	8903.889337539
1887	-104.57213139676303	8906.12453365
1888	-104.57213139676303	8908.824997905
1889	-104.57213139676303	8911.056848098
1890	-104.57213139676303	8913.092740876
1891	-104.57213139676303	8915.281797764
1892	-104.57213139676303	8917.551832643
1893	-104.57213139676303	8919.504024167
1894	-104.57213139676303	8921.357606346
1895	-104.57213139676303	8923.070557921
1896	-104.57213139676303	8925.342436533
1897	-104.57213139676303	8927.701108863
1898	-104.57213139676303	8930.470020738
1899	-104.57213139676303	8932.454580937
1900	-104.57213139676303	8935.074769398
1901	-104.57213139676303	8937.824996764
1902	-104.57213139676303	8940.364708438
1903	-104.57213139676303	8942.903036529
1904	-104.57213139676303	8945.204514936
1905	-104.57213139676303	8947.366447825
1906	-104.57213139676303	8949.865933507
1907	-104.57213139676303	8952.036213799
1908	-104.57213139676303	8955.125591081
1909	-104.57213139676303	8957.055755885
1910	-104.57213139676303	8959.506269034
1911	-104.57213139676303	8962.250967197
1912	-104.57213139676303	8964.116980247
1913	-104.57213139676303	8966.138857006
1914	-104.57213139676303	8968.165963899
1915	-104.57213139676303	8970.343681274
1916	-104.57213139676303	8972.662953827
1917	-104.57213139676303	8975.796060393
1918	-104.57213139676303	8978.368652208
1919	-104.57213139676303	8980.740176499
1920	-104.57213139676303	8983.434900578
1921	-104.57213139676303	8985.661580222
1922	-104.57213139676303	8988.116495864
1923	-104.57213139676303	8990.266254756
1924	-104.57213139676303	8992.397991138
1925	-104.57213139676303	8994.922698926
1926	-104.57213139676303	8997.373029612
1927	-104.57213139676303	8999.673119589
1928	-104.57213139676303	9002.76577522
1929	-104.57213139676303	9005.233875249
1930	-104.57213139676303	9007.688274863
1931	-104.57213139676303	9009.59383594
1932	-104.57213139676303	9011.511830738
1933	-104.57213139676303	9013.963585207
1934	-104.57213139676303	9019.786982283
1935	-104.57213139676303	9021.850786787
1936	-104.57213139676303	9023.905656585
1937	-104.57213139676303	9026.949749085
1938	-104.57213139676303	9029.388614814
1939	-104.57213139676303	9032.02773411
1940	-104.57213139676303	9034.33433517
1941	-104.57213139676303	9036.402653356
1942	-104.57213139676303	9039.105459981
1943	-104.57213139676303	9041.979961558
1944	-104.57213139676303	9044.982191029
1945	-104.57213139676303	9047.199631767
1946	-104.57213139676303	9049.133438136
1947	-104.57213139676303	9051.259801549
1948	-104.57213139676303	9053.619639362
1949	-104.57213139676303	9055.595537408
1950	-104.57213139676303	9057.7528115
1951	-104.57213139676303	9059.469031446
1952	-104.57213139676303	9061.458460559
1953	-104.57213139676303	9063.429891395
1954	-104.57213139676303	9065.309219121
1955	-104.57213139676303	9067.585012137
1956	-104.57213139676303	9069.567527323
1957	-104.57213139676303	9071.862989579
1958	-104.57213139676303	9073.947936143
1959	-104.57213139676303	9076.093002311
1960	-104.57213139676303	9078.354481095
1961	-104.57213139676303	9080.249897507
1962	-104.57213139676303	9083.243036324
1963	-104.57213139676303	9085.53712697
1964	-104.57213139676303	9087.260488066
1965	-104.57213139676303	9089.267077551
1966	-104.57213139676303	9091.664164356
1967	-104.57213139676303	9093.70348402
1968	-104.57213139676303	9095.750194865
1969	-104.57213139676303	9097.609107533
1970	-104.57213139676303	9099.808143444
1971	-104.57213139676303	9101.782019285
1972	-104.57213139676303	9103.939871843
1973	-104.57213139676303	9106.328831056
1974	-104.57213139676303	9108.292507209
1975	-104.57213139676303	9110.597611786
1976	-104.57213139676303	9113.102516053
1977	-104.57213139676303	9115.25116135
1978	-104.57213139676303	9117.065316953
1979	-104.57213139676303	9119.382218912
1980	-104.57213139676303	9121.83156059
1981	-104.57213139676303	9124.404440354
1982	-104.57213139676303	9127.042507352
1983	-104.57213139676303	9130.022099421
1984	-104.57213139676303	9132.70391965
1985	-104.57213139676303	9134.274376076
1986	-104.57213139676303	9136.259640468
1987	-104.57213139676303	9137.993083222
1988	-104.57213139676303	9140.174427622
1989	-104.57213139676303	9143.12324586
1990	-104.57213139676303	9144.955008585
1991	-104.57213139676303	9147.092538456
1992	-104.57213139676303	9149.32326536
1993	-104.57213139676303	9151.829192276
1994	-104.57213139676303	9153.777389569
1995	-104.57213139676303	9155.541802303
1996	-104.57213139676303	9158.598292887
1997	-104.57213139676303	9164.301107209
1998	-104.57213139676303	9166.311229351
1999	-104.57213139676303	9168.286142667
2000	-104.57213139676303	9170.277592844
2001	-104.57213139676303	9172.071637305
2002	-104.57213139676303	9174.142112832
2003	-104.57213139676303	9176.571300603
2004	-104.57213139676303	9178.707765061
2005	-104.57213139676303	9180.811203692
2006	-104.57213139676303	9183.278182998
2007	-104.57213139676303	9185.936030139
2008	-104.57213139676303	9188.104766336
2009	-104.57213139676303	9190.869037946
2010	-104.57213139676303	9193.591031424
2011	-104.57213139676303	9196.693534647
2012	-104.57213139676303	9198.66933462
2013	-104.57213139676303	9200.63048651
2014	-104.57213139676303	9203.378206718
2015	-104.57213139676303	9205.483095932
2016	-104.57213139676303	9207.759593427
2017	-104.57213139676303	9210.058124485
2018	-104.57213139676303	9212.124022183
2019	-104.57213139676303	9213.962678593
2020	-104.57213139676303	9216.571751059
2021	-104.57213139676303	9219.596464549
2022	-104.57213139676303	9222.704249795
2023	-104.57213139676303	9225.511968441
2024	-104.57213139676303	9227.800655898
2025	-104.57213139676303	9231.161752992
2026	-104.57213139676303	9233.450641444
2027	-104.57213139676303	9235.517184606
2028	-104.57213139676303	9238.331335362
2029	-104.57213139676303	9240.322378989
2030	-104.57213139676303	9242.500366637
2031	-104.57213139676303	9244.516510062
2032	-104.57213139676303	9246.683348073
2033	-104.57213139676303	9248.324125503
2034	-104.57213139676303	9250.330094898
2035	-104.57213139676303	9252.390544932
2036	-104.57213139676303	9254.327683249
2037	-104.57213139676303	9256.315938896
2038	-104.57213139676303	9258.277338821
2039	-104.57213139676303	9260.455605011
2040	-104.57213139676303	9263.225915295
2041	-104.57213139676303	9266.576933297
2042	-104.57213139676303	9268.815067064
2043	-104.57213139676303	9270.949464556
2044	-104.57213139676303	9273.013860356
2045	-104.57213139676303	9275.044052586
2046	-104.57213139676303	9277.479626567
2047	-104.57213139676303	9279.802776747
2048	-104.57213139676303	9281.842044807
2049	-104.57213139676303	9283.409309839
2050	-104.57213139676303	9285.164969475
2051	-104.57213139676303	9287.193867643
2052	-104.57213139676303	9289.520525962
2053	-104.57213139676303	9291.277893053
2054	-104.57213139676303	9293.070190999
2055	-104.57213139676303	9294.875322376
2056	-104.57213139676303	9296.407581286
2057	-104.57213139676303	9298.339138512
2058	-104.57213139676303	9300.709846851
2059	-104.57213139676303	9306.360774077
2060	-104.57213139676303	9308.582357583
2061	-104.57213139676303	9311.833925769
2062	-104.57213139676303	9314.02358507
2063	-104.57213139676303	9315.869581059
2064	-104.57213139676303	9317.614823761
2065	-104.57213139676303	9319.741209411
2066	-104.57213139676303	9321.799651211
2067	-104.57213139676303	9323.936727205
2068	-104.57213139676303	9325.782715781
2069	-104.57213139676303	9328.030934057
2070	-104.57213139676303	9329.842888129
2071	-104.57213139676303	9332.242383448
2072	-104.57213139676303	9334.647171907
2073	-104.57213139676303	9336.46933137
2074	-104.57213139676303	9338.607338211
2075	-104.57213139676303	9340.726876078
2076	-104.57213139676303	9342.275680687
2077	-104.57213139676303	9343.998973645
2078	-104.57213139676303	9346.364576723
2079	-104.57213139676303	9348.328731842
2080	-104.57213139676303	9350.710896014
2081	-104.57213139676303	9353.361783897
2082	-104.57213139676303	9355.202332221
2083	-104.57213139676303	9357.705477999
2084	-104.57213139676303	9359.84478375
2085	-104.57213139676303	9362.15332234
2086	-104.57213139676303	9364.069299211
2087	-104.57213139676303	9366.708683649
2088	-104.57213139676303	9370.041299959
2089	-104.57213139676303	9372.306237559
2090	-104.57213139676303	9374.301347262
2091	-104.57213139676303	9377.4091824
2092	-104.57213139676303	9380.235816201
2093	-104.57213139676303	9382.698547822
2094	-104.57213139676303	9384.819920298
2095	-104.57213139676303	9386.920522769
2096	-104.57213139676303	9388.927186664
2097	-104.57213139676303	9391.009842746
2098	-104.57213139676303	9393.37182279
2099	-104.57213139676303	9395.65637204
2100	-104.57213139676303	9397.880352656
2101	-104.57213139676303	9399.879201428
2102	-104.57213139676303	9402.085906776
2103	-104.57213139676303	9404.137243632
2104	-104.57213139676303	9406.179795744
2105	-104.57213139676303	9407.975109464
2106	-104.57213139676303	9410.036811366
2107	-104.57213139676303	9412.14914479
2108	-104.57213139676303	9414.315972822
2109	-104.57213139676303	9418.521542908
2110	-104.57213139676303	9420.88786643
2111	-104.57213139676303	9423.519953198
2112	-104.57213139676303	9425.787842995
2113	-104.57213139676303	9429.231948552
2114	-104.57213139676303	9431.349942895
2115	-104.57213139676303	9434.099314395
2116	-104.57213139676303	9436.226165897
2117	-104.57213139676303	9438.077717033
2118	-104.57213139676303	9440.73968898
2119	-104.57213139676303	9443.093781771
2120	-104.57213139676303	9445.329555206
2121	-104.57213139676303	9447.804845138
2122	-104.57213139676303	9450.691747079
2123	-104.57213139676303	9453.233332136
2124	-104.57213139676303	9455.821214931
2125	-104.57213139676303	9458.431627931
2126	-104.57213139676303	9460.818598011
2127	-104.57213139676303	9464.491028231
2128	-104.57213139676303	9466.981842638
2129	-104.57213139676303	9469.019835168
2130	-104.57213139676303	9470.759613099
2131	-104.57213139676303	9472.880056153
2132	-104.57213139676303	9475.325227694
2133	-104.57213139676303	9477.529824169
2134	-104.57213139676303	9479.913037789
2135	-104.57213139676303	9482.190853295
2136	-104.57213139676303	9485.36860146
2137	-104.57213139676303	9488.278824185
2138	-104.57213139676303	9490.309558388
2139	-104.57213139676303	9492.37442574
2140	-104.57213139676303	9494.621253305
2141	-104.57213139676303	9497.064969418
2142	-104.57213139676303	9499.606847271
2143	-104.57213139676303	9501.576998014
2144	-104.57213139676303	9504.186425713
2145	-104.57213139676303	9506.070860411
2146	-104.57213139676303	9508.180335151
2147	-104.57213139676303	9510.060087674
2148	-104.57213139676303	9512.130003267
2149	-104.57213139676303	9514.546119266
2150	-104.57213139676303	9516.625625863
2151	-104.57213139676303	9518.750018959
2152	-104.57213139676303	9521.36284931
2153	-104.57213139676303	9524.499397017
2154	-104.57213139676303	9528.21396168
2155	-104.57213139676303	9530.073351033
2156	-104.57213139676303	9532.639052013
2157	-104.57213139676303	9535.207935265
2158	-104.57213139676303	9537.324235551
2159	-104.57213139676303	9539.529249695
2160	-104.57213139676303	9542.17877338
2161	-104.57213139676303	9544.333343597
2162	-104.57213139676303	9546.260983853
2163	-104.57213139676303	9548.118356418
2164	-104.57213139676303	9550.439376911
2165	-104.57213139676303	9553.082910675
2166	-104.57213139676303	9555.168991361
2167	-104.57213139676303	9557.792101229
2168	-104.57213139676303	9560.803095202
2169	-104.57213139676303	9563.110149854
2170	-104.57213139676303	9565.359484006
2171	-104.57213139676303	9567.5356379
2172	-104.57213139676303	9569.580126402
2173	-104.57213139676303	9571.361783897
2174	-104.57213139676303	9574.075638379
2175	-104.57213139676303	9576.409169856
2176	-104.57213139676303	9578.898000832
2177	-104.57213139676303	9581.856797236
2178	-104.57213139676303	9583.892816313
2179	-104.57213139676303	9586.028519557
2180	-104.57213139676303	9588.815739612
2181	-104.57213139676303	9591.478505844
2182	-104.57213139676303	9593.548701975
2183	-104.57213139676303	9595.712716939
2184	-104.57213139676303	9597.852875134
2185	-104.57213139676303	9601.026602554
2186	-104.57213139676303	9603.722767521
2187	-104.57213139676303	9606.204665468
2188	-104.57213139676303	9608.091921217
2189	-104.57213139676303	9611.218190548
2190	-104.57213139676303	9618.620371495
2191	-104.57213139676303	9621.247640952
2192	-104.57213139676303	9623.520148491
2193	-104.57213139676303	9625.72812652
2194	-104.57213139676303	9628.928486714
2195	-104.57213139676303	9632.525537996
2196	-104.57213139676303	9634.737098859
2197	-104.57213139676303	9637.04920945
2198	-104.57213139676303	9639.100998473
2199	-104.57213139676303	9641.480380938
2200	-104.57213139676303	9642.958504464
2201	-104.57213139676303	9644.59863643
2202	-104.57213139676303	9646.711566281
2203	-104.57213139676303	9648.981641929
2204	-104.57213139676303	9652.072509136
2205	-104.57213139676303	9654.890839439
2206	-104.57213139676303	9657.123455692
2207	-104.57213139676303	9659.223203437
2208	-104.57213139676303	9661.410470191
2209	-104.57213139676303	9663.666514994
2210	-104.57213139676303	9666.589751046
2211	-104.57213139676303	9668.682725133
2212	-104.57213139676303	9670.484099194
2213	-104.57213139676303	9672.379590017
2214	-104.57213139676303	9674.498211291
2215	-104.57213139676303	9676.308476724
2216	-104.57213139676303	9678.443357744
2217	-104.57213139676303	9680.284557804
2218	-104.57213139676303	9682.436852933
2219	-104.57213139676303	9684.65891569
2220	-104.57213139676303	9686.729575106
2221	-104.57213139676303	9688.749551112
2222	-104.57213139676303	9691.233285665
2223	-104.57213139676303	9693.876719074
2224	-104.57213139676303	9696.316597759
2225	-104.57213139676303	9698.682217087
2226	-104.57213139676303	9700.870171213
2227	-104.57213139676303	9703.129976468
2228	-104.57213139676303	9705.605807231
2229	-104.57213139676303	9708.627572802
2230	-104.57213139676303	9710.774829668
2231	-104.57213139676303	9713.185481751
2232	-104.57213139676303	9716.165948503
2233	-104.57213139676303	9718.655640192
2234	-104.57213139676303	9720.833837958
2235	-104.57213139676303	9722.992262993
2236	-104.57213139676303	9724.933282928
2237	-104.57213139676303	9727.108442113
2238	-104.57213139676303	9729.862776325
2239	-104.57213139676303	9732.429852051
2240	-104.57213139676303	9734.751426776
2241	-104.57213139676303	9737.003767009
2242	-104.57213139676303	9739.736389819
2243	-104.57213139676303	9742.480150008
2244	-104.57213139676303	9744.976611363
2245	-104.57213139676303	9746.873423048
2246	-104.57213139676303	9749.382665661
2247	-104.57213139676303	9752.384195785
2248	-104.57213139676303	9754.326146852
2249	-104.57213139676303	9756.108755436
2250	-104.57213139676303	9758.776883804
2251	-104.57213139676303	9761.344092956
2252	-104.57213139676303	9763.470019883
2253	-104.57213139676303	9765.991753522
2254	-104.57213139676303	9768.054941358
2255	-104.57213139676303	9770.502290198
2256	-104.57213139676303	9772.499964648
2257	-104.57213139676303	9774.537866516
2258	-104.57213139676303	9776.11892519
2259	-104.57213139676303	9778.251788567
2260	-104.57213139676303	9780.437553421
2261	-104.57213139676303	9782.520375144
2262	-104.57213139676303	9784.540223426
2263	-104.57213139676303	9786.561437616
2264	-104.57213139676303	9788.67849883
2265	-104.57213139676303	9790.601361688
2266	-104.57213139676303	9792.291188913
2267	-104.57213139676303	9794.300308363
2268	-104.57213139676303	9796.222227829
2269	-104.57213139676303	9798.168595074
2270	-104.57213139676303	9800.22532343
2271	-104.57213139676303	9802.813487903
2272	-104.57213139676303	9805.097333245
2273	-104.57213139676303	9807.719431012
2274	-104.57213139676303	9810.268558638
2275	-104.57213139676303	9812.534427656
2276	-104.57213139676303	9814.904575776
2277	-104.57213139676303	9817.34359831
2278	-104.57213139676303	9819.359383651
2279	-104.57213139676303	9821.562711722
2280	-104.57213139676303	9823.737125944
2281	-104.57213139676303	9825.93946073
2282	-104.57213139676303	9827.939159951
2283	-104.57213139676303	9829.673115313
2284	-104.57213139676303	9832.044093355
2285	-104.57213139676303	9834.080995952
2286	-104.57213139676303	9836.540037542
2287	-104.57213139676303	9838.90113264
2288	-104.57213139676303	9841.209398676
2289	-104.57213139676303	9843.90288229
2290	-104.57213139676303	9846.291790471
2291	-104.57213139676303	9848.503186833
2292	-104.57213139676303	9850.699979872
2293	-104.57213139676303	9852.851017147
2294	-104.57213139676303	9855.003217623
2295	-104.57213139676303	9857.097296182
2296	-104.57213139676303	9859.467750213
2297	-104.57213139676303	9861.699185017
2298	-104.57213139676303	9863.860875857
2299	-104.57213139676303	9866.064716535
2300	-104.57213139676303	9868.053546941
2301	-104.57213139676303	9870.285624358
2302	-104.57213139676303	9872.889321004
2303	-104.57213139676303	9875.838332253
2304	-104.57213139676303	9879.816307813
2305	-104.57213139676303	9882.983973751
2306	-104.57213139676303	9885.177337909
2307	-104.57213139676303	9887.774595317
2308	-104.57213139676303	9890.182585434
2309	-104.57213139676303	9892.885492699
2310	-104.57213139676303	9895.218984262
2311	-104.57213139676303	9897.616130938
2312	-104.57213139676303	9899.587310032
2313	-104.57213139676303	9901.945985498
2314	-104.57213139676303	9903.958398978
2315	-104.57213139676303	9906.641426885
2316	-104.57213139676303	9908.679305945
2317	-104.57213139676303	9910.560936983
2318	-104.57213139676303	9912.634116671
2319	-104.57213139676303	9914.598235012
2320	-104.57213139676303	9916.841191792
2321	-104.57213139676303	9919.594896792
2322	-104.57213139676303	9921.746759142
2323	-104.57213139676303	9923.651774255
2324	-104.57213139676303	9926.227927521
2325	-104.57213139676303	9928.161766677
2326	-104.57213139676303	9930.071257553
2327	-104.57213139676303	9931.867663486
2328	-104.57213139676303	9933.754455949
2329	-104.57213139676303	9935.827878256
2330	-104.57213139676303	9938.393595773
2331	-104.57213139676303	9940.776513461
2332	-104.57213139676303	9942.954367968
2333	-104.57213139676303	9944.996513814
2334	-104.57213139676303	9947.250805546
2335	-104.57213139676303	9949.527523137
2336	-104.57213139676303	9951.333031414
2337	-104.57213139676303	9953.697774349
2338	-104.57213139676303	9956.066427412
2339	-104.57213139676303	9958.070892342
2340	-104.57213139676303	9960.678086863
2341	-104.57213139676303	9962.36841244
2342	-104.57213139676303	9964.695628982
2343	-104.57213139676303	9966.910293144
2344	-104.57213139676303	9969.332913953
2345	-104.57213139676303	9971.230665038
2346	-104.57213139676303	9973.562371314
2347	-104.57213139676303	9976.618212443
2348	-104.57213139676303	9979.390049146
2349	-104.57213139676303	9981.636740718
2350	-104.57213139676303	9983.479684727
2351	-104.57213139676303	9985.585664728
2352	-104.57213139676303	9988.45358024
2353	-104.57213139676303	9990.426390098
2354	-104.57213139676303	9992.702169145
2355	-104.57213139676303	9994.526047182
2356	-104.57213139676303	9996.328621508
2357	-104.57213139676303	9997.944793215
2358	-104.57213139676303	10000.476278083
2359	-104.57213139676303	10002.869538294
2360	-104.57213139676303	10005.458085369
2361	-104.57213139676303	10007.924369604
2362	-104.57213139676303	10010.92899647
2363	-104.57213139676303	10013.302298637
2364	-104.57213139676303	10015.487351314
2365	-104.57213139676303	10017.851220422
2366	-104.57213139676303	10020.004076626
2367	-104.57213139676303	10022.17903111
2368	-104.57213139676303	10024.306796353
2369	-104.57213139676303	10026.562803808
2370	-104.57213139676303	10028.747545444
2371	-104.57213139676303	10031.036320426
2372	-104.57213139676303	10034.182011816
2373	-104.57213139676303	10037.298864909
2374	-104.57213139676303	10040.186012035
2375	-104.57213139676303	10042.587383587
2376	-104.57213139676303	10044.673462563
2377	-104.57213139676303	10047.653287558
2378	-104.57213139676303	10049.787703297
2379	-104.57213139676303	10052.762856951
2380	-104.57213139676303	10055.05036581
2381	-104.57213139676303	10057.427250241
2382	-104.57213139676303	10059.658619758
2383	-104.57213139676303	10062.341175257
2384	-104.57213139676303	10064.539962561
2385	-104.57213139676303	10066.993975296
2386	-104.57213139676303	10069.430887244
2387	-104.57213139676303	10072.541293687
2388	-104.57213139676303	10075.176631149
2389	-104.57213139676303	10077.216617373
2390	-104.57213139676303	10079.17005763
2391	-104.57213139676303	10082.077613542
2392	-104.57213139676303	10084.325105957
2393	-104.57213139676303	10086.580891036
2394	-104.57213139676303	10089.105374737
2395	-104.57213139676303	10091.241766779
2396	-104.57213139676303	10093.171351408
2397	-104.57213139676303	10095.63697564
2398	-104.57213139676303	10097.996658644
2399	-104.57213139676303	10100.30869796
2400	-104.57213139676303	10102.765873009
2401	-104.57213139676303	10105.340790659
2402	-104.57213139676303	10108.579497474
2403	-104.57213139676303	10111.561019091
2404	-104.57213139676303	10113.707973753
2405	-104.57213139676303	10116.632302018
2406	-104.57213139676303	10119.395353406
2407	-104.57213139676303	10122.028683774
2408	-104.57213139676303	10124.49329391
2409	-104.57213139676303	10128.508187178
2410	-104.57213139676303	10131.57317028
2411	-104.57213139676303	10134.147964196
2412	-104.57213139676303	10136.187829539
2413	-104.57213139676303	10138.989468457
2414	-104.57213139676303	10141.369839359
2415	-104.57213139676303	10143.734056572
2416	-104.57213139676303	10145.720280606
2417	-104.57213139676303	10148.085366514
2418	-104.57213139676303	10150.913022679
2419	-104.57213139676303	10153.287403088
2420	-104.57213139676303	10155.602402869
2421	-104.57213139676303	10158.291739438
2422	-104.57213139676303	10160.54053732
2423	-104.57213139676303	10162.470260221
2424	-104.57213139676303	10164.134927206
2425	-104.57213139676303	10166.044707743
2426	-104.57213139676303	10168.910563988
2427	-104.57213139676303	10171.39422527
2428	-104.57213139676303	10174.422334285
2429	-104.57213139676303	10176.742706749
2430	-104.57213139676303	10178.580518127
2431	-104.57213139676303	10181.210079491
2432	-104.57213139676303	10183.308098113
2433	-104.57213139676303	10185.220724789
2434	-104.57213139676303	10187.913030947
2435	-104.57213139676303	10190.052939111
2436	-104.57213139676303	10192.252453702
2437	-104.57213139676303	10194.875297572
2438	-104.57213139676303	10197.094613404
2439	-104.57213139676303	10199.372730829
2440	-104.57213139676303	10201.988821853
2441	-104.57213139676303	10204.049093985
2442	-104.57213139676303	10206.570403683
2443	-104.57213139676303	10209.138543397
2444	-104.57213139676303	10212.211828286
2445	-104.57213139676303	10215.227483623
2446	-104.57213139676303	10217.581915396
2447	-104.57213139676303	10220.27498077
2448	-104.57213139676303	10223.162704366
2449	-104.57213139676303	10225.198247613
2450	-104.57213139676303	10227.38783507
2451	-104.57213139676303	10229.675916977
2452	-104.57213139676303	10231.708691916
2453	-104.57213139676303	10233.834155558
2454	-104.57213139676303	10235.867494707
2455	-104.57213139676303	10237.417600507
2456	-104.57213139676303	10238.940881947
2457	-104.57213139676303	10241.7896337
2458	-104.57213139676303	10244.472884554
2459	-104.57213139676303	10247.795296329
2460	-104.57213139676303	10250.194255092
2461	-104.57213139676303	10252.500829922
2462	-104.57213139676303	10254.633257098
2463	-104.57213139676303	10257.456112201
2464	-104.57213139676303	10260.046654681
2465	-104.57213139676303	10263.156945944
2466	-104.57213139676303	10265.60512385
2467	-104.57213139676303	10268.582495571
2468	-104.57213139676303	10271.175717123
2469	-104.57213139676303	10273.366308412
2470	-104.57213139676303	10276.225313167
2471	-104.57213139676303	10278.609500399
2472	-104.57213139676303	10280.763424012
2473	-104.57213139676303	10283.158922818
2474	-104.57213139676303	10285.141898438
2475	-104.57213139676303	10287.421874991
2476	-104.57213139676303	10290.367874174
2477	-104.57213139676303	10292.665471533
2478	-104.57213139676303	10295.522387086
2479	-104.57213139676303	10297.769436742
2480	-104.57213139676303	10300.212754287
2481	-104.57213139676303	10303.203264494
2482	-104.57213139676303	10305.482258882
2483	-104.57213139676303	10307.784969201
2484	-104.57213139676303	10310.391991808
2485	-104.57213139676303	10312.694682169
2486	-104.57213139676303	10314.70750163
2487	-104.57213139676303	10317.545706728
2488	-104.57213139676303	10319.558846639
2489	-104.57213139676303	10321.24217276
2490	-104.57213139676303	10323.839828166
2491	-104.57213139676303	10326.60286815
2492	-104.57213139676303	10328.666766451
2493	-104.57213139676303	10332.442943781
2494	-104.57213139676303	10334.725098773
2495	-104.57213139676303	10336.912701373
2496	-104.57213139676303	10339.031216875
2497	-104.57213139676303	10340.812042453
2498	-104.57213139676303	10342.982618677
2499	-104.57213139676303	10345.094363657
2500	-104.57213139676303	10347.211524942
2501	-104.57213139676303	10349.695502968
