1	-41.40569010067695	1.670589624
2	-41.35054425737186	2.809471148
3	-41.43828103781621	3.529300728
4	-41.438281037882646	4.101704092
5	-41.438281037882646	4.498636089
6	-41.438281037882646	4.91544003
7	-41.438281037882646	5.317488122
8	-41.438281037882646	5.691942372
9	-41.438281037882646	6.18742812
10	-41.438281037882646	6.507314491
11	-41.438281037882646	6.822126962
12	-41.438281037882646	7.16178977
13	-41.438281037882646	7.519925829
14	-41.438281037882646	7.903995031
15	-41.438281037882646	8.362589871
16	-41.438281037882646	8.672184751
17	-41.438281037882646	8.937007742
18	-41.438281037882646	9.20721368
19	-41.438281037882646	9.539900125
20	-41.438281037882646	9.979208327
21	-41.438281037882646	10.283009718
22	-41.438281037882646	10.643048241
23	-41.438281037882646	11.001693486
24	-41.438281037882646	11.288162591
25	-41.438281037882646	11.589766157
26	-41.438281037882646	11.926303143
27	-41.438281037882646	12.185265077
28	-41.438281037882646	12.447171793
29	-41.438281037882646	12.743964605
30	-41.438281037882646	13.055826875
31	-41.438281037882646	13.324613877
32	-41.438281037882646	13.637563228
33	-41.438281037882646	14.272869045
34	-41.438281037882646	14.774872433
35	-41.438281037882646	15.240370366
36	-41.438281037882646	15.586677113
37	-41.438281037882646	15.87462759
38	-41.438281037882646	16.138184743
39	-41.438281037882646	16.413281548
40	-41.438281037882646	16.773208597
41	-41.438281037882646	17.054835872
42	-41.438281037882646	17.338729111
43	-41.438281037882646	17.58220249
44	-41.438281037882646	17.816209169
45	-41.438281037882646	18.115017913
46	-41.438281037882646	18.35907717
47	-41.438281037882646	18.609679156
48	-41.438281037882646	18.861182909
49	-41.438281037882646	19.113451581
50	-41.438281037882646	19.438690964
51	-41.438281037882646	19.738611023
52	-41.438281037882646	19.980059632
53	-41.438281037882646	20.215463864
54	-41.438281037882646	20.439190742
55	-41.438281037882646	20.684074505
56	-41.438281037882646	20.94321605
57	-41.438281037882646	21.171414415
58	-41.438281037882646	21.396690233
59	-41.438281037882646	21.614070816
60	-41.438281037882646	21.846250868
61	-41.438281037882646	22.084085566
62	-41.438281037882646	22.313000954
63	-41.438281037882646	22.56572835
64	-41.438281037882646	22.884328356
65	-41.438281037882646	23.177655509
66	-41.438281037882646	23.563123974
67	-41.438281037882646	23.976391268
68	-41.438281037882646	24.366726937
69	-41.438281037882646	24.596486787
70	-41.438281037882646	24.841160147
71	-41.438281037882646	25.064344482
72	-41.438281037882646	25.278027049
73	-41.438281037882646	25.569331427
74	-41.438281037882646	25.818339426
75	-41.438281037882646	26.096959766
76	-41.438281037882646	26.313944346
77	-41.438281037882646	26.527193849
78	-41.438281037882646	26.732242774
79	-41.438281037882646	26.95963374
80	-41.438281037882646	27.259722577
81	-41.438281037882646	27.611893517
82	-41.438281037882646	27.970180679
83	-41.438281037882646	28.571757901
84	-41.438281037882646	28.848069512
85	-41.438281037882646	29.087672107
86	-41.438281037882646	29.327310055
87	-41.438281037882646	29.573276622
88	-41.438281037882646	29.816002188
89	-41.438281037882646	30.058221418
90	-41.438281037882646	30.296870644
91	-41.438281037882646	30.559333018
92	-41.438281037882646	30.811473966
93	-41.438281037882646	31.045411937
94	-41.438281037882646	31.298635404
95	-41.438281037882646	31.585747692
96	-41.438281037882646	31.806795497
97	-41.438281037882646	32.024680704
98	-41.438281037882646	32.252431749
99	-41.438281037882646	32.473986175
100	-41.438281037882646	32.692725823
101	-41.438281037882646	32.954730614
102	-41.438281037882646	33.177349598
103	-41.438281037882646	33.411210877
104	-41.438281037882646	33.674112588
105	-41.438281037882646	33.921162815
106	-41.438281037882646	34.162617126
107	-41.438281037882646	34.385447084
108	-41.438281037882646	34.657995962
109	-41.438281037882646	34.899901014
110	-41.438281037882646	35.125607332
111	-41.438281037882646	35.339115704
112	-41.438281037882646	35.569120169
113	-41.438281037882646	35.797737914
114	-41.438281037882646	36.000218956
115	-41.438281037882646	36.211260085
116	-41.438281037882646	36.466982157
117	-41.438281037882646	36.673725994
118	-41.438281037882646	36.858792927
119	-41.438281037882646	37.04436819
120	-41.438281037882646	37.255926203
121	-41.438281037882646	37.524560678
122	-41.438281037882646	37.745773271
123	-41.438281037882646	38.040991767
124	-41.438281037882646	38.265911498
125	-41.438281037882646	38.492833761
126	-41.438281037882646	38.723056611
127	-41.438281037882646	38.962545452
128	-41.438281037882646	39.201122833
129	-41.438281037882646	39.428697972
130	-41.438281037882646	39.667474922
131	-41.438281037882646	39.934580697
132	-41.438281037882646	40.22507625
133	-41.438281037882646	40.526193723
134	-41.438281037882646	40.89071314
135	-41.438281037882646	41.180586038
136	-41.438281037882646	41.408787254
137	-41.438281037882646	41.733709892
138	-41.438281037882646	41.983489368
139	-41.438281037882646	42.221889988
140	-41.43828103790089	42.731864163
141	-41.43828103790089	43.20459733
142	-41.43828103790089	43.617499982
143	-41.43828103790089	44.049526765
144	-41.43828103790089	44.44657052
145	-41.43828103790089	44.851691975
146	-41.43828103790089	45.221118226
147	-41.43828103790089	45.691506456
148	-41.43828103790089	46.056715812
149	-41.43828103790089	46.431010977
150	-41.43828103790089	46.825052644
151	-41.43828103790089	47.215925724
152	-41.43828103790089	47.633775693
153	-41.43828103790089	48.07523525
154	-41.43828103790089	48.459962744
155	-41.43828103790089	48.813053983
156	-41.43828103790089	49.138221806
157	-41.43828103790089	49.551915036
158	-41.43828103790089	49.868487706
159	-41.43828103790089	50.182275817
160	-41.43828103790089	50.447669291
161	-41.43828103790089	50.813035451
162	-41.43828103790089	51.097844997
163	-41.43828103790089	51.417427738
164	-41.43828103790089	51.776377469
165	-41.43828103790089	52.044421219
166	-41.43828103790089	52.350742027
167	-41.43828103790089	52.655946388
168	-41.43828103790089	52.943051263
169	-41.43828103790089	53.333243243
170	-41.43828103790089	53.662121625
171	-41.43828103790089	54.006972088
172	-41.43828103790089	54.273203751
173	-41.43828103790089	54.67014316
174	-41.43828103790089	55.03173604
175	-41.43828103790089	55.430297946
176	-41.43828103790089	55.678990056
177	-41.43828103790089	56.049645366
178	-41.43828103790089	56.371641182
179	-41.43828103790089	56.692369164
180	-41.43828103790089	56.983383597
181	-41.43828103790089	57.333161704
182	-41.43828103790089	57.664455727
183	-41.43828103790089	58.026698632
184	-41.43828103790089	58.375202919
185	-41.43828103790089	58.781013458
186	-41.43828103790089	59.207303771
187	-41.43828103790089	59.484545944
188	-41.43828103790089	59.927150742
189	-41.43828103790089	60.316694122
190	-41.43828103790089	60.677355585
191	-41.43828103790089	60.969735355
192	-41.43828103790089	61.444027726
193	-41.43828103790089	61.81830664
194	-41.43828103790089	62.194940754
195	-41.43828103790089	62.504757441
196	-41.43828103790089	62.932181877
197	-41.43828103790089	63.432818503
198	-41.43828103790089	63.786803241
199	-41.43828103790089	64.183177299
200	-41.43828103790089	64.517473411
201	-41.43828103790089	64.856791535
202	-41.43828103790089	65.189872271
203	-41.43828103790089	65.619186055
204	-41.43828103790089	65.910517802
205	-41.43828103790089	66.231088695
206	-41.43828103790089	66.540317794
207	-41.43828103790089	66.857257671
208	-41.43828103790089	67.162979772
209	-41.43828103790089	67.463610581
210	-41.43828103790089	67.763229005
211	-41.43828103790089	68.046040579
212	-41.43828103790089	68.340977969
213	-41.43828103790089	68.668379825
214	-41.43828103790089	68.971997042
215	-41.43828103790089	69.320305752
216	-41.43828103790089	69.618966244
217	-41.43828103790089	69.95771303
218	-41.43828103790089	70.272569976
219	-41.43828103790089	70.540751999
220	-41.43828103790089	70.77528269
221	-41.43828103790089	70.989437951
222	-41.43828103790089	71.182215662
223	-41.43828103790089	71.415599115
224	-41.43828103790089	71.643789212
225	-41.43828103790089	71.846746084
226	-41.43828103790089	72.049849497
227	-41.43828103790089	72.246611746
228	-41.43828103790089	72.447931011
229	-41.43828103790089	72.657631891
230	-41.43828103790089	72.868457486
231	-41.43828103790089	73.082818873
232	-41.43828103790089	73.288669782
233	-41.43828103790089	73.517464858
234	-41.43828103790089	73.707365923
235	-41.43828103790089	73.893730624
236	-41.43828103790089	74.089322543
237	-41.43828103790089	74.294103191
238	-41.43828103790089	74.478444548
239	-41.43828103790089	74.662303518
240	-41.43828103790089	74.865492745
241	-41.43828103790089	75.066303679
242	-41.43828103790089	75.289802193
243	-41.43828103790089	75.531115665
244	-41.43828103790089	75.75445652
245	-41.43828103790089	75.943789383
246	-41.43828103790089	76.171473145
247	-41.43828103790089	76.371709321
248	-41.43828103790089	76.566264906
249	-41.43828103790089	76.873483204
250	-41.43828103790089	77.135634821
251	-41.43828103790089	77.384611174
252	-41.43828103790089	77.609077598
253	-41.43828103790089	77.954237678
254	-41.43828103790089	78.16735347
255	-41.43828103790089	78.368609443
256	-41.43828103790089	78.563440434
257	-41.43828103790089	78.776016249
258	-41.43828103790089	78.976915849
259	-41.43828103790089	79.161125205
260	-41.43828103790089	79.347593397
261	-41.43828103790089	79.544367905
262	-41.43828103790089	79.762199514
263	-41.43828103790089	79.941947646
264	-41.43828103790089	80.126622568
265	-41.43828103790089	80.378323609
266	-41.43828103790089	80.636607007
267	-41.43828103790089	80.870463155
268	-41.43828103790089	81.226429613
269	-41.43828103790089	81.525257744
270	-41.43828103790089	82.037174582
271	-41.43828103790089	82.419155151
272	-41.43828103790089	82.861576915
273	-41.43828103790089	83.177165139
274	-41.43828103790089	83.499739705
275	-41.43828103790089	83.765520057
276	-41.43828103790089	84.138332994
277	-41.43828103790089	84.452338636
278	-41.43828103790089	84.642162439
279	-41.43828103790089	84.839011358
280	-41.43828103790089	85.060215968
281	-41.43828103790089	85.250899059
282	-41.43828103790089	85.441585856
283	-41.43828103790089	85.797920377
284	-41.43828103790089	85.994062821
285	-41.43828103790089	86.197108074
286	-41.43828103790089	86.392918663
287	-41.43828103790089	86.588949919
288	-41.43828103790089	86.79333371
289	-41.43828103790089	87.023781503
290	-41.43828103790089	87.231310217
291	-41.43828103790089	87.427914806
292	-41.43828103790089	87.640722691
293	-41.43828103790089	87.852715764
294	-41.43828103790089	88.060909328
295	-41.43828103790089	88.276332993
296	-41.43828103790089	88.487030864
297	-41.43828103790089	88.671045497
298	-41.43828103790089	88.852396169
299	-41.43828103790089	89.059149985
300	-41.43828103790089	89.414589296
301	-41.43828103790089	89.735452415
302	-41.43828103790089	90.064523238
303	-41.43828103790089	90.367853647
304	-41.43828103790089	90.723605141
305	-41.43828103790089	91.092399898
306	-41.43828103790089	91.46032653
307	-41.43828103790089	91.890341087
308	-41.43828103790089	92.22305148
309	-41.43828103790089	92.554892892
310	-41.43828103790089	92.880965903
311	-41.43828103790089	93.281920927
312	-41.43828103790089	93.584893536
313	-41.43828103790089	93.922733424
314	-41.43828103790089	94.2727111
315	-41.43828103790089	94.636403732
316	-41.43828103790089	94.967811794
317	-41.43828103790089	95.315958568
318	-41.43828103790089	95.675611637
319	-41.43828103790089	96.038466078
320	-41.43828103790089	96.388090803
321	-41.43828103790089	96.704537744
322	-41.43828103790089	97.0542671
323	-41.43828103790089	97.482475272
324	-41.43828103790089	97.863028352
325	-41.43828103790089	98.21088404
326	-41.43828103790089	98.548323079
327	-41.43828103790089	98.903362397
328	-41.43828103790089	99.136077864
329	-41.43828103790089	99.354496205
330	-41.43828103790089	99.586744681
331	-41.43828103790089	99.823390234
332	-41.43828103790089	100.053496764
333	-41.43828103790089	100.299776369
334	-41.43828103790089	100.540580655
335	-41.43828103790089	100.784891369
336	-41.43828103790089	101.080028613
337	-41.43828103790089	101.396820238
338	-41.43828103790089	101.617965833
339	-41.43828103790089	101.82291697
340	-41.43828103790089	102.012237574
341	-41.43828103790089	102.262467506
342	-41.43828103790089	102.513368275
343	-41.43828103790089	102.7026464
344	-41.43828103790089	102.898923696
345	-41.43828103790089	103.214575212
346	-41.43828103790089	103.450469529
347	-41.43828103790089	103.643142894
348	-41.43828103790089	103.849852519
349	-41.43828103790089	104.057742453
350	-41.43828103790089	104.292243778
351	-41.43828103790089	104.516660309
352	-41.43828103790089	104.799117221
353	-41.43828103790089	104.996873039
354	-41.43828103790089	105.208069546
355	-41.43828103790089	105.398417076
356	-41.43828103790089	105.595665703
357	-41.43828103790089	105.813905002
358	-41.43828103790089	106.065976957
359	-41.43828103790089	106.298712096
360	-41.43828103790089	106.534207845
361	-41.43828103790089	106.763515529
362	-41.43828103790089	106.975489215
363	-41.43828103790089	107.157686345
364	-41.43828103790089	107.359043529
365	-41.43828103790089	107.652962546
366	-41.43828103790089	107.999071434
367	-41.43828103790089	108.322514126
368	-41.43828103790089	108.668733347
369	-41.43828103790089	108.908081634
370	-41.43828103790089	109.177807752
371	-41.43828103790089	109.382694171
372	-41.43828103790089	109.592249081
373	-41.43828103790089	109.788685462
374	-41.43828103790089	109.993542231
375	-41.43828103790089	110.195353007
376	-41.43828103790089	110.415908447
377	-41.43828103790089	110.605055712
378	-41.43828103790089	110.921599016
379	-41.43828103790089	111.255493994
380	-41.43828103790089	111.560605983
381	-41.43828103790089	111.844904062
382	-41.43828103790089	112.141704001
383	-41.43828103790089	112.402206322
384	-41.43828103790089	112.758396298
385	-41.43828103790089	113.076722609
386	-41.43828103790089	113.333033125
387	-41.43828103790089	113.576741426
388	-41.43828103790089	113.780330932
389	-41.43828103790089	113.997442095
390	-41.43828103790089	114.292666294
391	-41.43828103790089	114.618397758
392	-41.43828103790089	114.917273785
393	-41.43828103790089	115.227985967
394	-41.43828103790089	115.526272695
395	-41.43828103790089	115.85859963
396	-41.43828103790089	116.174116294
397	-41.43828103790089	116.438970361
398	-41.43828103790089	116.780365428
399	-41.43828103790089	117.123479356
400	-41.43828103790089	117.436074329
401	-41.43828103790089	117.826058757
402	-41.43828103790089	118.172685955
403	-41.43828103790089	118.538062949
404	-41.43828103790089	118.884479459
405	-41.43828103790089	119.283916617
406	-41.43828103790089	119.75457341
407	-41.43828103790089	120.136569374
408	-41.43828103790089	120.561054443
409	-41.43828103790089	120.952850673
410	-41.43828103790089	121.386734304
411	-41.43828103790089	121.672728434
412	-41.43828103790089	122.103935274
413	-41.43828103790089	122.496077043
414	-41.43828103790089	122.964917188
415	-41.43828103790089	123.360797456
416	-41.43828103790089	123.824006047
417	-41.43828103790089	124.268686078
418	-41.43828103790089	124.625494718
419	-41.43828103790089	125.033731731
420	-41.43828103790089	125.404431231
421	-41.43828103790089	125.838296331
422	-41.43828103790089	126.180989452
423	-41.43828103790089	126.623843997
424	-41.43828103790089	127.092129624
425	-41.43828103790089	127.440491932
426	-41.43828103790089	127.826781482
427	-41.43828103790089	128.221563835
428	-41.43828103790089	128.586954799
429	-41.43828103790089	128.957303059
430	-41.43828103790089	129.315636691
431	-41.43828103790089	129.735351205
432	-41.43828103790089	130.040626841
433	-41.43828103790089	130.403039665
434	-41.43828103790089	130.730855484
435	-41.43828103790089	131.086969339
436	-41.43828103790089	131.458701752
437	-41.43828103790089	131.767067573
438	-41.43828103790089	132.226127979
439	-41.43828103790089	132.644427263
440	-41.43828103790089	133.11279728
441	-41.43828103790089	133.544624209
442	-41.43828103790089	133.902487429
443	-41.43828103790089	134.278148787
444	-41.43828103790089	134.637853173
445	-41.43828103790089	134.975219797
446	-41.43828103790089	135.299504955
447	-41.43828103790089	135.637008141
448	-41.43828103790089	136.017654163
449	-41.43828103790089	136.41883698
450	-41.43828103790089	136.782052357
451	-41.43828103790089	137.216148671
452	-41.43828103790089	137.682088793
453	-41.43828103790089	137.973853605
454	-41.43828103790089	138.279411203
455	-41.43828103790089	138.618796896
456	-41.43828103790089	138.934287901
457	-41.43828103790089	139.315934049
458	-41.43828103790089	139.75098744
459	-41.43828103790089	140.090864072
460	-41.43828103790089	140.444454233
461	-41.43828103790089	140.784654452
462	-41.43828103790089	141.133596366
463	-41.43828103790089	141.439967921
464	-41.43828103790089	141.792411131
465	-41.43828103790089	142.127010587
466	-41.43828103790089	142.440957213
467	-41.43828103790089	142.895722323
468	-41.43828103790089	143.32394361
469	-41.43828103790089	143.748374225
470	-41.43828103790089	144.111906347
471	-41.43828103790089	144.547932494
472	-41.43828103790089	144.82349515
473	-41.43828103790089	145.127204454
474	-41.43828103790089	145.419899543
475	-41.43828103790089	145.736882755
476	-41.43828103790089	146.024713491
477	-41.43828103790089	146.292507209
478	-41.43828103790089	146.623552911
479	-41.43828103790089	146.879650743
480	-41.43828103790089	147.14787325
481	-41.43828103790089	147.442642146
482	-41.43828103790089	147.748699238
483	-41.43828103790089	148.040454641
484	-41.43828103790089	148.29766835
485	-41.43828103790089	148.50095337
486	-41.43828103790089	148.717255139
487	-41.43828103790089	148.901252097
488	-41.43828103790089	149.107238427
489	-41.43828103790089	149.31199085
490	-41.43828103790089	149.504180117
491	-41.43828103790089	149.860749274
492	-41.43828103790089	150.171956672
493	-41.43828103790089	150.402579801
494	-41.43828103790089	150.586874686
495	-41.43828103790089	150.769028481
496	-41.43828103790089	150.958534685
497	-41.43828103790089	151.14647085
498	-41.43828103790089	151.332028722
499	-41.43828103790089	151.516207858
500	-41.43828103790089	151.719748327
501	-41.43828103790089	151.912684837
502	-41.43828103790089	152.097984695
503	-41.43828103790089	152.347727109
504	-41.43828103790089	152.600305398
505	-41.43828103790089	152.864734383
506	-41.43828103790089	153.128131025
507	-41.43828103790089	153.393515945
508	-41.43828103790089	153.741704343
509	-41.43828103790089	154.044450584
510	-41.43828103790089	154.397204551
511	-41.43828103790089	154.580677783
512	-41.43828103790089	154.839450125
513	-41.43828103790089	155.172006565
514	-41.43828103790089	155.371067849
515	-41.43828103790089	155.564993936
516	-41.43828103790089	155.764910516
517	-41.43828103790089	155.99746918
518	-41.43828103790089	156.183710434
519	-41.43828103790089	156.373399956
520	-41.43828103790089	156.576878558
521	-41.43828103790089	156.811062569
522	-41.43828103790089	157.005634405
523	-41.43828103790089	157.193068796
524	-41.43828103790089	157.378908631
525	-41.43828103790089	157.590578403
526	-41.43828103790089	157.785412815
527	-41.43828103790089	157.993233755
528	-41.43828103790089	158.189378195
529	-41.43828103790089	158.379260443
530	-41.43828103790089	158.565303268
531	-41.43828103790089	158.802369911
532	-41.43828103790089	159.0034534
533	-41.43828103790089	159.250941824
534	-41.43828103790089	159.464427959
535	-41.43828103790089	159.671122474
536	-41.43828103790089	159.86200884
537	-41.43828103790089	160.062567747
538	-41.43828103790089	160.286318573
539	-41.43828103790089	160.50089464
540	-41.43828103790089	160.698689516
541	-41.43828103790089	160.967635033
542	-41.43828103790089	161.172677116
543	-41.43828103790089	161.388058017
544	-41.43828103790089	161.604170195
545	-41.43828103790089	161.81116891
546	-41.43828103790089	162.016114346
547	-41.43828103790089	162.240790317
548	-41.43828103790089	162.460286616
549	-41.43828103790089	162.657838588
550	-41.43828103790089	162.894288848
551	-41.43828103790089	163.152906096
552	-41.43828103790089	163.373098036
553	-41.43828103790089	163.567851195
554	-41.43828103790089	163.75941467
555	-41.43828103790089	163.939932569
556	-41.43828103790089	164.148332829
557	-41.43828103790089	164.342100972
558	-41.43828103790089	164.536890338
559	-41.43828103790089	164.721662764
560	-41.43828103790089	164.909473486
561	-41.43828103790089	165.155959788
562	-41.43828103790089	165.365516123
563	-41.43828103790089	165.593944277
564	-41.43828103790089	165.789996345
565	-41.43828103790089	165.988387078
566	-41.43828103790089	166.188514631
567	-41.43828103790089	166.390745071
568	-41.43828103790089	166.59026679
569	-41.43828103790089	166.782645647
570	-41.43828103790089	166.993036181
571	-41.43828103790089	167.233583593
572	-41.43828103790089	167.427633984
573	-41.43828103790089	167.621735977
574	-41.43828103790089	167.822996513
575	-41.43828103790089	168.016060462
576	-41.43828103790089	168.21942531
577	-41.43828103790089	168.417621605
578	-41.43828103790089	168.600518652
579	-41.43828103790089	168.777021507
580	-41.43828103790089	168.969177132
581	-41.43828103790089	169.212582658
582	-41.43828103790089	169.403694537
583	-41.43828103790089	169.601614286
584	-41.43828103790089	169.801410554
585	-41.43828103790089	170.00343943
586	-41.43828103790089	170.216127004
587	-41.43828103790089	170.414574756
588	-41.43828103790089	170.614613643
589	-41.43828103790089	170.81002652
590	-41.43828103790089	171.038601785
591	-41.43828103790089	171.242171334
592	-41.43828103790089	171.463836379
593	-41.43828103790089	171.720240977
594	-41.43828103790089	171.970344325
595	-41.43828103790089	172.208937387
596	-41.43828103790089	172.419390357
597	-41.43828103790089	172.718955753
598	-41.43828103790089	172.922630218
599	-41.43828103790089	173.127969659
600	-41.43828103790089	173.363922992
601	-41.43828103790089	173.552581027
602	-41.43828103790089	173.748334597
603	-41.43828103790089	173.933210798
604	-41.43828103790089	174.112234495
605	-41.43828103790089	174.284581467
606	-41.43828103790089	174.486277063
607	-41.43828103790089	174.685352317
608	-41.43828103790089	174.875462074
609	-41.43828103790089	175.067348281
610	-41.43828103790089	175.308005171
611	-41.43828103790089	175.496006054
612	-41.43828103790089	175.687425839
613	-41.43828103790089	175.90256355
614	-41.43828103790089	176.098999646
615	-41.43828103790089	176.307370256
616	-41.43828103790089	176.510185719
617	-41.43828103790089	176.703775391
618	-41.43828103790089	176.903833095
619	-41.43828103790089	177.097893178
620	-41.43828103790089	177.332288447
621	-41.43828103790089	177.513408759
622	-41.43828103790089	177.714412991
623	-41.43828103790089	177.896418534
624	-41.43828103790089	178.126928479
625	-41.43828103790089	178.33540429
626	-41.43828103790089	178.52336925
627	-41.43828103790089	178.709429752
628	-41.43828103790089	178.896391735
629	-41.43828103790089	179.115815049
630	-41.43828103790089	179.316135614
631	-41.43828103790089	179.515325763
632	-41.43828103790089	179.713026556
633	-41.43828103790089	179.911852634
634	-41.43828103790089	180.102818828
635	-41.43828103790089	180.301059883
636	-41.43828103790089	180.491574766
637	-41.43828103790089	180.692479498
638	-41.43828103790089	180.903825112
639	-41.43828103790089	181.139050588
640	-41.43828103790089	181.343787616
641	-41.43828103790089	181.539680599
642	-41.43828103790089	181.727867936
643	-41.43828103790089	181.911771951
644	-41.43828103790089	182.104411674
645	-41.43828103790089	182.294896621
646	-41.43828103790089	182.48751325
647	-41.43828103790089	182.687043237
648	-41.43828103790089	182.875199783
649	-41.43828103790089	183.093899802
650	-41.43828103790089	183.321638303
651	-41.43828103790089	183.516114631
652	-41.43828103790089	183.705308366
653	-41.43828103790089	183.943449261
654	-41.43828103790089	184.128418975
655	-41.43828103790089	184.329573738
656	-41.43828103790089	184.513556726
657	-41.43828103790089	184.707759929
658	-41.43828103790089	184.900978402
659	-41.43828103790089	185.190287944
660	-41.43828103790089	185.395123901
661	-41.43828103790089	185.586219815
662	-41.43828103790089	185.791546712
663	-41.43828103790089	185.982013128
664	-41.43828103790089	186.191979149
665	-41.43828103790089	186.380311032
666	-41.43828103790089	186.566041389
667	-41.43828103790089	186.752675224
668	-41.43828103790089	186.944430285
669	-41.43828103790089	187.198796998
670	-41.43828103790089	187.400005645
671	-41.43828103790089	187.612144689
672	-41.43828103790089	187.80048598
673	-41.43828103790089	187.989609866
674	-41.43828103790089	188.194434419
675	-41.43828103790089	188.468439581
676	-41.43828103790089	188.679439086
677	-41.43828103790089	188.874740775
678	-41.43828103790089	189.250487376
679	-41.43828103790089	189.44840513
680	-41.43828103790089	189.663581045
681	-41.43828103790089	189.857330941
682	-41.43828103790089	190.072586398
683	-41.43828103790089	190.299314224
684	-41.43828103790089	190.558249358
685	-41.43828103790089	190.784652742
686	-41.43828103790089	190.992144678
687	-41.43828103790089	191.307565834
688	-41.43828103790089	191.834726896
689	-41.43828103790089	192.114259266
690	-41.43828103790089	192.398059277
691	-41.43828103790089	192.701063532
692	-41.43828103790089	193.012279769
693	-41.43828103790089	193.344430798
694	-41.43828103790089	193.77256684
695	-41.43828103790089	194.070036476
696	-41.43828103790089	194.382829593
697	-41.43828103790089	194.681819374
698	-41.43828103790089	194.965724587
699	-41.43828103790089	195.264185511
700	-41.43828103790089	195.600776666
701	-41.43828103790089	195.89930972
702	-41.43828103790089	196.134835975
703	-41.43828103790089	196.465394728
704	-41.43828103790089	196.756756125
705	-41.43828103790089	197.002925683
706	-41.43828103790089	197.245218469
707	-41.43828103790089	197.532596753
708	-41.43828103790089	197.830586408
709	-41.43828103790089	198.12295848
710	-41.43828103790089	198.538638848
711	-41.43828103790089	198.956474277
712	-41.43828103790089	199.181255449
713	-41.43828103790089	199.415287502
714	-41.43828103790089	199.803094347
715	-41.43828103790089	200.036876939
716	-41.43828103790089	200.223811838
717	-41.43828103790089	200.418252813
718	-41.43828103790089	200.624518255
719	-41.43828103790089	200.807690707
720	-41.43828103790089	200.985109869
721	-41.43828103790089	201.172065865
722	-41.43828103790089	201.348116553
723	-41.43828103790089	201.538966997
724	-41.43828103790089	201.719535928
725	-41.43828103790089	201.91684015
726	-41.43828103790089	202.110680137
727	-41.43828103790089	202.309281843
728	-41.43828103790089	202.505988212
729	-41.43828103790089	202.700911005
730	-41.43828103790089	202.913019828
731	-41.43828103790089	203.107252397
732	-41.43828103790089	203.314667071
733	-41.43828103790089	203.518132274
734	-41.43828103790089	203.711514678
735	-41.43828103790089	203.934120263
736	-41.43828103790089	204.16047404
737	-41.43828103790089	204.35258747
738	-41.43828103790089	204.547409623
739	-41.43828103790089	204.75240495
740	-41.43828103790089	204.960136654
741	-41.43828103790089	205.150368148
742	-41.43828103790089	205.332685305
743	-41.43828103790089	205.5124705
744	-41.43828103790089	205.724619807
745	-41.43828103790089	205.917142354
746	-41.43828103790089	206.092880004
747	-41.43828103790089	206.31027256
748	-41.43828103790089	206.503729091
749	-41.43828103790089	206.702859084
750	-41.43828103790089	206.903175657
751	-41.43828103790089	207.185309552
752	-41.43828103790089	207.383038855
753	-41.43828103790089	207.593772648
754	-41.43828103790089	207.826579917
755	-41.43828103790089	208.016016557
756	-41.43828103790089	208.206280267
757	-41.43828103790089	208.415311736
758	-41.43828103790089	208.617769115
759	-41.43828103790089	208.80486595
760	-41.43828103790089	209.002019354
761	-41.43828103790089	209.189998569
762	-41.43828103790089	209.398534821
763	-41.43828103790089	209.59703104
764	-41.43828103790089	209.777376739
765	-41.43828103790089	209.990640497
766	-41.43828103790089	210.211291446
767	-41.43828103790089	210.401820583
768	-41.43828103790089	210.584294544
769	-41.43828103790089	210.777887066
770	-41.43828103790089	210.967375878
771	-41.43828103790089	211.153237096
772	-41.43828103790089	211.327680683
773	-41.43828103790089	211.548606752
774	-41.43828103790089	211.736514407
775	-41.43828103790089	211.934518261
776	-41.43828103790089	212.133602353
777	-41.43828103790089	212.329967459
778	-41.43828103790089	212.537663811
779	-41.43828103790089	212.746878028
780	-41.43828103790089	212.956152115
781	-41.43828103790089	213.173551229
782	-41.43828103790089	213.417517829
783	-41.43828103790089	213.615274787
784	-41.43828103790089	213.829218505
785	-41.43828103790089	214.022388511
786	-41.43828103790089	214.225931546
787	-41.43828103790089	214.421648908
788	-41.43828103790089	214.62340466
789	-41.43828103790089	214.811394423
790	-41.43828103790089	214.997191209
791	-41.43828103790089	215.182715725
792	-41.43828103790089	215.401221591
793	-41.43828103790089	215.586495505
794	-41.43828103790089	215.781489572
795	-41.43828103790233	216.141144922
796	-41.43828103790233	216.472661607
797	-41.43828103790233	216.786456276
798	-41.43828103790233	217.123866234
799	-41.43828103790233	217.388282104
800	-41.43828103790233	217.679273444
801	-41.43828103790233	218.036705879
802	-41.43828103790233	218.411041243
803	-41.43828103790233	218.706372639
804	-41.43828103790233	218.991348112
805	-41.43828103790939	219.244264244
806	-41.43828103790939	219.466795132
807	-41.43828103790939	219.645613843
808	-41.43828103790939	219.839928235
809	-41.43828103790939	220.06055324
810	-41.43828103790939	220.245948036
811	-41.43828103790939	220.433089346
812	-41.43828103790939	220.629729858
813	-41.43828103790939	220.809783616
814	-41.43828103790939	220.992150095
815	-41.43828103790939	221.167917965
816	-41.43828103790939	221.361381338
817	-41.43828103790939	221.554509719
818	-41.43828103790939	221.739416426
819	-41.43828103790939	221.968433594
820	-41.43828103790939	222.171557249
821	-41.43828103790939	222.37477185
822	-41.43828103790939	222.590578403
823	-41.43828103790939	222.807990061
824	-41.43828103790939	223.034320174
825	-41.43828103790939	223.251236901
826	-41.43828103790939	223.449592281
827	-41.43828103790939	223.682137545
828	-41.43828103790939	223.88173624
829	-41.43828103790939	224.150585679
830	-41.43828103790939	224.369818832
831	-41.43828103790939	224.578165778
832	-41.43828103790939	224.796347203
833	-41.43828103790939	225.027949645
834	-41.43828103790939	225.239619417
835	-41.43828103790939	225.424278658
836	-41.43828103790939	225.6497224
837	-41.43828103790939	225.888552378
838	-41.43828103790939	226.13998229
839	-41.43828103790939	226.354228783
840	-41.43828103790939	226.556733774
841	-41.43828103790939	226.760665113
842	-41.43828103790939	226.994524966
843	-41.43828103790939	227.207215961
844	-41.43828103790939	227.408162032
845	-41.43828103790939	227.624664226
846	-41.43828103790939	227.842669174
847	-41.43828103790939	228.071532103
848	-41.43828103790939	228.328299062
849	-41.43828103790939	228.547508552
850	-41.43828103790939	228.757090261
851	-41.43828103790939	228.946867878
852	-41.43828103790939	229.153221986
853	-41.43828103790939	229.373159332
854	-41.43828103790939	229.564709408
855	-41.43828103790939	229.764942448
856	-41.43828103790939	229.952944185
857	-41.43828103790939	230.155548676
858	-41.43828103790939	230.371378891
859	-41.43828103790939	230.556328648
860	-41.43828103790939	230.747365832
861	-41.43828103790939	230.938074296
862	-41.43828103790939	231.143125503
863	-41.43828103790939	231.329555777
864	-41.43828103790939	231.515034107
865	-41.43828103790939	231.700494761
866	-41.43828103790939	231.907399678
867	-41.43828103790939	232.112433779
868	-41.43828103790939	232.314293306
869	-41.43828103790939	232.526263287
870	-41.43828103790939	232.735013933
871	-41.43828103790939	232.953017741
872	-41.43828103790939	233.154754391
873	-41.43828103790939	233.355600392
874	-41.43828103790939	233.550646918
875	-41.43828103790939	233.734769604
876	-41.43828103790939	233.932794839
877	-41.43828103790939	234.152345877
878	-41.43828103790939	234.342155426
879	-41.43828103790939	234.542446911
880	-41.43828103790939	234.749434222
881	-41.43828103790939	234.946853908
882	-41.43828103790939	235.143545738
883	-41.43828103790939	235.426889021
884	-41.43828103790939	235.641036015
885	-41.43828103790939	235.870772487
886	-41.43828103790939	236.15822005
887	-41.43828103790939	236.397766766
888	-41.43828103790939	236.598180843
889	-41.43828103790939	236.786233614
890	-41.43828103790939	236.988495985
891	-41.43828103790939	237.198390162
892	-41.43828103790939	237.398217222
893	-41.43828103790939	237.610723758
894	-41.43828103790939	237.865736789
895	-41.43828103790939	238.086687092
896	-41.43828103790939	238.323038707
897	-41.43828103790939	238.516926021
898	-41.43828103790939	238.71010401
899	-41.43828103790939	238.906190005
900	-41.43828103790939	239.106193255
901	-41.43828103790939	239.312754344
902	-41.43828103790939	239.49920486
903	-41.43828103790939	239.705535019
904	-41.43828103790939	239.892096724
905	-41.43828103790939	240.091820578
906	-41.43828103790939	240.332269631
907	-41.43828103790939	240.535663844
908	-41.43828103790939	240.735333529
909	-41.43828103790939	240.936671611
910	-41.43828103790939	241.146928718
911	-41.43828103790939	241.346889774
912	-41.43828103790939	241.592627977
913	-41.43828103790939	241.838415217
914	-41.43828103790939	242.049535033
915	-41.43828103790939	242.303655136
916	-41.43828103790939	242.507857319
917	-41.43828103790939	242.710395951
918	-41.43828103790939	242.918513393
919	-41.43828103790939	243.124503145
920	-41.43828103790939	243.320693486
921	-41.43828103790939	243.515667596
922	-41.43828103790939	243.704284577
923	-41.43828103790939	243.895898229
924	-41.43828103790939	244.098700293
925	-41.43828103790939	244.309909345
926	-41.43828103790939	244.51299052
927	-41.43828103790939	244.709893322
928	-41.43828103790939	244.894721912
929	-41.43828103790939	245.080769584
930	-41.43828103790939	245.276006555
931	-41.43828103790939	245.479683587
932	-41.43828103790939	245.678253361
933	-41.43828103790939	245.871453017
934	-41.43828103790939	246.101245938
935	-41.43828103790939	246.308398607
936	-41.43828103790939	246.511106303
937	-41.43828103790939	246.71962659
938	-41.43828103790939	246.921882119
939	-41.43828103790939	247.116538914
940	-41.43828103790939	247.325771378
941	-41.43828103790939	247.574026716
942	-41.43828103790939	247.781293425
943	-41.43828103790939	247.976460546
944	-41.43828103790939	248.230964107
945	-41.43828103790939	248.451346208
946	-41.43828103790939	248.634427998
947	-41.43828103790939	248.823887161
948	-41.43828103790939	249.001936675
949	-41.43828103790939	249.210381981
950	-41.43828103790939	249.404110781
951	-41.43828103790939	249.595462428
952	-41.43828103790939	249.790992195
953	-41.43828103790939	250.006576656
954	-41.43828103790939	250.188084417
955	-41.43828103790939	250.387711907
956	-41.43828103790939	250.574606607
957	-41.43828103790939	250.779217336
958	-41.43828103790939	250.987603912
959	-41.43828103790939	251.202701709
960	-41.43828103790939	251.408801223
961	-41.43828103790939	251.601194906
962	-41.43828103790939	251.789902548
963	-41.43828103790939	252.02581112
964	-41.43828103790939	252.199590143
965	-41.43828103790939	252.401143474
966	-41.43828103790939	252.597393116
967	-41.43828103790939	252.792019405
968	-41.43828103790939	252.985875929
969	-41.43828103790939	253.18705236
970	-41.43828103790939	253.395931871
971	-41.43828103790939	253.634487869
972	-41.43828103790939	253.835719609
973	-41.43828103790939	254.116371276
974	-41.43828103790939	254.427174975
975	-41.43828103790939	254.634451377
976	-41.43828103790939	254.826230956
977	-41.43828103790939	255.017819806
978	-41.43828103790939	255.211126659
979	-41.43828103790939	255.403191623
980	-41.43828103790939	255.604623502
981	-41.43828103790939	255.814141064
982	-41.43828103790939	256.033110786
983	-41.43828103790939	256.247848504
984	-41.43828103790939	256.433482212
985	-41.43828103790939	256.633856661
986	-41.43828103790939	256.829287784
987	-41.43828103790939	257.022716945
988	-41.43828103790939	257.229066491
989	-41.43828103790939	257.42285288
990	-41.43828103790939	257.61649729
991	-41.43828103790939	257.808467316
992	-41.43828103790939	258.033155261
993	-41.43828103790939	258.227877629
994	-41.43828103790939	258.422884241
995	-41.43828103790939	258.623010368
996	-41.43828103790939	258.808004031
997	-41.43828103790939	258.994215349
998	-41.43828103790939	259.1859687
999	-41.43828103790939	259.380107186
1000	-41.43828103790939	259.605105889
1001	-41.43828103790939	259.804820049
1002	-41.43828103790939	260.035610246
1003	-41.43828103790939	260.230652494
1004	-41.43828103790939	260.425393964
1005	-41.43828103790939	260.610120774
1006	-41.43828103790939	260.81240966
1007	-41.43828103790939	260.998153131
1008	-41.43828103790939	261.189716036
1009	-41.43828103790939	261.381705449
1010	-41.43828103790939	261.575551424
1011	-41.43828103790939	261.772054518
1012	-41.43828103790939	261.990341429
1013	-41.43828103790939	262.176208918
1014	-41.43828103790939	262.355919703
1015	-41.43828103790939	262.554306444
1016	-41.43828103790939	262.754525514
1017	-41.43828103790939	262.948458729
1018	-41.43828103790939	263.155313184
1019	-41.43828103790939	263.352636792
1020	-41.43828103790939	263.544871675
1021	-41.43828103790939	263.732998571
1022	-41.43828103790939	263.959633455
1023	-41.43828103790939	264.152150015
1024	-41.43828103790939	264.354135556
1025	-41.43828103790939	264.554904296
1026	-41.43828103790939	264.751763193
1027	-41.43828103790939	264.953731058
1028	-41.43828103790939	265.147645456
1029	-41.43828103790939	265.350864904
1030	-41.43828103790939	265.577872127
1031	-41.43828103790939	265.793693505
1032	-41.43828103790939	266.000862994
1033	-41.43828103790939	266.201483483
1034	-41.43828103790939	266.438710066
1035	-41.43828103790939	266.633287889
1036	-41.43828103790939	266.820863975
1037	-41.43828103790939	267.018898619
1038	-41.43828103790939	267.220144614
1039	-41.43828103790939	267.415562338
1040	-41.43828103790939	267.613782296
1041	-41.43828103790939	267.857464653
1042	-41.43828103790939	268.053551218
1043	-41.43828103790939	268.245764718
1044	-41.43828103790939	268.455798023
1045	-41.43828103790939	268.648297192
1046	-41.43828103790939	268.838158913
1047	-41.43828103790939	269.077193877
1048	-41.43828103790939	269.266855745
1049	-41.43828103790939	269.477602652
1050	-41.43828103790939	269.68462503
1051	-41.43828103790939	269.93278258
1052	-41.43828103790939	270.124346055
1053	-41.43828103790939	270.313629597
1054	-41.43828103790939	270.528470235
1055	-41.43828103790939	270.951451124
1056	-41.43828103790939	271.188332168
1057	-41.43828103790939	271.417027744
1058	-41.43828103790939	271.713584209
1059	-41.43828103790939	271.919661486
1060	-41.43828103790939	272.141258962
1061	-41.43828103790939	272.323016469
1062	-41.43828103790939	272.517626794
1063	-41.43828103790939	272.714678418
1064	-41.43828103790939	272.929890825
1065	-41.43828103790939	273.131591837
1066	-41.43828103790939	273.327359377
1067	-41.43828103790939	273.526772473
1068	-41.43828103790939	273.723546696
1069	-41.43828103790939	273.923969041
1070	-41.43828103790939	274.149903723
1071	-41.43828103790939	274.340194232
1072	-41.43828103790939	274.536590129
1073	-41.43828103790939	274.740492674
1074	-41.43828103790939	274.952383967
1075	-41.43828103790939	275.152090999
1076	-41.43828103790939	275.354512171
1077	-41.43828103790939	275.55980286
1078	-41.43828103790939	275.747543448
1079	-41.43828103790939	275.949842597
1080	-41.43828103790939	276.216106762
1081	-41.43828103790939	276.399591967
1082	-41.43828103790939	276.636415136
1083	-41.43828103790939	276.836556089
1084	-41.43828103790939	277.018446737
1085	-41.43828103790939	277.22504774
1086	-41.43828103790939	277.4296445
1087	-41.43828103790939	277.670209873
1088	-41.43828103790939	277.889119724
1089	-41.43828103790939	278.077748964
1090	-41.43828103790939	278.331681472
1091	-41.43828103790939	278.545413077
1092	-41.43828103790939	278.727968291
1093	-41.43828103790939	278.917244134
1094	-41.43828103790939	279.095427931
1095	-41.43828103790939	279.301288817
1096	-41.43828103790939	279.498921757
1097	-41.43828103790939	279.690856716
1098	-41.43828103790939	279.880416518
1099	-41.43828103790939	280.114286065
1100	-41.43828103790939	280.333016019
1101	-41.43828103790939	280.538419322
1102	-41.43828103790939	280.734914719
1103	-41.43828103790939	280.937373523
1104	-41.43828103790939	281.126489427
1105	-41.43828103790939	281.322949471
1106	-41.43828103790939	281.540616577
1107	-41.43828103790939	281.759784158
1108	-41.43828103790939	281.946954833
1109	-41.43828103790939	282.168577683
1110	-41.43828103790939	282.373834161
1111	-41.43828103790939	282.598439713
1112	-41.43828103790939	282.802369911
1113	-41.43828103790939	283.028211366
1114	-41.43828103790939	283.252234746
1115	-41.43828103790939	283.463115364
1116	-41.43828103790939	283.660417305
1117	-41.43828103790939	283.856046002
1118	-41.43828103790939	284.045953909
1119	-41.43828103790939	284.274989038
1120	-41.43828103790939	284.483292365
1121	-41.43828103790939	284.681189306
1122	-41.43828103790939	284.885517503
1123	-41.43828103790939	285.082921509
1124	-41.43828103790939	285.283284553
1125	-41.43828103790939	285.472860036
1126	-41.43828103790939	285.679685126
1127	-41.43828103790939	285.870211983
1128	-41.43828103790939	286.066841376
1129	-41.43828103790939	286.287543642
1130	-41.43828103790939	286.478916671
1131	-41.43828103790939	286.67681903
1132	-41.43828103790939	286.873396819
1133	-41.43828103790939	287.070954493
1134	-41.43828103790939	287.266574922
1135	-41.43828103790939	287.512072787
1136	-41.43828103790939	287.77938868
1137	-41.43828103790939	288.066519499
1138	-41.43828103790939	288.373550203
1139	-41.43828103790939	288.620824802
1140	-41.43828103790939	288.815648095
1141	-41.43828103790939	289.020848408
1142	-41.43828103790939	289.212670183
1143	-41.43828103790939	289.410205619
1144	-41.43828103790939	289.62044391
1145	-41.43828103790939	289.834262755
1146	-41.43828103790939	290.047251393
1147	-41.43828103790939	290.27035305
1148	-41.43828103790939	290.499370218
1149	-41.43828103790939	290.721986066
1150	-41.43828103790939	290.909156741
1151	-41.43828103790939	291.121487371
1152	-41.43828103790939	291.330433025
1153	-41.43828103790939	291.537887899
1154	-41.43828103790939	291.750327436
1155	-41.43828103790939	291.962873886
1156	-41.43828103790939	292.155773903
1157	-41.43828103790939	292.366633425
1158	-41.43828103790939	292.617411316
1159	-41.43828103790939	292.822859095
1160	-41.43828103790939	293.046300874
1161	-41.43828103790939	293.265877571
1162	-41.43828103790939	293.516225249
1163	-41.43828103790939	293.725774172
1164	-41.43828103790939	293.940936401
1165	-41.43828103790939	294.152518932
1166	-41.43828103790939	294.354505614
1167	-41.43828103790939	294.58759171
1168	-41.43828103790939	294.80956352
1169	-41.43828103790939	295.002993536
1170	-41.43828103790939	295.179916911
1171	-41.43828103790939	295.353873265
1172	-41.43828103790939	295.543358941
1173	-41.43828103790939	295.739894252
1174	-41.43828103790939	295.921642066
1175	-41.43828103790939	296.103342839
1176	-41.43828103790939	296.28051539
1177	-41.43828103790939	296.467891622
1178	-41.43828103790939	296.704227272
1179	-41.43828103790939	296.901419735
1180	-41.43828103790939	297.088016792
1181	-41.43828103790939	297.279825452
1182	-41.43828103790939	297.467791552
1183	-41.43828103790939	297.664971186
1184	-41.43828103790939	297.878861305
1185	-41.43828103790939	298.088910576
1186	-41.43828103790939	298.289519661
1187	-41.43828103790939	298.493405099
1188	-41.43828103790939	298.728856943
1189	-41.43828103790939	298.923428209
1190	-41.43828103790939	299.116923512
1191	-41.43828103790939	299.308420845
1192	-41.43828103790939	299.488988066
1193	-41.43828103790939	299.672891226
1194	-41.43828103790939	299.844672277
1195	-41.43828103790939	300.046565446
1196	-41.43828103790939	300.228108844
1197	-41.43828103793784	300.621229357
1198	-41.43828103793784	300.917503859
1199	-41.43828103793784	301.246822719
1200	-41.43828103793784	301.567465742
1201	-41.43828103793784	301.873256266
1202	-41.43828103793784	302.229535763
1203	-41.43828103793784	302.560213973
1204	-41.43828103793784	302.924157776
1205	-41.43828103793784	303.315372405
1206	-41.43828103793784	303.683840154
1207	-41.43828103793784	304.024353696
1208	-41.43828103793784	304.370902492
1209	-41.43828103793784	304.67939176
1210	-41.43828103793784	305.096595124
1211	-41.43828103793784	305.471136615
1212	-41.43828103793784	305.788093027
1213	-41.43828103793784	306.136142582
1214	-41.43828103793784	306.540732328
1215	-41.43828103793784	306.852739428
1216	-41.43828103793784	307.191517575
1217	-41.43828103793784	307.562089637
1218	-41.43828103793784	308.06457028
1219	-41.43828103793784	308.444234992
1220	-41.43828103793784	308.807629981
1221	-41.43828103793784	309.182876235
1222	-41.43828103793784	309.526563211
1223	-41.43828103793784	309.945678162
1224	-41.43828103793784	310.421925739
1225	-41.43828103793784	310.757678134
1226	-41.43828103793784	311.12122394
1227	-41.43828103793784	311.532480433
1228	-41.43828103793784	311.871976458
1229	-41.43828103793784	312.179350705
1230	-41.43828103793784	312.554440725
1231	-41.43828103793784	312.923498343
1232	-41.43828103793784	313.37997376
1233	-41.43828103793784	313.727448556
1234	-41.43828103793784	314.108952725
1235	-41.43828103793784	314.504510831
1236	-41.43828103793784	314.884947876
1237	-41.43828103793784	315.286388992
1238	-41.43828103793784	315.59441583
1239	-41.43828103793784	315.942991392
1240	-41.43828103793784	316.317591898
1241	-41.43828103793784	316.859898539
1242	-41.43828103793784	317.198185177
1243	-41.43828103793784	317.54945435
1244	-41.43828103793784	317.98849456
1245	-41.43828103793784	318.304586553
1246	-41.43828103793784	318.736605354
1247	-41.43828103793784	319.139305466
1248	-41.43828103793784	319.519302604
1249	-41.43828103793784	319.897075687
1250	-41.43828103793784	320.257949548
1251	-41.43828103793784	320.55829925
1252	-41.43828103793784	320.980714503
1253	-41.43828103793784	321.306274052
1254	-41.43828103793784	321.684400943
1255	-41.43828103793784	322.085703501
1256	-41.43828103793784	322.519445438
1257	-41.43828103793784	322.901781525
1258	-41.43828103793784	323.254229866
1259	-41.43828103793784	323.548080745
1260	-41.43828103793784	323.82389942
1261	-41.43828103793784	324.145425108
1262	-41.43828103793784	324.487979387
1263	-41.43828103793784	324.809764515
1264	-41.43828103793784	325.112764779
1265	-41.43828103793784	325.398119433
1266	-41.43828103793784	325.756171388
1267	-41.43828103793784	326.081034156
1268	-41.43828103793784	326.430631511
1269	-41.43828103793784	326.829706594
1270	-41.43828103793784	327.191554638
1271	-41.43828103793784	327.550978487
1272	-41.43828103793784	327.84986934
1273	-41.43828103793784	328.177117528
1274	-41.43828103793784	328.527828763
1275	-41.43828103793784	328.803182728
1276	-41.43828103793784	329.19689425
1277	-41.43828103793784	329.502983273
1278	-41.43828103793784	329.936264205
1279	-41.43828103793784	330.290329056
1280	-41.43828103793784	330.684917541
1281	-41.43828103793784	331.106958175
1282	-41.43828103793784	331.61895427
1283	-41.43828103793784	331.929698383
1284	-41.43828103793784	332.230997749
1285	-41.43828103793784	332.561974172
1286	-41.43828103793784	332.93359169
1287	-41.43828103793784	333.299119217
1288	-41.43828103793784	333.67687833
1289	-41.43828103793784	334.049022426
1290	-41.43828103793784	334.327565218
1291	-41.43828103793784	334.675185699
1292	-41.43828103793784	335.010583432
1293	-41.43828103793784	335.358484165
1294	-41.43828103793784	335.698525014
1295	-41.43828103793784	336.024639365
1296	-41.43828103793784	336.366731499
1297	-41.43828103793784	336.739243657
1298	-41.43828103793784	337.065499131
1299	-41.43828103793784	337.40763517
1300	-41.43828103793784	337.966190723
1301	-41.43828103793784	338.452743191
1302	-41.43828103793784	338.853543121
1303	-41.43828103793784	339.160437547
1304	-41.43828103793784	339.462837108
1305	-41.43828103793784	339.742051878
1306	-41.43828103793784	339.98414481
1307	-41.43828103793784	340.310687664
1308	-41.43828103793784	340.646396154
1309	-41.43828103793784	340.977921962
1310	-41.43828103793784	341.332994922
1311	-41.43828103793784	341.679994743
1312	-41.43828103793784	342.017110195
1313	-41.43828103793784	342.322737643
1314	-41.43828103793784	342.603854306
1315	-41.43828103793784	342.880659707
1316	-41.43828103793784	343.143983364
1317	-41.43828103793784	343.474101926
1318	-41.43828103793784	343.776841609
1319	-41.43828103793784	344.054695318
1320	-41.43828103793784	344.336682958
1321	-41.43828103793784	344.634789789
1322	-41.43828103793784	344.915879082
1323	-41.43828103793784	345.183596964
1324	-41.43828103793784	345.499484542
1325	-41.43828103793784	345.802598275
1326	-41.43828103793784	346.135626268
1327	-41.43828103793784	346.433724261
1328	-41.43828103793784	346.748942712
1329	-41.43828103793784	347.053098196
1330	-41.43828103793784	347.408685188
1331	-41.43828103793784	347.772548024
1332	-41.43828103793784	348.030649814
1333	-41.43828103793784	348.313632733
1334	-41.43828103793784	348.587290075
1335	-41.43828103793784	348.868722342
1336	-41.43828103793784	349.170699102
1337	-41.43828103793784	349.485685198
1338	-41.43828103793784	349.733374046
1339	-41.43828103793784	350.032828823
1340	-41.43828103793784	350.387713333
1341	-41.43828103793784	350.738324213
1342	-41.43828103793784	351.084898953
1343	-41.43828103793784	351.511651697
1344	-41.43828103793784	351.802843175
1345	-41.43828103793784	352.10344633
1346	-41.43828103793784	352.367660065
1347	-41.43828103793784	352.690777459
1348	-41.43828103793784	353.006306382
1349	-41.43828103793784	353.293330574
1350	-41.43828103793784	353.634865055
1351	-41.43828103793784	353.937360694
1352	-41.43828103793784	354.230973515
1353	-41.43828103793784	354.494700017
1354	-41.43828103793784	354.781249804
1355	-41.43828103793784	355.052689364
1356	-41.43828103793784	355.343108511
1357	-41.43828103793784	355.636998733
1358	-41.43828103793784	355.99197647
1359	-41.43828103793784	356.251509455
1360	-41.43828103793784	356.532605306
1361	-41.43828103793784	356.80383874
1362	-41.43828103793784	357.095941678
1363	-41.43828103793784	357.37524711
1364	-41.43828103793784	357.654368652
1365	-41.43828103793784	357.927222872
1366	-41.43828103793784	358.236214198
1367	-41.43828103793784	358.56497626
1368	-41.43828103793784	358.857596938
1369	-41.43828103793784	359.229120089
1370	-41.43828103793784	359.54477189
1371	-41.43828103793784	359.902227134
1372	-41.43828103793784	360.202398364
1373	-41.43828103793784	360.416296752
1374	-41.43828103793784	360.646950956
1375	-41.43828103793784	360.839834153
1376	-41.43828103793784	361.091055658
1377	-41.43828103793784	361.278201815
1378	-41.43828103793784	361.555768715
1379	-41.43828103793784	361.873625469
1380	-41.43828103793784	362.227096744
1381	-41.43828103793784	362.552953936
1382	-41.43828103793784	362.917301154
1383	-41.43828103793784	363.203332062
1384	-41.43828103793784	363.518851863
1385	-41.43828103793784	363.831209919
1386	-41.43828103793784	364.123828887
1387	-41.43828103793784	364.394529471
1388	-41.43828103793784	364.695079882
1389	-41.43828103793784	364.959245436
1390	-41.43828103793784	365.240069017
1391	-41.43828103793784	365.509489794
1392	-41.43828103793784	365.747658913
1393	-41.43828103793784	366.056409616
1394	-41.43828103793784	366.325773943
1395	-41.43828103793784	366.621336554
1396	-41.43828103793784	366.877953836
1397	-41.43828103793784	367.149819048
1398	-41.43828103793784	367.414626929
1399	-41.43828103793784	367.691296908
1400	-41.43828103793784	367.943165302
1401	-41.43828103793784	368.291863741
1402	-41.43828103793784	368.593378927
1403	-41.43828103793784	368.849969979
1404	-41.43828103793784	369.139416084
1405	-41.43828103793784	369.404977766
1406	-41.43828103793784	369.73165205
1407	-41.43828103793784	369.983548384
1408	-41.43828103793784	370.30288537
1409	-41.43828103793784	370.576488828
1410	-41.43828103793784	370.842252359
1411	-41.43828103793784	371.105981712
1412	-41.43828103793784	371.361492526
1413	-41.43828103793784	371.696972937
1414	-41.43828103793784	371.977214632
1415	-41.43828103793784	372.269041311
1416	-41.43828103793784	372.574121654
1417	-41.43828103793784	372.84913293
1418	-41.43828103793784	373.289102276
1419	-41.43828103793784	373.588361191
1420	-41.43828103793784	373.875395646
1421	-41.43828103793784	374.238898972
1422	-41.43828103793784	374.576952969
1423	-41.43828103793784	374.961677327
1424	-41.43828103793784	375.355214654
1425	-41.43828103793784	375.703665343
1426	-41.43828103793784	376.032085286
1427	-41.43828103793784	376.381095053
1428	-41.43828103793784	376.684554611
1429	-41.43828103793784	377.018774886
1430	-41.43828103793784	377.373314996
1431	-41.43828103793784	377.703147603
1432	-41.43828103793784	378.016868716
1433	-41.43828103793784	378.399174013
1434	-41.43828103793784	378.683579003
1435	-41.43828103793784	378.95657064
1436	-41.43828103793784	379.270827739
1437	-41.43828103793784	379.631040456
1438	-41.43828103793784	379.91614793
1439	-41.43828103793784	380.302977456
1440	-41.43828103793784	380.70878828
1441	-41.43828103793784	381.095199281
1442	-41.43828103793784	381.410194215
1443	-41.43828103793784	381.778594111
1444	-41.43828103793784	382.078052309
1445	-41.43828103793784	382.417178847
1446	-41.43828103793784	382.813761312
1447	-41.43828103793784	383.198925863
1448	-41.43828103793784	383.564839983
1449	-41.43828103793784	383.909388241
1450	-41.43828103793784	384.182749081
1451	-41.43828103793784	384.455074157
1452	-41.43828103793784	384.726508586
1453	-41.43828103793784	384.984613227
1454	-41.43828103793784	385.331577981
1455	-41.43828103793784	385.635366828
1456	-41.43828103793784	386.03328327
1457	-41.43828103793784	386.359681294
1458	-41.43828103793784	386.68747174
1459	-41.43828103793784	387.059991596
1460	-41.43828103793784	387.447719183
1461	-41.43828103793784	387.870124172
1462	-41.43828103793784	388.275391027
1463	-41.43828103793784	388.684416623
1464	-41.43828103793784	389.039138341
1465	-41.43828103793784	389.36724154
1466	-41.43828103793784	389.700910719
1467	-41.43828103793784	390.064999353
1468	-41.43828103793784	390.462847942
1469	-41.43828103793784	390.788975977
1470	-41.43828103793784	391.10408267
1471	-41.43828103793784	391.496904114
1472	-41.43828103793784	391.805596943
1473	-41.43828103793784	391.995511408
1474	-41.43828103793784	392.201910275
1475	-41.43828103793784	392.398624628
1476	-41.43828103793784	392.663434219
1477	-41.43828103793784	392.975629769
1478	-41.43828103793784	393.287783695
1479	-41.43828103793784	393.581082908
1480	-41.43828103793784	393.927249956
1481	-41.43828103793784	394.10690144
1482	-41.43828103793784	394.286838308
1483	-41.43828103793784	394.469015196
1484	-41.43828103793784	394.655253884
1485	-41.43828103793784	394.839899726
1486	-41.43828103793784	395.020810775
1487	-41.43828103793784	395.239060053
1488	-41.43828103793784	395.434630019
1489	-41.43828103793784	395.64451935
1490	-41.43828103793784	395.834057199
1491	-41.43828103793784	396.023938592
1492	-41.43828103793784	396.225749938
1493	-41.43828103793784	396.419133768
1494	-41.43828103793784	396.637854314
1495	-41.43828103793784	396.839820183
1496	-41.43828103793784	397.026996845
1497	-41.43828103793784	397.23101571
1498	-41.43828103793784	397.448936269
1499	-41.43828103793784	397.687003893
1500	-41.43828103793784	397.901538336
1501	-41.43828103793784	398.112560363
1502	-41.43828103793784	398.323372273
1503	-41.43828103793784	398.505876453
1504	-41.43828103793784	398.698660151
1505	-41.43828103793784	398.895616552
1506	-41.43828103793784	399.168758721
1507	-41.43828103793784	399.351282003
1508	-41.43828103793784	399.55652109
1509	-41.43828103793784	399.786029198
1510	-41.43828103793784	399.994238157
1511	-41.43828103793784	400.178017299
1512	-41.43828103793784	400.361741987
1513	-41.43828103793784	400.539364995
1514	-41.43828103793784	400.760435323
1515	-41.43828103793784	400.964139154
1516	-41.43828103793784	401.202002077
1517	-41.43828103793784	401.396283968
1518	-41.43828103793784	401.599141625
1519	-41.43828103793784	401.838805517
1520	-41.43828103793784	402.151611749
1521	-41.43828103793784	402.353205849
1522	-41.43828103793784	402.698207699
1523	-41.43828103793784	403.049722913
1524	-41.43828103793784	403.239605447
1525	-41.43828103793784	403.444649241
1526	-41.43828103793784	403.640057556
1527	-41.43828103793784	403.823963567
1528	-41.43828103793784	404.055831436
1529	-41.43828103793784	404.252312008
1530	-41.43828103793784	404.446378079
1531	-41.43828103793784	404.63759858
1532	-41.43828103793784	404.82958058
1533	-41.43828103793784	405.029366585
1534	-41.43828103793784	405.226823905
1535	-41.43828103793784	405.447624815
1536	-41.43828103793784	405.75834612
1537	-41.43828103793784	406.082142619
1538	-41.43828103793784	406.393028426
1539	-41.43828103793784	406.667698154
1540	-41.43828103793784	406.89223015
1541	-41.43828103793784	407.198295795
1542	-41.43828103793784	407.441966463
1543	-41.43828103793784	407.656825632
1544	-41.43828103793784	408.040174104
1545	-41.43828103793784	408.428716218
1546	-41.43828103793784	408.774797737
1547	-41.43828103793784	409.048605612
1548	-41.43828103793784	409.240819112
1549	-41.43828103793784	409.429548421
1550	-41.43828103793784	409.618445369
1551	-41.43828103793784	409.903333887
1552	-41.43828103793784	410.14944728
1553	-41.43828103793784	410.411520209
1554	-41.43828103793784	410.719590667
1555	-41.43828103793784	411.068224389
1556	-41.43828103793784	411.354526711
1557	-41.43828103793784	411.647652014
1558	-41.43828103793784	411.945909947
1559	-41.43828103793784	412.239373376
1560	-41.43828103793784	412.514035406
1561	-41.43828103793784	412.781007756
1562	-41.43828103793784	413.089238439
1563	-41.43828103793784	413.329614222
1564	-41.43828103793784	413.687704951
1565	-41.43828103793784	414.005759848
1566	-41.43828103793784	414.324592495
1567	-41.43828103793784	414.623641577
1568	-41.43828103793784	414.894678292
1569	-41.43828103793784	415.165016801
1570	-41.43828103793784	415.538454389
1571	-41.43828103793784	415.891676774
1572	-41.43828103793784	416.248343435
1573	-41.43828103793784	416.553691486
1574	-41.43828103793784	416.870744547
1575	-41.43828103793784	417.175586263
1576	-41.43828103793784	417.507142291
1577	-41.43828103793784	417.819669697
1578	-41.43828103793784	418.236247555
1579	-41.43828103793784	418.551163802
1580	-41.43828103793784	418.863673531
1581	-41.43828103793784	419.127620983
1582	-41.43828103793784	419.430562802
1583	-41.43828103793784	419.726027624
1584	-41.43828103793784	419.940711743
1585	-41.43828103793784	420.1638995
1586	-41.43828103793784	420.374569145
1587	-41.43828103793784	420.92684141
1588	-41.43828103793784	421.214059469
1589	-41.43828103793784	421.707536412
1590	-41.43828103793784	422.33785956
1591	-41.43828103793784	422.849583956
1592	-41.43828103793784	423.383372136
1593	-41.43828103793784	423.705833803
1594	-41.43828103793784	424.003632442
1595	-41.43828103793784	424.347964311
1596	-41.43828103793784	424.69998871
1597	-41.43828103793784	425.049861756
1598	-41.43828103793784	425.411417859
1599	-41.43828103793784	425.84910556
1600	-41.43828103793784	426.114418921
1601	-41.43828103793784	426.407216645
1602	-41.43828103793784	426.848115983
1603	-41.43828103793784	427.180745978
1604	-41.43828103793784	427.571226193
1605	-41.43828103793784	427.995618034
1606	-41.43828103793784	428.403410578
1607	-41.43828103793784	428.706763509
1608	-41.43828103793784	429.099404771
1609	-41.43828103793784	429.56380365
1610	-41.43828103793784	430.009294786
1611	-41.43828103793784	430.507077004
1612	-41.43828103793784	431.073267499
1613	-41.43828103793784	431.529895158
1614	-41.43828103793784	431.908048563
1615	-41.43828103793784	432.232011274
1616	-41.43828103793784	432.588222918
1617	-41.43828103793784	432.90903643
1618	-41.43828103793784	433.202137214
1619	-41.43828103793784	433.431311471
1620	-41.43828103793784	433.639501044
1621	-41.43828103793784	433.841370549
1622	-41.43828103793784	434.048043682
1623	-41.43828103793784	434.27070144
1624	-41.43828103793784	434.46645558
1625	-41.43828103793784	434.648255282
1626	-41.43828103793784	434.95729251
1627	-41.43828103793784	435.22016343
1628	-41.43828103793784	435.513893712
1629	-41.43828103793784	435.796244282
1630	-41.43828103793784	436.165055575
1631	-41.43828103793784	436.612070563
1632	-41.43828103793784	437.047313544
1633	-41.43828103793784	437.251202404
1634	-41.43828103793784	437.446846781
1635	-41.43828103793784	437.71568339
1636	-41.43828103793784	437.910538329
1637	-41.43828103793784	438.250048039
1638	-41.43828103793784	438.550622969
1639	-41.43828103793784	438.86325358
1640	-41.43828103793784	439.173340826
1641	-41.43828103793784	439.370759087
1642	-41.43828103793784	439.659469067
1643	-41.43828103793784	439.931138702
1644	-41.43828103793784	440.206663725
1645	-41.43828103793784	440.582830847
1646	-41.43828103793784	440.864117429
1647	-41.43828103793784	441.173948086
1648	-41.43828103793784	441.369868439
1649	-41.43828103793784	441.549290989
1650	-41.43828103793784	441.736857951
1651	-41.43828103793784	441.918599493
1652	-41.43828103793784	442.10142384
1653	-41.43828103793784	442.429353129
1654	-41.43828103793784	442.671937571
1655	-41.43828103793784	442.915024641
1656	-41.43828103793784	443.18845362
1657	-41.43828103793784	443.441451289
1658	-41.43828103793784	443.657390413
1659	-41.43828103793784	443.95609367
1660	-41.43828103793784	444.160607181
1661	-41.43828103793784	444.376990488
1662	-41.43828103793784	444.648604528
1663	-41.43828103793784	444.887873843
1664	-41.43828103793784	445.139064843
1665	-41.43828103793784	445.357769423
1666	-41.43828103793784	445.556094868
1667	-41.43828103793784	445.750212827
1668	-41.43828103793784	445.941039607
1669	-41.43828103793784	446.154339572
1670	-41.43828103793784	446.366160446
1671	-41.43828103793784	446.546038868
1672	-41.43828103793784	446.737061512
1673	-41.43828103793784	446.95567486
1674	-41.43828103793784	447.172260587
1675	-41.43828103793784	447.380073544
1676	-41.43828103793784	447.580933516
1677	-41.43828103793784	447.787255407
1678	-41.43828103793784	448.00304742
1679	-41.43828103793784	448.211172275
1680	-41.43828103793784	448.399646706
1681	-41.43828103793784	448.593578781
1682	-41.43828103793784	448.788907269
1683	-41.43828103793784	449.002287347
1684	-41.43828103793784	449.201253693
1685	-41.43828103793784	449.429409008
1686	-41.43828103793784	449.632000669
1687	-41.43828103793784	449.836269565
1688	-41.43828103793784	450.026613673
1689	-41.43828103793784	450.225148095
1690	-41.43828103793784	450.39993323
1691	-41.43828103793784	450.586507765
1692	-41.43828103793784	450.77710504
1693	-41.43828103793784	450.998919762
1694	-41.43828103793784	451.187597468
1695	-41.43828103793784	451.382143361
1696	-41.43828103793784	451.561321011
1697	-41.43828103793784	451.745518392
1698	-41.43828103793784	451.933411508
1699	-41.43828103793784	452.116234429
1700	-41.43828103793784	452.304936939
1701	-41.43828103793784	452.494843992
1702	-41.43828103793784	452.703663347
1703	-41.43828103793784	452.918006773
1704	-41.43828103793784	453.128075716
1705	-41.43828103793784	453.331852531
1706	-41.43828103793784	453.548397775
1707	-41.43828103793784	453.752691474
1708	-41.43828103793784	453.931974611
1709	-41.43828103793784	454.183204669
1710	-41.43828103793784	454.501337968
1711	-41.43828103793784	454.788111273
1712	-41.43828103793784	455.023272887
1713	-41.43828103793784	455.216595706
1714	-41.43828103793784	455.402036973
1715	-41.43828103793784	455.6201973
1716	-41.43828103793784	455.798498272
1717	-41.43828103793784	455.983586587
1718	-41.43828103793784	456.170745003
1719	-41.43828103793784	456.345256444
1720	-41.43828103793784	456.53477177
1721	-41.43828103793784	456.719041567
1722	-41.43828103793784	456.93232072
1723	-41.43828103793784	457.136265459
1724	-41.43828103793784	457.328772611
1725	-41.43828103793784	457.53537618
1726	-41.43828103793784	457.741268712
1727	-41.43828103793784	457.942802087
1728	-41.43828103793784	458.135037539
1729	-41.43828103793784	458.333114663
1730	-41.43828103793784	458.544638464
1731	-41.43828103793784	458.770322829
1732	-41.43828103793784	458.967656701
1733	-41.43828103793784	459.158173008
1734	-41.43828103793784	459.363416372
1735	-41.43828103793784	459.559770074
1736	-41.43828103793784	459.773874018
1737	-41.43828103793784	459.96680226
1738	-41.43828103793784	460.164266707
1739	-41.43828103793784	460.378878411
1740	-41.43828103793784	460.564571135
1741	-41.43828103793784	460.778970726
1742	-41.43828103793784	460.97253987
1743	-41.43828103793784	461.164239337
1744	-41.43828103793784	461.394175093
1745	-41.43828103793784	461.612401278
1746	-41.43828103793784	461.824711096
1747	-41.43828103793784	462.051761083
1748	-41.43828103793784	462.319337842
1749	-41.43828103793784	462.522545886
1750	-41.43828103793784	462.723085121
1751	-41.43828103793784	462.974714888
1752	-41.43828103793784	463.192677071
1753	-41.43828103793784	463.40591574
1754	-41.43828103793784	463.594888524
1755	-41.43828103793784	463.788653816
1756	-41.43828103793784	463.981090548
1757	-41.43828103793784	464.176273066
1758	-41.43828103793784	464.380035056
1759	-41.43828103793784	464.581614332
1760	-41.43828103793784	464.793873402
1761	-41.43828103793784	464.9764289
1762	-41.43828103793784	465.165704459
1763	-41.43828103793784	465.352548697
1764	-41.43828103793784	465.536414794
1765	-41.43828103793784	465.733061863
1766	-41.43828103793784	465.919985073
1767	-41.43828103793784	466.102353547
1768	-41.43828103793784	466.293946957
1769	-41.43828103793784	466.510483933
1770	-41.43828103793784	466.724763497
1771	-41.43828103793784	466.910754719
1772	-41.43828103793784	467.114707726
1773	-41.43828103793784	467.310374626
1774	-41.43828103793784	467.541065608
1775	-41.43828103793784	467.745106425
1776	-41.43828103793784	467.944080469
1777	-41.43828103793784	468.153968659
1778	-41.43828103793784	468.353517177
1779	-41.43828103793784	468.585314912
1780	-41.43828103793784	468.889518292
1781	-41.43828103793784	469.18439467
1782	-41.43828103793784	469.422963498
1783	-41.43828103793784	469.705122767
1784	-41.43828103793784	470.023261483
1785	-41.43828103793784	470.207663281
1786	-41.43828103793784	470.381393551
1787	-41.43828103793784	470.562146941
1788	-41.43828103793784	470.772566555
1789	-41.43828103793784	470.968614917
1790	-41.43828103793784	471.159719098
1791	-41.43828103793784	471.338285212
1792	-41.43828103793784	471.533834651
1793	-41.43828103793784	471.72712782
1794	-41.43828103793784	471.923659994
1795	-41.43828103793784	472.134827137
1796	-41.43828103793784	472.334790473
1797	-41.43828103793784	472.529298162
1798	-41.43828103793784	472.740007436
1799	-41.43828103793784	472.927400203
1800	-41.43828103793784	473.123047146
1801	-41.43828103793784	473.31612364
1802	-41.43828103793784	473.527175032
1803	-41.43828103793784	473.736355607
1804	-41.43828103793784	473.93088924
1805	-41.43828103793784	474.120894936
1806	-41.43828103793784	474.316902529
1807	-41.43828103793784	474.494530098
1808	-41.43828103793784	474.722383208
1809	-41.43828103793784	474.922894789
1810	-41.43828103793784	475.109290852
1811	-41.43828103793784	475.293881955
1812	-41.43828103793784	475.48255624
1813	-41.43828103793784	475.67693706
1814	-41.43828103793784	475.854782159
1815	-41.43828103793784	476.051506205
1816	-41.43828103793784	476.24504912
1817	-41.43828103793784	476.441230338
1818	-41.43828103793784	476.686578811
1819	-41.43828103793784	476.894991331
1820	-41.43828103793784	477.09344507
1821	-41.43828103793784	477.305134513
1822	-41.43828103793784	477.488413307
1823	-41.43828103793784	477.68741301
1824	-41.43828103793784	477.894869593
1825	-41.43828103793784	478.095353805
1826	-41.43828103793784	478.301777191
1827	-41.43828103793784	478.543530856
1828	-41.43828103793784	478.726833883
1829	-41.43828103793784	478.916382566
1830	-41.43828103793784	479.099057806
1831	-41.43828103793784	479.272614167
1832	-41.43828103793784	479.501465122
1833	-41.43828103793784	479.720881309
1834	-41.43828103793784	479.939933424
1835	-41.43828103793784	480.170508656
1836	-41.43828103793784	480.440445461
1837	-41.43828103793784	480.67439113
1838	-41.43828103793784	480.859599471
1839	-41.43828103793784	481.081887456
1840	-41.43828103793784	481.267226088
1841	-41.43828103793784	481.469700002
1842	-41.43828103793784	481.672398005
1843	-41.43828103793784	481.86702572
1844	-41.43828103793784	482.069919871
1845	-41.43828103793784	482.286672951
1846	-41.43828103793784	482.480671453
1847	-41.43828103793784	482.756721628
1848	-41.43828103793784	482.974869696
1849	-41.43828103793784	483.191174031
1850	-41.43828103793784	483.414535127
1851	-41.43828103793784	483.60484987
1852	-41.43828103793784	483.795438308
1853	-41.43828103793784	484.012005789
1854	-41.43828103793784	484.211800632
1855	-41.43828103793784	484.404015843
1856	-41.43828103793784	484.628667866
1857	-41.43828103793784	484.813101594
1858	-41.43828103793784	485.004447254
1859	-41.43828103793784	485.186378387
1860	-41.43828103793784	485.364004245
1861	-41.43828103793784	485.555412912
1862	-41.43828103793784	485.764239679
1863	-41.43828103793784	485.958639316
1864	-41.43828103793784	486.157855409
1865	-41.43828103793784	486.378030243
1866	-41.43828103793784	486.623127829
1867	-41.43828103793784	486.847300886
1868	-41.43828103793784	487.07783763
1869	-41.43828103793784	487.292959376
1870	-41.43828103793784	487.529303864
1871	-41.43828103793784	487.780897137
1872	-41.43828103793784	488.001844589
1873	-41.43828103793784	488.228730359
1874	-41.43828103793784	488.431879673
1875	-41.43828103793784	488.666972578
1876	-41.43828103793784	488.959192692
1877	-41.43828103793784	489.35176439
1878	-41.43828103793784	489.592490844
1879	-41.43828103793784	489.924858549
1880	-41.43828103793784	490.257164387
1881	-41.43828103793784	490.521037999
1882	-41.43828103793784	490.853990155
1883	-41.43828103793784	491.16686253
1884	-41.43828103793784	491.478203069
1885	-41.43828103793784	491.76610622
1886	-41.43828103793784	492.097543077
1887	-41.43828103793784	492.37659306
1888	-41.43828103793784	492.685148186
1889	-41.43828103793784	492.998605583
1890	-41.43828103793784	493.31301692
1891	-41.43828103793784	493.624075212
1892	-41.43828103793784	493.922272419
1893	-41.43828103793784	494.27438577
1894	-41.43828103793784	494.567770227
1895	-41.43828103793784	494.85537659
1896	-41.43828103793784	495.16777228
1897	-41.43828103793784	495.469515544
1898	-41.43828103793784	495.80596529
1899	-41.43828103793784	496.063050989
1900	-41.43828103793784	496.382360891
1901	-41.43828103793784	496.724799989
1902	-41.43828103793784	496.9888267
1903	-41.43828103793784	497.274079574
1904	-41.43828103793784	497.583291282
1905	-41.43828103793784	497.865181132
1906	-41.43828103793784	498.14933324
1907	-41.43828103793784	498.441264265
1908	-41.43828103793784	498.771308985
1909	-41.43828103793784	499.089825457
1910	-41.43828103793784	499.488604038
1911	-41.43828103793784	499.808255488
1912	-41.43828103793784	500.095234634
1913	-41.43828103793784	500.382462101
1914	-41.43828103793784	500.714822393
1915	-41.43828103793784	501.07384796
1916	-41.43828103793784	501.41509164
1917	-41.43828103793784	501.855720989
1918	-41.43828103793784	502.287651124
1919	-41.43828103793784	502.685434425
1920	-41.43828103793784	502.987057378
1921	-41.43828103793784	503.296474927
1922	-41.43828103793784	503.594724877
1923	-41.43828103793784	503.903380358
1924	-41.43828103793784	504.184932937
1925	-41.43828103793784	504.451818901
1926	-41.43828103793784	504.788076776
1927	-41.43828103793784	505.055810054
1928	-41.43828103793784	505.331490741
1929	-41.43828103793784	505.607939484
1930	-41.43828103793784	505.923396848
1931	-41.43828103793784	506.225792988
1932	-41.43828103793784	506.494298313
1933	-41.43828103793784	506.787139942
1934	-41.43828103793784	507.080544356
1935	-41.43828103793784	507.352469724
1936	-41.43828103793784	507.648938379
1937	-41.43828103793784	507.957889792
1938	-41.43828103793784	508.22366102
1939	-41.43828103793784	508.514520644
1940	-41.43828103793784	508.840954876
1941	-41.43828103793784	509.103223098
1942	-41.43828103793784	509.412285984
1943	-41.43828103793784	509.732167223
1944	-41.43828103793784	510.005034272
1945	-41.43828103793784	510.297638985
1946	-41.43828103793784	510.604309323
1947	-41.43828103793784	510.896608695
1948	-41.43828103793784	511.252213364
1949	-41.43828103793784	511.537301451
1950	-41.43828103793784	511.751729266
1951	-41.43828103793784	512.038567859
1952	-41.43828103793784	512.299660334
1953	-41.43828103793784	512.585611129
1954	-41.43828103793784	512.85777541
1955	-41.43828103793784	513.140142801
1956	-41.43828103793784	513.451079355
1957	-41.43828103793784	513.694992357
1958	-41.43828103793784	513.888424369
1959	-41.43828103793784	514.10178449
1960	-41.43828103793784	514.298778239
1961	-41.43828103793784	514.493900885
1962	-41.43828103793784	514.682354219
1963	-41.43828103793784	514.893914228
1964	-41.43828103793784	515.100684009
1965	-41.43828103793784	515.297861076
1966	-41.43828103793784	515.537050564
1967	-41.43828103793784	515.859651074
1968	-41.43828103793784	516.078422367
1969	-41.43828103793784	516.289112825
1970	-41.43828103793784	516.492521578
1971	-41.43828103793784	516.740838783
1972	-41.43828103793784	517.006491411
1973	-41.43828103793784	517.200501318
1974	-41.43828103793784	517.386989182
1975	-41.43828103793784	517.641175143
1976	-41.43828103793784	517.847163469
1977	-41.43828103793784	518.061361209
1978	-41.43828103793784	518.339794239
1979	-41.43828103793784	518.634075332
1980	-41.43828103793784	518.849496146
1981	-41.43828103793784	519.058949845
1982	-41.43828103793784	519.276135135
1983	-41.43828103793784	519.477395955
1984	-41.43828103793784	519.706991303
1985	-41.43828103793784	519.919744164
1986	-41.43828103793784	520.11679978
1987	-41.43828103793784	520.384850087
1988	-41.43828103793784	520.622210667
1989	-41.43828103793784	520.880896054
1990	-41.43828103793784	521.192452413
1991	-41.43828103793784	521.478695435
1992	-41.43828103793784	521.748929027
1993	-41.43828103793784	522.060124452
1994	-41.43828103793784	522.356764165
1995	-41.43828103793784	522.644082009
1996	-41.43828103793784	522.92620735
1997	-41.43828103793784	523.246067778
1998	-41.43828103793784	523.544499906
1999	-41.43828103793784	523.834365961
2000	-41.43828103793784	524.165021648
2001	-41.43828103793784	524.548302837
2002	-41.43828103793784	524.849329078
2003	-41.43828103793784	525.210249125
2004	-41.43828103793784	525.494415488
2005	-41.43828103793784	525.77636578
2006	-41.43828103793784	526.03906336
2007	-41.43828103793784	526.327489097
2008	-41.43828103793784	526.624280198
2009	-41.43828103793784	526.926858801
2010	-41.43828103793784	527.167293599
2011	-41.43828103793784	527.362312185
2012	-41.43828103793784	527.559769219
2013	-41.43828103793784	527.816476877
2014	-41.43828103793784	528.144531894
2015	-41.43828103793784	528.51744262
2016	-41.43828103793784	528.809905638
2017	-41.43828103793784	529.108674468
2018	-41.43828103793784	529.47329082
2019	-41.43828103793784	529.766889101
2020	-41.43828103793784	529.982048195
2021	-41.43828103793784	530.279452258
2022	-41.43828103793784	530.58186921
2023	-41.43828103793784	530.825268749
2024	-41.43828103793784	531.081040998
2025	-41.43828103793784	531.355891763
2026	-41.43828103793784	531.684061105
2027	-41.43828103793784	531.935831995
2028	-41.43828103793784	532.246962417
2029	-41.43828103793784	532.510165192
2030	-41.43828103793784	532.8059211
2031	-41.43828103793784	533.084157696
2032	-41.43828103793784	533.369152271
2033	-41.43828103793784	533.62516771
2034	-41.43828103793784	533.895444352
2035	-41.43828103793784	534.196343439
2036	-41.43828103793784	534.43233526
2037	-41.43828103793784	534.672219533
2038	-41.43828103793784	534.929942998
2039	-41.43828103793784	535.23142112
2040	-41.43828103793784	535.513007056
2041	-41.43828103793784	535.805981256
2042	-41.43828103793784	536.078537832
2043	-41.43828103793784	536.384200062
2044	-41.43828103793784	536.639863689
2045	-41.43828103793784	536.880685081
2046	-41.43828103793784	537.174048441
2047	-41.43828103793784	537.464105797
2048	-41.43828103793784	537.766150411
2049	-41.43828103793784	538.069851162
2050	-41.43828103793784	538.370459163
2051	-41.43828103793784	538.709385276
2052	-41.43828103793784	539.003072508
2053	-41.43828103793784	539.320034623
2054	-41.43828103793784	539.61023852
2055	-41.43828103793784	539.879520738
2056	-41.43828103793784	540.155034928
2057	-41.43828103793784	540.464778915
2058	-41.43828103793784	540.731154838
2059	-41.43828103793784	541.027046168
2060	-41.43828103793784	541.342544586
2061	-41.43828103793784	541.625952871
2062	-41.43828103793784	541.815592786
2063	-41.43828103793784	542.022649947
2064	-41.43828103793784	542.228011911
2065	-41.43828103793784	542.434028461
2066	-41.43828103793784	542.652748722
2067	-41.43828103793784	542.933204241
2068	-41.43828103793784	543.153385917
2069	-41.43828103793784	543.470973538
2070	-41.43828103793784	543.835321327
2071	-41.43828103793784	544.19510155
2072	-41.43828103793784	544.477057258
2073	-41.43828103793784	544.725824919
2074	-41.43828103793784	544.999653606
2075	-41.43828103793784	545.298363135
2076	-41.43828103793784	545.487390373
2077	-41.43828103793784	545.705809854
2078	-41.43828103793784	545.900355461
2079	-41.43828103793784	546.095125441
2080	-41.43828103793784	546.297107276
2081	-41.43828103793784	546.511839862
2082	-41.43828103793784	546.712278742
2083	-41.43828103793784	547.016968786
2084	-41.43828103793784	547.216756217
2085	-41.43828103793784	547.602535154
2086	-41.43828103793784	547.989353277
2087	-41.43828103793784	548.440371621
2088	-41.43828103793784	548.729051951
2089	-41.43828103793784	548.997838668
2090	-41.43828103793784	549.262790808
2091	-41.43828103793784	549.532824262
2092	-41.43828103793784	549.777783005
2093	-41.43828103793784	550.041186205
2094	-41.43828103793784	550.312340381
2095	-41.43828103793784	550.616102143
2096	-41.43828103793784	550.873022485
2097	-41.43828103793784	551.135037539
2098	-41.43828103793784	551.40240304
2099	-41.43828103793784	551.693296875
2100	-41.43828103793784	551.998210151
2101	-41.43828103793784	552.298604329
2102	-41.43828103793784	552.645156545
2103	-41.43828103793784	552.978040278
2104	-41.43828103793784	553.290765257
2105	-41.43828103793784	553.582343614
2106	-41.43828103793784	554.001295774
2107	-41.43828103793784	554.377629109
2108	-41.43828103793784	554.707582313
2109	-41.43828103793784	555.03163483
2110	-41.43828103793784	555.373338659
2111	-41.43828103793784	555.85903241
2112	-41.43828103793784	556.209558046
2113	-41.43828103793784	556.613800257
2114	-41.43828103793784	557.002289628
2115	-41.43828103793784	557.381233326
2116	-41.43828103793784	557.788168863
2117	-41.43828103793784	558.136956253
2118	-41.43828103793784	558.514056504
2119	-41.43828103793784	558.89131869
2120	-41.43828103793784	559.202673769
2121	-41.43828103793784	559.51423412
2122	-41.43828103793784	559.825778505
2123	-41.43828103793784	560.155413824
2124	-41.43828103793784	560.459895175
2125	-41.43828103793784	560.794610097
2126	-41.43828103793784	561.150816608
2127	-41.43828103793784	561.431716311
2128	-41.43828103793784	561.776936547
2129	-41.43828103793784	562.104118307
2130	-41.43828103793784	562.467486212
2131	-41.43828103793784	562.743706876
2132	-41.43828103793784	563.073044267
2133	-41.43828103793784	563.448590729
2134	-41.43828103793784	563.854941244
2135	-41.43828103793784	564.146546116
2136	-41.43828103793784	564.413740842
2137	-41.43828103793784	564.737026159
2138	-41.43828103793784	565.081938204
2139	-41.43828103793784	565.393056936
2140	-41.43828103793784	565.667442706
2141	-41.43828103793784	565.964122903
2142	-41.43828103793784	566.307523069
2143	-41.43828103793784	566.611853318
2144	-41.43828103793784	566.951587971
2145	-41.43828103793784	567.277964328
2146	-41.43828103793784	567.587387579
2147	-41.43828103793784	567.983930701
2148	-41.43828103793784	568.397394712
2149	-41.43828103793784	568.84573769
2150	-41.43828103793784	569.287395391
2151	-41.43828103793784	569.619261036
2152	-41.43828103793784	569.961713534
2153	-41.43828103793784	570.407501174
2154	-41.43828103793784	570.756331613
2155	-41.43828103793784	571.177816019
2156	-41.43828103793784	571.679108942
2157	-41.43828103793784	572.053526129
2158	-41.43828103793784	572.44414205
2159	-41.43828103793784	572.856365882
2160	-41.43828103793784	573.230799035
2161	-41.43828103793784	573.623149496
2162	-41.43828103793784	573.994224757
2163	-41.43828103793784	574.322404363
2164	-41.43828103793784	574.636602446
2165	-41.43828103793784	575.010716573
2166	-41.43828103793784	575.36597057
2167	-41.43828103793784	575.813962877
2168	-41.43828103793784	576.204727905
2169	-41.43828103793784	576.561754361
2170	-41.43828103793784	576.912865589
2171	-41.43828103793784	577.368821842
2172	-41.43828103793784	577.808951698
2173	-41.43828103793784	578.204148015
2174	-41.43828103793784	578.72248955
2175	-41.43828103793784	579.048483304
2176	-41.43828103793784	579.40844314
2177	-41.43828103793784	579.762974697
2178	-41.43828103793784	580.144031546
2179	-41.43828103793784	580.578435197
2180	-41.43828103793784	580.862158231
2181	-41.43828103793784	581.192614349
2182	-41.43828103793784	581.570960766
2183	-41.43828103793784	581.911748573
2184	-41.43828103793784	582.247660338
2185	-41.43828103793784	582.667090894
2186	-41.43828103793784	582.974744538
2187	-41.43828103793784	583.350536185
2188	-41.43828103793784	583.670624121
2189	-41.43828103793784	584.008372492
2190	-41.43828103793784	584.352282129
2191	-41.43828103793784	584.755373397
2192	-41.43828103793784	585.03644815
2193	-41.43828103793784	585.38418039
2194	-41.43828103793784	585.688158258
2195	-41.43828103793784	585.992235624
2196	-41.43828103793784	586.293306055
2197	-41.43828103793784	586.690275685
2198	-41.43828103793784	586.992624499
2199	-41.43828103793784	587.307426991
2200	-41.43828103793784	587.60613424
2201	-41.43828103793784	587.93453109
2202	-41.43828103793784	588.19820884
2203	-41.43828103793784	588.5238887
2204	-41.43828103793784	588.862496358
2205	-41.43828103793784	589.111220684
2206	-41.43828103793784	589.412553692
2207	-41.43828103793784	589.708666543
2208	-41.43828103793784	590.106219199
2209	-41.43828103793784	590.527170756
2210	-41.43828103793784	590.868874015
2211	-41.43828103793784	591.190247745
2212	-41.43828103793784	591.520094607
2213	-41.43828103793784	591.858084172
2214	-41.43828103793784	592.177897273
2215	-41.43828103793784	592.495901422
2216	-41.43828103793784	592.795392692
2217	-41.43828103793784	593.1895541
2218	-41.43828103793784	593.531912801
2219	-41.43828103793784	593.80706235
2220	-41.43828103793784	594.088123989
2221	-41.43828103793784	594.322707708
2222	-41.43828103793784	594.592411017
2223	-41.43828103793784	594.868125916
2224	-41.43828103793784	595.157838588
2225	-41.43828103793784	595.514727341
2226	-41.43828103793784	595.800117347
2227	-41.43828103793784	596.123279216
2228	-41.43828103793784	596.462417728
2229	-41.43828103793784	596.765961675
2230	-41.43828103793784	597.09308556
2231	-41.43828103793784	597.388843749
2232	-41.43828103793784	597.69458324
2233	-41.43828103793784	598.059363523
2234	-41.43828103793784	598.350861483
2235	-41.43828103793784	598.674901456
2236	-41.43828103793784	599.059025396
2237	-41.43828103793784	599.339372008
2238	-41.43828103793784	599.571296327
2239	-41.43828103793784	599.909247403
2240	-41.43828103793784	600.297132079
2241	-41.43828103793784	600.793167783
2242	-41.43828103793784	601.155368208
2243	-41.43828103793784	601.63959199
2244	-41.43828103793784	601.934135373
2245	-41.43828103793784	602.267805693
2246	-41.43828103793784	602.548510103
2247	-41.43828103793784	602.810755232
2248	-41.43828103793784	603.03972878
2249	-41.43828103793784	603.344147695
2250	-41.43828103793784	603.593955966
2251	-41.43828103793784	603.857340349
2252	-41.43828103793784	604.118919488
2253	-41.43828103793784	604.376206181
2254	-41.43828103793784	604.680759948
2255	-41.43828103793784	604.975179313
2256	-41.43828103793784	605.259436338
2257	-41.43828103793784	605.60142498
2258	-41.43828103793784	605.923512883
2259	-41.43828103793784	606.224587876
2260	-41.43828103793784	606.532673159
2261	-41.43828103793784	606.8326873
2262	-41.43828103793784	607.133373704
2263	-41.43828103793784	607.424869097
2264	-41.43828103793784	607.767412827
2265	-41.43828103793784	608.005678595
2266	-41.43828103793784	608.207799273
2267	-41.43828103793784	608.403179363
2268	-41.43828103793784	608.609258065
2269	-41.43828103793784	608.823288168
2270	-41.43828103793784	609.025486963
2271	-41.43828103793784	609.211546039
2272	-41.43828103793784	609.403829958
2273	-41.43828103793784	609.597371448
2274	-41.43828103793784	609.783698231
2275	-41.43828103793784	610.014042534
2276	-41.43828103793784	610.219083762
2277	-41.43828103793784	610.565472902
2278	-41.43828103793784	610.837736397
2279	-41.43828103793784	611.132847412
2280	-41.43828103793784	611.407080938
2281	-41.43828103793784	611.674677368
2282	-41.43828103793784	611.948995284
2283	-41.43828103793784	612.19900569
2284	-41.43828103793784	612.56180967
2285	-41.43828103793784	612.858559146
2286	-41.43828103793784	613.182361632
2287	-41.43828103793784	613.472521054
2288	-41.43828103793784	613.662824678
2289	-41.43828103793784	613.845403555
2290	-41.43828103793784	614.05313982
2291	-41.43828103793784	614.245052826
2292	-41.43828103793784	614.459842432
2293	-41.43828103793784	614.699012248
2294	-41.43828103793784	614.987826004
2295	-41.43828103793784	615.192234028
2296	-41.43828103793784	615.383889305
2297	-41.43828103793784	615.60318746
2298	-41.43828103793784	615.789389941
2299	-41.43828103793784	615.981587475
2300	-41.43828103793784	616.167732651
2301	-41.43828103793784	616.359374813
2302	-41.43828103793784	616.555309706
2303	-41.43828103793784	616.789245681
2304	-41.43828103793784	616.9850691
2305	-41.43828103793784	617.175216775
2306	-41.43828103793784	617.382128821
2307	-41.43828103793784	617.598915257
2308	-41.43828103793784	617.83562011
2309	-41.43828103793784	618.071381001
2310	-41.43828103793784	618.309494526
2311	-41.43828103793784	618.567240229
2312	-41.43828103793784	618.824144605
2313	-41.43828103793784	619.043958504
2314	-41.43828103793784	619.252973722
2315	-41.43828103793784	619.488419579
2316	-41.43828103793784	619.685233716
2317	-41.43828103793784	619.915926123
2318	-41.43828103793784	620.140135958
2319	-41.43828103793784	620.355869526
2320	-41.43828103793784	620.586565925
2321	-41.43828103793784	620.796664802
2322	-41.43828103793784	621.049063765
2323	-41.43828103793784	621.278225193
2324	-41.43828103793784	621.481056051
2325	-41.43828103793784	621.726261405
2326	-41.43828103793784	621.988292995
2327	-41.43828103793784	622.309565516
2328	-41.43828103793784	622.536226344
2329	-41.43828103793784	622.823932206
2330	-41.43828103793784	623.05302407
2331	-41.43828103793784	623.414369485
2332	-41.43828103793784	623.664991998
2333	-41.43828103793784	623.863662127
2334	-41.43828103793784	624.048133488
2335	-41.43828103793784	624.245823163
2336	-41.43828103793784	624.453513528
2337	-41.43828103793784	624.661841373
2338	-41.43828103793784	624.904089398
2339	-41.43828103793784	625.180965504
2340	-41.43828103793784	625.439811972
2341	-41.43828103793784	625.720451095
2342	-41.43828103793784	626.015357979
2343	-41.43828103793784	626.207840612
2344	-41.43828103793784	626.413014411
2345	-41.43828103793784	626.67653165
2346	-41.43828103793784	626.928673739
2347	-41.43828103793784	627.231713917
2348	-41.43828103793784	627.589029747
2349	-41.43828103793784	628.00024376
2350	-41.43828103793784	628.350390785
2351	-41.43828103793784	628.673215953
2352	-41.43828103793784	629.02348386
2353	-41.43828103793784	629.376303685
2354	-41.43828103793784	629.694747172
2355	-41.43828103793784	630.066583076
2356	-41.43828103793784	630.381149507
2357	-41.43828103793784	630.721493701
2358	-41.43828103793784	630.972314642
2359	-41.43828103793784	631.221878584
2360	-41.43828103793784	631.480285715
2361	-41.43828103793784	631.757551265
2362	-41.43828103793784	632.005073901
2363	-41.43828103793784	632.29948956
2364	-41.43828103793784	632.558362542
2365	-41.43828103793784	632.847546071
2366	-41.43828103793784	633.127116644
2367	-41.43828103793784	633.400765433
2368	-41.43828103793784	633.688879272
2369	-41.43828103793784	634.024799305
2370	-41.43828103793784	634.324581661
2371	-41.43828103793784	634.63554644
2372	-41.43828103793784	635.001181734
2373	-41.43828103793784	635.402583792
2374	-41.43828103793784	635.717672238
2375	-41.43828103793784	636.027557064
2376	-41.43828103793784	636.375980383
2377	-41.43828103793784	636.705437231
2378	-41.43828103793784	637.014126638
2379	-41.43828103793784	637.28181487
2380	-41.43828103793784	637.566616718
2381	-41.43828103793784	637.822112707
2382	-41.43828103793784	638.147962771
2383	-41.43828103793784	638.412521475
2384	-41.43828103793784	638.676210629
2385	-41.43828103793784	638.971749862
2386	-41.43828103793784	639.154075856
2387	-41.43828103793784	639.348220614
2388	-41.43828103793784	639.529226032
2389	-41.43828103793784	639.715763788
2390	-41.43828103793784	640.030981954
2391	-41.43828103793784	640.363532407
2392	-41.43828103793784	640.654141714
2393	-41.43828103793784	640.98843811
2394	-41.43828103793784	641.300016422
2395	-41.43828103793784	641.55013431
2396	-41.43828103793784	641.740708493
2397	-41.43828103793784	642.0729824
2398	-41.43828103793784	642.412958247
2399	-41.43828103793784	642.785201557
2400	-41.43828103793784	643.117685011
2401	-41.43828103793784	643.427613172
2402	-41.43828103793784	643.708802535
2403	-41.43828103793784	644.027670819
2404	-41.43828103793784	644.377832954
2405	-41.43828103793784	644.671012711
2406	-41.43828103793784	644.983150101
2407	-41.43828103793784	645.329554921
2408	-41.43828103793784	645.606199242
2409	-41.43828103793784	645.938680131
2410	-41.43828103793784	646.246632273
2411	-41.43828103793784	646.634936329
2412	-41.43828103793784	646.921962517
2413	-41.43828103793784	647.208222929
2414	-41.43828103793784	647.539287163
2415	-41.43828103793784	647.980825122
2416	-41.43828103793784	648.357661085
2417	-41.43828103793784	648.667432727
2418	-41.43828103793784	648.977233734
2419	-41.43828103793784	649.375549029
2420	-41.43828103793784	649.609279733
2421	-41.43828103793784	649.923530844
2422	-41.43828103793784	650.239275303
2423	-41.43828103793784	650.476702595
2424	-41.43828103793784	650.792301368
2425	-41.43828103793784	650.987158017
2426	-41.43828103793784	651.214776207
2427	-41.43828103793784	651.429854332
2428	-41.43828103793784	651.688432237
2429	-41.43828103793784	651.901408046
2430	-41.43828103793784	652.244523398
2431	-41.43828103793784	652.489745002
2432	-41.43828103793784	652.751695054
2433	-41.43828103793784	652.982508059
2434	-41.43828103793784	653.194523655
2435	-41.43828103793784	653.404820676
2436	-41.43828103793784	653.610033534
2437	-41.43828103793784	653.806341335
2438	-41.43828103793784	654.038236859
2439	-41.43828103793784	654.264159567
2440	-41.43828103793784	654.44561601
2441	-41.43828103793784	654.63431681
2442	-41.43828103793784	654.908900153
2443	-41.43828103793784	655.12447606
2444	-41.43828103793784	655.362534276
2445	-41.43828103793784	655.558724332
2446	-41.43828103793784	655.756150291
2447	-41.43828103793784	655.953480456
2448	-41.43828103793784	656.150516114
2449	-41.43828103793784	656.359224281
2450	-41.43828103793784	656.565659357
2451	-41.43828103793784	656.90247688
2452	-41.43828103793784	657.141908131
2453	-41.43828103793784	657.341346316
2454	-41.43828103793784	657.563553903
2455	-41.43828103793784	657.760895757
2456	-41.43828103793784	658.015487414
2457	-41.43828103793784	658.263561715
2458	-41.43828103793784	658.473863013
2459	-41.43828103793784	658.670174236
2460	-41.43828103793784	658.86310818
2461	-41.43828103793784	659.094102507
2462	-41.43828103793784	659.295331966
2463	-41.43828103793784	659.505019162
2464	-41.43828103793784	659.699778308
2465	-41.43828103793784	659.885847647
2466	-41.43828103793784	660.09463051
2467	-41.43828103793784	660.286123566
2468	-41.43828103793784	660.496941747
2469	-41.43828103793784	660.685747178
2470	-41.43828103793784	660.878588751
2471	-41.43828103793784	661.109017157
2472	-41.43828103793784	661.321114862
2473	-41.43828103793784	661.508169502
2474	-41.43828103793784	661.724474407
2475	-41.43828103793784	661.922106207
2476	-41.43828103793784	662.137331443
2477	-41.43828103793784	662.333635538
2478	-41.43828103793784	662.573465072
2479	-41.43828103793784	662.798761988
2480	-41.43828103793784	663.033835221
2481	-41.43828103793784	663.329249296
2482	-41.43828103793784	663.616626725
2483	-41.43828103793784	663.791287557
2484	-41.43828103793784	663.969298299
2485	-41.43828103793784	664.156015667
2486	-41.43828103793784	664.338271242
2487	-41.43828103793784	664.528096471
2488	-41.43828103793784	664.705204305
2489	-41.43828103793784	664.875759432
2490	-41.43828103793784	665.055420609
2491	-41.43828103793784	665.277300618
2492	-41.43828103793784	665.457717592
2493	-41.43828103793784	665.650057106
2494	-41.43828103793784	665.852451193
2495	-41.43828103793784	666.053540099
2496	-41.43828103793784	666.258882961
2497	-41.43828103793784	666.459904869
2498	-41.43828103793784	666.665551361
2499	-41.43828103793784	666.870005286
2500	-41.43828103793784	667.074304117
2501	-41.43828103793784	667.303825625
