1	-252.40650023715426	62.168171897
2	-252.40650023715426	117.167882236
3	-252.62944343891496	165.573873258
4	-252.89511773759685	210.116327702
5	-252.89711911105567	246.437591731
6	-253.08828331663943	289.414098396
7	-253.08828331663943	324.724695143
8	-253.08828331663943	369.224351028
9	-253.19282119355626	408.64736762
10	-253.19282119355626	446.959121586
11	-253.31691416800385	479.302954371
12	-253.42447677631853	499.256749729
13	-253.42447677631853	540.17028933
14	-253.42447677631853	579.654900517
15	-253.42447677631853	628.107794391
16	-253.42447677631853	664.089408898
17	-253.42447677631853	693.962162742
18	-253.42447677631853	724.396230073
19	-253.42447677631853	763.0244832
20	-253.42447677631853	809.289553842
21	-253.42447677631853	861.51565196
22	-253.42447677631853	909.663018439
23	-253.42447677631853	946.218158668
24	-253.42447677631853	979.918892343
25	-253.42447677631853	1019.175662885
26	-253.42447677631853	1064.960860122
27	-253.42447677631853	1116.442570707
28	-253.42447677631853	1163.396794
29	-253.42447677631853	1224.930627892
30	-253.42447677631853	1275.365344394
31	-253.42447677631853	1318.62317351
32	-253.42447677631853	1357.561606855
33	-253.42447677631853	1406.311328312
34	-253.42447677631853	1448.035788249
35	-253.42447677631853	1485.066465234
36	-253.42447677631853	1523.087312846
37	-253.42447677631853	1560.288109243
38	-253.42447677631853	1599.51968013
39	-253.42447677631853	1638.533806807
40	-253.42447677631853	1677.161354028
41	-253.42447677631853	1712.460581865
42	-253.42447677631853	1756.465242671
43	-253.42447677631853	1789.108988957
44	-253.42447677631853	1833.530518755
45	-253.42447677631853	1867.432022598
46	-253.42447677631853	1909.952130092
47	-253.49504871730687	1943.383135455
48	-253.49504871730687	1975.034541509
49	-253.49504871730687	2018.413473173
50	-253.49504871730687	2055.946707786
51	-253.49504871730687	2098.99866716
52	-253.49504871730687	2144.640183114
53	-253.49504871730687	2185.086356623
54	-253.49504871730687	2222.294811931
55	-253.49504871730687	2266.670471224
56	-253.49504871730687	2314.743917118
57	-253.49504871730687	2358.411379687
58	-253.49504871730687	2406.889249128
59	-253.49504871730687	2455.924026129
60	-253.49504871730687	2492.97603226
61	-253.49504871730687	2528.920377426
62	-253.49504871730687	2572.902065203
63	-253.49504871730687	2618.938714737
64	-253.49504871730687	2657.90952426
65	-253.49504871730687	2693.268351281
66	-253.49504871730687	2739.005893576
67	-253.49504871730687	2775.719140265
68	-253.49504871730687	2815.115091796
69	-253.49504871730687	2856.047463071
70	-253.49504871730687	2907.582197022
71	-253.49504871730687	2958.55724911
72	-253.49504871730687	3003.459856287
73	-253.49504871730687	3049.250289091
74	-253.49504871730687	3095.974705692
75	-253.49504871730687	3142.450365326
76	-253.49504871730687	3194.314207247
77	-253.49504871730687	3242.816434729
78	-253.49504871730687	3296.320818988
79	-253.49504871730687	3366.472014353
80	-253.49504871730687	3425.500619521
81	-253.49504871730687	3481.027216163
82	-253.49504871730687	3543.846055706
83	-253.49504871730687	3602.476794901
84	-253.49504871730687	3673.304464543
85	-253.49504871730687	3729.591150855
86	-253.49504871730687	3786.43320291
87	-253.49504871730687	3852.12949274
88	-253.49504871730687	3911.737159121
89	-253.49504871730687	3972.027419154
90	-253.49504871730687	4033.118282344
91	-253.49504871730687	4102.099620875
92	-253.49504871730687	4151.200544084
93	-253.49504871730687	4204.546279623
94	-253.49504871730687	4261.876058147
95	-253.49504871730687	4316.808699981
96	-253.49504871730687	4377.102120342
97	-253.49504871730687	4433.827534506
98	-253.49504871730687	4498.187397293
99	-253.49504871730687	4548.430357617
100	-253.49504871730687	4619.304494194
101	-253.49504871730687	4668.951955326
102	-253.49504871730687	4745.733220757
103	-253.49504871730687	4813.272701329
104	-253.49504871730687	4867.28775515
105	-253.49504871730687	4937.628436731
106	-253.49504871730687	5008.396474403
107	-253.49504871730687	5089.600731052
108	-253.49504871730687	5138.895638777
109	-253.49504871730687	5196.472020625
110	-253.49504871730687	5268.285442423
111	-253.49504871730687	5334.489618674
112	-253.49504871730687	5398.428428634
113	-253.49504871730687	5455.06272587
114	-253.49504871730687	5518.613146563
115	-253.49504871730687	5585.224008053
116	-253.49504871730687	5649.745107123
117	-253.49504871730687	5712.778973516
118	-253.49504871730687	5776.703224304
119	-253.49504871730687	5833.838905127
120	-253.49504871730687	5905.709897626
121	-253.49504871730687	5958.942181547
122	-253.49504871730687	6023.438515738
123	-253.49504871730687	6094.726185643
124	-253.49504871730687	6149.27707675
125	-253.49504871730687	6208.784251277
126	-253.49504871730687	6261.179532539
127	-253.49504871730687	6314.25518995
128	-253.49504871730687	6366.332830228
129	-253.49504871730687	6425.138118138
130	-253.49504871730687	6488.570605163
131	-253.49504871730687	6556.274148493
132	-253.49504871730687	6610.567440845
133	-253.49504871730687	6667.695884989
134	-253.49504871730687	6725.970120152
135	-253.49504871730687	6775.113630662
136	-253.49504871730687	6831.157644599
137	-253.49504871730687	6886.257518643
138	-253.49504871730687	6933.056140928
139	-253.49504871730687	6991.071536013
140	-253.49504871730687	7047.294021065
141	-253.49504871730687	7111.089405191
142	-253.49504871730687	7160.094482527
143	-253.49504871730687	7212.5163687
144	-253.49504871730687	7259.664230682
145	-253.49504871730687	7315.003157761
146	-253.49504871730687	7373.088434998
147	-253.49504871730687	7431.829847802
148	-253.49504871730687	7494.907586439
149	-253.49504871730687	7566.313362212
150	-253.49504871730687	7630.395164656
151	-253.49504871730687	7689.650003934
152	-253.49504871730687	7737.49565822
153	-253.49504871730687	7794.207777057
154	-253.49504871730687	7855.088315826
155	-253.49504871730687	7924.36990399
156	-253.49504871730687	7985.40480786
157	-253.49504871730687	8045.276524227
158	-253.49504871730687	8120.068881737
159	-253.49504871730687	8196.786301998
160	-253.49504871730687	8268.337438575
161	-253.49504871730687	8339.341654056
162	-253.49504871730687	8401.810167673
163	-253.49504871730687	8457.837687182
164	-253.49504871730687	8518.9075183
165	-253.49504871730687	8593.504857239
166	-253.49504871730687	8649.933182383
167	-253.49504871730687	8718.00789925
168	-253.49504871730687	8782.03543273
169	-253.49504871730687	8856.760356237
170	-253.49504871730687	8930.769864589
171	-253.49504871730687	8999.055493752
172	-253.49504871730687	9065.791345407
173	-253.49504871730687	9126.13302113
174	-253.49504871730687	9171.358261669
175	-253.49504871730687	9224.755831139
176	-253.49504871730687	9275.69466961
177	-253.49504871730687	9320.510002429
178	-253.49504871730687	9371.683019876
179	-253.49504871730687	9423.209197707
180	-253.49504871730687	9469.069455357
181	-253.49504871730687	9510.96334733
182	-253.49504871730687	9550.262996543
183	-253.49504871730687	9600.678731125
184	-253.49504871730687	9653.922334064
185	-253.49504871730687	9706.954126643
186	-253.49504871730687	9753.877044591
187	-253.49504871730687	9797.437361941
188	-253.49504871730687	9839.9903682
189	-253.49504871730687	9887.43807697
190	-253.49504871730687	9933.563391292
191	-253.49504871730687	9984.36303794
192	-253.49504871730687	10024.508159261
193	-253.49504871730687	10061.56047444
194	-253.49504871730687	10116.303773747
195	-253.49504871730687	10166.416794011
196	-253.49504871730687	10222.732501166
197	-253.49504871730687	10272.540397166
198	-253.49504871730687	10321.634326601
199	-253.49504871730687	10374.314012809
200	-253.49504871730687	10417.642927481
201	-253.49504871730687	10462.100011461
202	-253.49504871730687	10513.951015353
203	-253.49504871730687	10549.98178243
204	-253.49504871730687	10596.789834665
205	-253.49504871730687	10638.969772616
206	-253.49504871730687	10688.590795906
207	-253.49504871730687	10730.763703305
208	-253.49504871730687	10770.282209395
209	-253.49504871730687	10814.766365849
210	-253.49504871730687	10855.198033498
211	-253.49504871730687	10894.689950073
212	-253.49504871730687	10940.593045911
213	-253.49504871730687	10982.99201522
214	-253.49504871730687	11025.965863903
215	-253.49504871730687	11068.410646412
216	-253.49504871730687	11118.69558934
217	-253.49504871730687	11156.702753604
218	-253.49504871730687	11202.785567296
219	-253.49504871730687	11247.640401215
220	-253.49504871730687	11295.807998921
221	-253.49504871730687	11353.973324385
222	-253.49504871730687	11403.593995292
223	-253.49504871730687	11454.710097766
224	-253.49504871730687	11499.584389437
225	-253.49504871730687	11547.98662798
226	-253.49504871730687	11593.762323994
227	-253.49504871730687	11638.10498274
228	-253.49504871730687	11688.560965381
229	-253.49504871730687	11730.912124652
230	-253.49504871730687	11772.046239709
231	-253.49504871730687	11809.774565594
232	-253.49504871730687	11854.10888062
233	-253.49504871730687	11904.941908707
234	-253.49504871730687	11945.827596942
235	-253.49504871730687	11986.444346022
236	-253.49504871730687	12035.734625727
237	-253.49504871730687	12093.438727567
238	-253.49504871730687	12144.971034181
239	-253.49504871730687	12200.704868472
240	-253.49504871730687	12250.365590435
241	-253.49504871730687	12294.282550374
242	-253.49504871730687	12350.587083626
243	-253.49504871730687	12398.80613152
244	-253.49504871730687	12446.509295097
245	-253.49504871730687	12482.697159668
246	-253.49504871730687	12529.778350859
247	-253.49504871730687	12578.509171364
248	-253.49504871730687	12629.055634876
