0.0
0.0
1.0
1.0
1.0
1.0
1.0
0.0
1.0
1.0
1.0
1.0
0.0
0.0
1.0
1.0
0.0
1.0
1.0
1.0
1.0
0.0
1.0
1.0
0.0
0.0
0.0
0.0
1.0
1.0
1.0
1.0
1.0
1.0
1.0
0.0
1.0
0.0
-2.834663
2.606808
0.278672
-3.943978
-1.600561
0.679549
-2.978675
-0.09707
-4.786823
-1.890847
-1.090136
-2.423611
-0.844583
3.229093
1.21641
1.564521
2.372318
-0.749266
-2.223109
2.672823
-4.756847
1.466559
-1.530736
2.553205
-3.554669
-3.062918
-0.798517
2.289982
1.027516
-1.243546
-3.541261
0.655017
-0.371491
0.208078
1.84236
-0.3172
0.744074
1.733702
-1.9283
-2.449244
0.099062
-1.58615
0.471877
-3.919745
-2.969036
-1.967373
0.803141
-3.304003
2.365273
1.801271
-0.325199
-0.168576
1.10288
2.398776
-0.064998
-4.279556
-0.466903
0.469733
-0.983075
-1.179731
-0.678642
2.083799
1.394572
-1.536229
-2.123562
-3.009016
-1.167842
1.908712
0.527719
1.890352
-2.764414
1.077129
-1.966207
3.444527
-0.714767
-4.239719
3.808483
0.930351
-1.169061
1.446146
-2.974608
1.766685
-0.660086
0.288118
0.819533
1.748374
-1.148606
1.018337
4.472766
2.788698
3.772188
-0.638489
0.348029
-0.469453
-0.464149
-2.190557
-1.023048
4.859706
2.085773
1.772769
-1.408401
-2.763315
-2.036868
3.466119
2.394227
3.318981
3.14882
-3.114629
3.889355
1.253552
-1.506046
1.091532
-3.607719
-0.495726