1.0
0.0
0.0
0.0
1.0
0.0
0.0
1.0
0.0
1.0
1.0
1.0
1.0
1.0
1.0
1.0
1.0
1.0
0.0
1.0
1.0
0.0
0.0
0.0
1.0
1.0
1.0
1.0
0.0
0.0
0.0
1.0
0.0
0.0
1.0
1.0
0.0
0.0
3.075466
-3.48724
-1.794187
-2.490011
0.082479
-2.881044
-0.029948
4.122544
-1.513118
0.576142
-0.728848
2.372668
-1.938621
-1.098239
-0.42695
2.44514
-0.868034
1.778808
2.362557
-0.091646
-2.851973
-1.722462
-3.259876
1.627784
3.412778
-1.284214
0.804827
0.97727
2.56077
0.443786
0.568854
4.00758
3.344515
1.203163
1.474038
-2.013367
2.092308
-0.183379
1.712763
1.331916
-3.144205
-1.427868
3.730298
-0.503567
-2.131596
-1.120366
1.993883
-3.933642
-0.307159
-2.408548
3.004727
0.651268
-1.204862
-2.810095
0.149035
-0.960098
3.473029
4.186034
-1.007048
2.506658
0.85287
-0.494969
1.274354
1.185
1.87496
1.440707
3.032578
-3.377074
2.347806
-0.625561
0.687453
0.540557
-0.007896
-2.800037
-1.755442
-1.637092
2.920429
1.092577
-0.542529
-2.221611
-1.703607
2.83053
-1.937654
-0.49851
-2.75428
-0.184188
-3.691882
0.978371
2.261415
1.466769
3.300628
-1.626008
-1.136311
-3.330091
1.181323
0.859026
0.286903
-0.286953
-1.377763
-0.786455
0.343131
4.018548
0.001124
-2.659487
-1.3665
2.309868
2.587548
2.113705
-2.135454
4.22816
1.765541
1.971267
3.46675
0.614201
