1.0
0.0
1.0
1.0
1.0
0.0
0.0
1.0
1.0
1.0
1.0
0.0
0.0
1.0
1.0
1.0
1.0
0.0
1.0
1.0
1.0
0.0
1.0
0.0
0.0
1.0
1.0
0.0
0.0
1.0
1.0
0.0
0.0
0.0
0.0
1.0
1.0
1.0
5.017275
1.388942
-2.282112
-2.304086
1.756835
1.93185
2.335036
1.51482
-1.789571
1.029432
-0.644544
0.042287
0.865172
-1.498347
-2.07966
3.643248
2.298215
-1.13409
2.63648
-1.091652
4.806014
3.85776
-0.478576
-0.616707
1.543485
3.93881
3.024986
0.23557
0.379542
2.808536
0.616862
4.354048
3.077312
1.177623
0.666609
4.728481
-0.261175
3.01974
-0.221009
2.903216
2.491088
0.784624
-2.077933
1.838303
-0.689166
4.424845
-0.041329
-2.146876
-1.069323
0.21533
0.529949
1.663942
-1.770683
1.818397
3.402301
-0.858401
0.734158
-2.583769
-1.611193
-0.699974
2.75112
1.405156
0.416353
3.419822
-1.950146
1.671222
-2.282048
-3.198248
3.089652
0.872247
-0.523835
-3.602988
-0.829057
2.374307
4.149984
2.05954
1.729028
-3.070061
0.515516
-1.618186
-3.012997
-0.912708
-0.832698
-1.04007
0.892192
3.122645
-3.030765
-1.001096
3.16347
2.87815
-0.998879
-2.860034
1.241725
3.195621
1.282435
1.330416
-0.496035
-2.666492
-1.328281
-3.430487
-2.945808
-0.850801
1.385668
0.984936
-0.888221
-0.948042
3.211256
-0.620169
3.48383
1.014701
1.064491
1.466429
0.94293
3.476935
