1.0
1.0
0.0
0.0
0.0
0.0
0.0
0.0
0.0
0.0
0.0
0.0
0.0
0.0
0.0
0.0
0.0
0.0
0.0
0.0
1.0
1.0
1.0
1.0
1.0
0.0
0.0
1.0
1.0
1.0
1.0
1.0
1.0
0.0
0.0
1.0
1.0
0.0
0.062366
0.059928
-2.16955
-1.548402
0.975153
0.168523
4.04581
-2.330439
-0.161962
0.160377
3.269789
0.64546
-2.496219
2.098386
-1.823905
0.849716
-0.509643
1.740726
-1.915907
2.384911
2.85952
-1.150267
2.191359
1.323281
-0.2806
1.730447
1.349701
-2.814621
-1.429088
-0.648236
0.456044
3.05718
3.70409
-3.739986
-1.032985
2.526743
-3.520933
-2.977209
5.172065
-0.92595
-2.162937
2.365242
-0.578409
-2.883986
1.022522
-0.051704
-1.24814
2.859358
-1.407694
1.151084
-0.396243
-2.000793
2.014139
1.559323
0.553722
-0.301516
4.146001
4.209164
2.52679
-1.676639
0.013766
-2.407214
0.882085
1.81471
3.628626
1.763036
0.203458
2.709558
3.455139
0.299193
2.785885
1.084991
4.403449
2.097933
-0.729069
3.464137
0.476427
-2.914763
1.642682
-2.643206
0.648809
1.091559
-0.212038
-2.255819
2.859843
4.107966
0.164859
2.412039
3.382593
2.272046
3.014102
-3.223681
4.433594
4.074398
-0.821246
-0.029277
-1.893553
-0.672273
-1.645272
-1.120786
-1.063161
0.289091
2.12817
-0.504363
1.240856
0.840981
-1.499102
2.01213
1.609436
1.777809
2.633019
3.831148
-0.018754
1.376533
