1.0
1.0
1.0
0.0
0.0
0.0
0.0
0.0
0.0
0.0
1.0
0.0
1.0
0.0
0.0
1.0
0.0
1.0
0.0
0.0
0.0
1.0
0.0
0.0
0.0
1.0
0.0
0.0
0.0
0.0
1.0
0.0
0.0
1.0
0.0
0.0
0.0
0.0
4.522914
-0.898583
2.59601
1.47353
0.742846
0.098665
1.099823
3.030852
1.32376
5.90178
-0.594133
1.929829
4.961795
1.173995
5.591282
-0.240866
3.61803
3.849862
3.39986
5.292399
3.448437
2.547939
0.252577
0.873898
-0.418131
-1.067374
4.324856
1.734185
1.772975
3.18462
2.401579
5.02754
2.114495
6.287222
4.090227
4.037787
2.77315
5.725771
2.839159
-1.30149
-4.363371
-0.440902
-3.368565
2.135862
-2.090223
-2.588039
-1.058588
0.554006
-0.179703
1.268141
-3.50052
-1.689719
-1.137151
1.08753
-0.25357
0.405248
-1.328505
-1.704798
-0.880008
3.679417
2.733796
-2.789724
0.4444
-1.941516
2.153197
0.181984
0.625005
-1.952816
3.002711
-2.763154
1.960668
1.248101
1.379149
1.023914
-3.58646
-0.496553
1.314229
1.423064
-0.669843
0.948793
-2.060543
-2.15763
2.697933
-2.448075
-1.415401
-2.130245
-2.87697
-0.807168
-1.074588
-3.768515
-0.416564
2.065996
-1.803106
0.62056
2.396618
-2.795187
-4.133477
-0.167304
0.218134
0.3439
-0.407505
-1.081502
-1.190574
3.294373
-3.211832
-0.064354
-2.637665
1.310724
1.66459
0.258512
-3.530864
3.029699
1.693589
2.010624
