0.0
1.0
1.0
0.0
1.0
1.0
0.0
0.0
0.0
0.0
0.0
0.0
0.0
0.0
0.0
0.0
1.0
0.0
0.0
0.0
0.0
0.0
1.0
0.0
0.0
0.0
1.0
0.0
0.0
0.0
0.0
0.0
0.0
0.0
0.0
0.0
0.0
1.0
0.064274
-2.372611
1.625797
1.228718
-0.897171
1.798953
4.756601
0.910055
-2.420817
4.056138
4.590832
1.417038
3.250031
2.998543
3.301922
2.555674
0.571171
-2.797354
-1.039559
0.256913
-1.13087
-0.355674
-0.792136
-0.170933
1.107597
2.208107
2.717535
-2.895827
2.848321
2.251701
0.950588
-1.425998
2.0292
4.220236
0.728196
-1.524053
-0.453726
0.419751
3.291433
-2.039666
-4.039612
-1.288572
-0.588136
-3.733656
-0.543447
1.46108
-2.288725
1.555581
-0.848589
-0.974509
-2.331491
-2.485336
-1.908037
-0.120992
0.913309
0.487424
-0.848333
3.421408
2.16492
-3.076758
-0.247788
-2.688318
-1.583369
2.643606
0.147058
0.15399
0.468529
2.773609
-1.80052
1.911485
2.283371
1.873111
1.113231
1.566968
-3.184419
0.606462
4.293254
0.833968
3.423447
1.157295
2.377437
0.874702
1.459013
-0.962978
3.367812
4.214002
3.932058
-1.214022
2.423333
4.838785
0.033706
5.230222
3.95894
1.150204
4.941627
1.866673
0.299952
2.101441
-0.263577
-0.317839
3.607507
3.034456
2.662002
3.641499
0.16541
0.614451
5.999636
2.71547
5.472796
1.740086
1.406238
5.168357
4.54029
6.503259
