1.0
0.0
1.0
1.0
1.0
1.0
1.0
1.0
1.0
1.0
1.0
1.0
1.0
1.0
1.0
1.0
1.0
0.0
1.0
1.0
0.0
1.0
1.0
1.0
1.0
1.0
1.0
1.0
0.0
1.0
1.0
1.0
1.0
1.0
1.0
1.0
1.0
1.0
-0.395703
-1.549488
3.389187
1.423378
-1.717638
-3.022502
0.317149
2.676781
2.76982
0.173097
-1.784466
4.651101
0.697996
-2.852848
3.50416
0.887296
3.936782
1.577209
1.94268
-2.358673
-3.443064
-1.094482
0.88565
-1.089467
-2.440027
-0.889541
0.150603
-1.776372
-0.531444
4.06589
2.129958
1.45061
0.707491
0.34488
-0.380783
2.164414
2.807504
2.828827
2.625352
-3.949127
-3.543443
-3.772923
0.332168
0.114347
-3.808825
2.934905
-1.48772
-1.736667
-1.907643
-1.217274
-1.660994
-2.036494
0.898586
0.60068
0.875698
-1.508212
0.632132
2.36341
0.022136
0.353672
-3.927291
-4.025583
-2.035304
-1.776228
2.789936
2.404622
0.367943
-1.257542
2.896392
0.626504
2.667002
0.523977
-1.756711
-1.493219
-3.546498
0.777856
1.323759
-0.418812
-2.009151
-3.809809
1.115668
-3.318461
1.389618
-2.100368
-3.596594
-2.705664
-4.449887
-1.722213
-5.274341
0.738809
-0.588347
0.229774
-3.224073
1.678494
-4.98624
-0.476218
-0.748583
-1.572896
-1.202723
-2.979396
-1.874659
2.514868
-1.276089
-3.075957
-4.149816
0.883742
0.516067
-2.40695
-3.882882
2.79644
-0.068997
-0.907318
0.600408
1.988271