0.0
0.0
1.0
0.0
1.0
0.0
1.0
1.0
1.0
1.0
1.0
1.0
1.0
1.0
1.0
1.0
1.0
1.0
1.0
1.0
1.0
1.0
1.0
1.0
1.0
1.0
1.0
0.0
1.0
1.0
0.0
1.0
1.0
0.0
1.0
1.0
1.0
0.0
1.740952
-4.145093
-2.648835
-0.427998
-1.929639
-4.62498
-3.802433
-2.123796
-3.252292
-0.213021
1.329342
-5.297235
0.632356
-4.497424
-1.14381
-2.676582
0.381521
0.224857
-2.273546
-0.230128
-2.486635
-3.511221
-4.110692
-5.504263
-0.599875
-0.937066
1.221291
-3.028301
-1.536537
0.909426
-0.427313
2.613864
-0.781436
-2.448917
-1.72939
1.632497
-1.362085
2.33304
7.689043
7.041807
2.030828
1.490086
6.483785
2.902645
7.496915
6.266019
4.760436
1.59798
3.482515
5.577428
6.069373
3.07063
3.908372
8.992452
5.835972
5.636127
2.441326
8.57546
9.212856
4.522346
7.376771
5.36619
8.178361
4.115887
3.210546
4.969707
6.871048
3.071297
8.363589
5.208469
4.330161
2.246115
6.695025
7.527645
3.698485
4.99013
1.225181
4.633661
4.385128
3.166669
3.52173
2.962823
-0.582397
6.131389
1.928842
0.583652
-0.510861
0.478175
-0.464789
0.378179
3.381224
3.6234
2.283647
5.037656
-0.82724
-0.207677
0.998217
4.657175
2.064321
3.117743
5.038244
0.691868
2.144191
-0.710955
-1.790706
4.775954
2.414557
1.076503
-1.927714
1.786055
0.832895
3.811142
6.008705
3.677648