11.787327
9.831287
6.427018
10.843413
13.28774
10.138645
9.19883
7.743018
9.322396
10.615374
8.002605
12.955756
8.468799
9.195182
13.084158
11.782783
11.783208
7.302523
8.028631
10.378127
11.014269
11.496832
12.812541
8.6455
11.426491
6.775253
11.201525
8.724854
8.759592
7.035744
8.912746
11.244201
6.904604
8.951612
10.039042
13.544961
6.589358
10.478604
-1.656396
-8.009194
-2.445484
-5.275317
-4.37117
-1.340739
1.062894
-0.628283
-2.375758
-6.845402
-0.98928
-5.917356
-6.577878
-5.517952
-0.735993
0.631126
-6.275556
-7.333084
-4.120629
-4.799491
-1.982928
-7.76401
-1.718205
-1.389405
-2.693653
-4.913101
-4.261512
-5.021461
-3.086245
-5.270113
-7.15856
-3.744915
-3.14434
-3.427634
0.374431
-3.308575
-2.778087
-0.22558
-0.518451
-5.498941
-7.273094
-3.190275
-3.92956
-4.797288
-4.332271
-5.811964
-1.198707
-1.102265
-3.143241
-1.852222
-7.506337
-5.267248
-2.609426
-4.526839
-5.525877
-5.276863
-8.509951
-7.596028
-7.279154
-3.400151
-5.013113
-8.202676
-2.899809
-6.294028
-0.716384
-1.49637
-6.260427
-3.624856
-3.144801
-5.39377
-2.020139
-3.611496
-6.724165
-1.558702
-4.642668
-2.364793
