1	-32.02553544584572	1.110267285
2	-32.02553544584572	1.861178173
3	-32.02553544584572	2.41061271
4	-32.147536779495354	2.982975669
5	-32.147536779495354	3.477603856
6	-32.14753677950465	3.976225408
7	-32.14753677950465	4.430966129
8	-32.14753677950465	4.807941857
9	-32.14753677950465	5.199969609
10	-32.14753677950465	5.620697304
11	-32.14753677950465	6.010839705
12	-32.14753677950465	6.473650404
13	-32.14753677950465	6.860867131
14	-32.14753677950465	7.309043475
15	-32.14753677950941	7.632703629
16	-32.14753677950941	7.982251521
17	-32.14753677950941	8.319369718
18	-32.14753677950941	8.615267901
19	-32.147536779543074	9.046292759
20	-32.147536779543074	9.352519752
21	-32.147536779543074	9.674265474
22	-32.14753677955075	10.01758854
23	-32.14753677955075	10.369603669
24	-32.14753677955075	10.674171107
25	-32.14753677955075	11.011411326
26	-32.14753677955075	11.285132035
27	-32.14753677955075	11.567037047
28	-32.14753677955075	11.963388023
29	-32.14753677955075	12.286928151
30	-32.14753677955075	12.615457491
31	-32.14753677955075	12.952573693
32	-32.14753677955075	13.266379726
33	-32.14753677955075	13.575833456
34	-32.14753677955075	13.902604882
35	-32.14753677955075	14.230629884
36	-32.14753677955075	14.575476513
37	-32.14753677955075	14.915267217
38	-32.14753677955075	15.213819661
39	-32.14753677955075	15.510052265
40	-32.14753677955075	15.779096799
41	-32.14753677955075	16.068558044
42	-32.14753677955075	16.357774675
43	-32.14753677955075	16.694839844
44	-32.14753677955075	17.049015444
45	-32.14753677955075	17.440876984
46	-32.14753677955075	17.756478849
47	-32.14753677955075	18.048400773
48	-32.14753677955075	18.428777433
49	-32.14753677955075	18.777196337
50	-32.14753677955075	19.077902981
51	-32.14753677955075	19.366322763
52	-32.14753677955075	19.682737441
53	-32.14753677955075	19.976930455
54	-32.14753677955075	20.244192843
55	-32.14753677955075	20.575836021
56	-32.14753677955075	20.926472987
57	-32.14753677955075	21.224677042
58	-32.14753677955075	21.615068903
59	-32.14753677955075	21.894980796
60	-32.14753677955075	22.194040145
61	-32.14753677955075	22.458651408
62	-32.14753677955075	22.865481154
63	-32.14753677955075	23.308015127
64	-32.14753677955075	23.631337155
65	-32.14753677955075	23.936009794
66	-32.14753677955075	24.282106292
67	-32.14753677955075	24.615931039
68	-32.14753677955075	25.016344088
69	-32.14753677955075	25.39271769
70	-32.14753677955075	25.716279485
71	-32.14753677955075	26.043724028
72	-32.14753677955075	26.302478242
73	-32.14753677955075	26.618390293
74	-32.14753677955075	26.919741827
75	-32.14753677955075	27.236061568
76	-32.14753677955075	27.507262012
77	-32.14753677955075	27.802452013
78	-32.14753677955075	28.143515108
79	-32.14753677955075	28.456981875
80	-32.14753677955075	28.732970822
81	-32.14753677955075	29.026561139
82	-32.14753677955075	29.355974853
83	-32.14753677955075	29.647988008
84	-32.14753677955075	29.92681596
85	-32.14753677955075	30.19437713
86	-32.14753677955075	30.471834902
87	-32.14753677955075	30.784760267
88	-32.14753677955075	31.081399135
89	-32.14753677955075	31.319749468
90	-32.14753677955075	31.618253161
91	-32.14753677955075	31.965565315
92	-32.14753677955075	32.244503885
93	-32.14753677955075	32.515626782
94	-32.14753677955075	32.805198075
95	-32.14753677955075	33.114513247
96	-32.14753677955075	33.416738607
97	-32.14753677955075	33.722937945
98	-32.14753677955075	33.982926062
99	-32.14753677955075	34.194884889
100	-32.14753677955075	34.477352685
101	-32.14753677955075	34.761192086
102	-32.14753677955075	35.039175577
103	-32.14753677955075	35.338897493
104	-32.14753677955075	35.629037841
105	-32.14753677955075	35.900114268
106	-32.14753677955075	36.074073832
107	-32.14753677955075	36.313945161
108	-32.14753677955075	36.555836979
109	-32.14753677955075	36.829289411
110	-32.14753677955075	37.12511461
111	-32.14753677955075	37.399759606
112	-32.14753677955075	37.666099988
113	-32.14753677955075	37.963321881
114	-32.14753677955075	38.253053683
115	-32.14753677955075	38.512116943
116	-32.14753677955075	38.739969689
117	-32.14753677955075	39.015880805
118	-32.14753677955075	39.298391079
119	-32.14753677955075	39.515426359
120	-32.14753677955075	39.763794459
121	-32.14753677955075	39.98851626
122	-32.14753677955075	40.171234029
123	-32.14753677955075	40.345136859
124	-32.14753677955075	40.518835843
125	-32.14753677955075	40.83441376
126	-32.14753677955075	41.105301737
127	-32.14753677955075	41.391710724
128	-32.14753677955075	41.665110698
129	-32.14753677955075	41.907359744
130	-32.14753677955075	42.098278067
131	-32.14753677955075	42.269182237
132	-32.14753677955075	42.619524982
133	-32.14753677955075	42.883581445
134	-32.14753677955075	43.147495074
135	-32.14753677955075	43.508848867
136	-32.14753677955075	43.705005862
137	-32.14753677955075	43.868846164
138	-32.14753677955075	44.043406429
139	-32.14753677955075	44.215903726
140	-32.14753677955075	44.443774148
141	-32.14753677955075	44.702973685
142	-32.14753677955075	44.948671274
143	-32.14753677955075	45.198607697
144	-32.14753677956452	45.376623062
145	-32.14753677956452	45.528285411
146	-32.14753677956452	45.684289229
147	-32.14753677956452	45.84881177
148	-32.14753677956452	46.015054591
149	-32.14753677956452	46.19860342
150	-32.14753677956452	46.354965036
151	-32.14753677956452	46.518322952
152	-32.14753677956452	46.683516614
153	-32.14753677956452	46.881823247
154	-32.14753677956452	47.135621605
155	-32.14753677956452	47.301980176
156	-32.14753677956452	47.553642866
157	-32.14753677956452	47.813390931
158	-32.14753677956452	48.06232267
159	-32.14753677956452	48.256641354
160	-32.14753677956452	48.466869068
161	-32.14753677956452	48.626878225
162	-32.14753677956452	48.88257733
163	-32.14753677956452	49.218520354
164	-32.14753677956452	49.507361796
165	-32.14753677956452	49.821700392
166	-32.14753677956452	49.990915358
167	-32.14753677956452	50.160710784
168	-32.14753677956452	50.324205262
169	-32.14753677956452	50.523102617
170	-32.14753677956452	50.690971066
171	-32.14753677956452	50.841468505
172	-32.14753677956452	51.046452984
173	-32.14753677956452	51.347041312
174	-32.14753677956452	51.60752664
175	-32.14753677956452	51.823907335
176	-32.14753677956452	52.068889613
177	-32.14753677956452	52.338767203
178	-32.14753677956452	52.589322289
179	-32.14753677956452	52.82377619
180	-32.14753677956452	53.04829158
181	-32.14753677956452	53.232243253
182	-32.14753677956452	53.382600708
183	-32.14753677956452	53.545294917
184	-32.14753677956452	53.696851494
185	-32.14753677956452	53.851802731
186	-32.14753677956452	54.015729132
187	-32.14753677956452	54.186733943
188	-32.14753677956452	54.430142481
189	-32.14753677956452	54.608879999
190	-32.14753677956452	54.855876209
191	-32.14753677956452	55.022036352
192	-32.14753677956452	55.189742865
193	-32.14753677956452	55.34162759
194	-32.14753677956452	55.516118861
195	-32.14753677956452	55.68860618
196	-32.14753677956452	55.84296869
197	-32.14753677956452	56.001783573
198	-32.14753677956452	56.16985102
199	-32.14753677956452	56.378206781
200	-32.14753677956452	56.54270965
201	-32.14753677956452	56.704341869
202	-32.14753677956452	56.903489256
203	-32.14753677956452	57.072395746
204	-32.14753677956452	57.229616361
205	-32.14753677956452	57.403407718
206	-32.14753677956452	57.57533596
207	-32.14753677956452	57.749392742
208	-32.14753677956452	57.924881001
209	-32.14753677956452	58.076081491
210	-32.14753677956452	58.25584308
211	-32.14753677956452	58.415113549
212	-32.14753677956452	58.583063251
213	-32.14753677956452	58.748384921
214	-32.14753677956452	58.910926603
215	-32.14753677956452	59.070983656
216	-32.14753677956452	59.23058826
217	-32.14753677956452	59.410690257
218	-32.14753677956452	59.565900932
219	-32.14753677956452	59.722055567
220	-32.14753677956452	59.892347348
221	-32.14753677956452	60.057025552
222	-32.14753677956452	60.319368292
223	-32.14753677956452	60.567606673
224	-32.14753677956452	60.804998221
225	-32.14753677956452	61.0878834
226	-32.14753677956452	61.30132103
227	-32.14753677956452	61.555281039
228	-32.14753677956452	61.79298648
229	-32.14753677956452	62.022461147
230	-32.14753677956452	62.206813952
231	-32.14753677956452	62.43236881
232	-32.14753677956452	62.740942443
233	-32.14753677956452	63.016947355
234	-32.14753677956452	63.306547443
235	-32.14753677956452	63.590904297
236	-32.14753677956452	63.875218385
237	-32.14753677956452	64.067617506
238	-32.14753677956452	64.298596065
239	-32.14753677956452	64.465975571
240	-32.14753677956452	64.710887145
241	-32.14753677956452	64.98049988
242	-32.14753677956452	65.179191395
243	-32.14753677956452	65.419281965
244	-32.14753677956452	65.665896713
245	-32.14753677956452	65.920975161
246	-32.14753677956452	66.145649066
247	-32.14753677956452	66.368085808
248	-32.14753677956452	66.622690138
249	-32.14753677956452	66.936598521
250	-32.14753677956452	67.214946938
251	-32.14753677956452	67.466575417
252	-32.14753677956452	67.719292684
253	-32.14753677956452	67.994049439
254	-32.14753677956452	68.260097595
255	-32.14753677956452	68.51413344
256	-32.14753677956452	68.822215849
257	-32.14753677956452	69.132031653
258	-32.14753677956452	69.434789005
259	-32.14753677956452	69.726799595
260	-32.14753677956452	70.026528353
261	-32.14753677956452	70.323205139
262	-32.14753677956452	70.661938985
263	-32.14753677956452	70.972657979
264	-32.14753677956452	71.22468645
265	-32.14753677956452	71.451622891
266	-32.14753677956452	71.668375924
267	-32.14753677956452	71.890850869
268	-32.14753677956452	72.090799666
269	-32.14753677956452	72.267694882
270	-32.14753677956452	72.545874521
271	-32.14753677956452	72.802556074
272	-32.14753677956452	73.067389998
273	-32.14753677956452	73.326042717
274	-32.14753677956452	73.522739688
275	-32.14753677956452	73.815740993
276	-32.14753677956452	74.123512075
277	-32.14753677956452	74.304879621
278	-32.14753677956452	74.605057978
279	-32.14753677956452	74.912828775
280	-32.14753677956452	75.185700463
281	-32.14753677956452	75.441740546
282	-32.14753677956452	75.689360834
283	-32.14753677956452	75.947831375
284	-32.14753677956452	76.230232173
285	-32.14753677956452	76.495649408
286	-32.14753677956452	76.76461497
287	-32.14753677956452	77.025337784
288	-32.14753677956452	77.329835944
289	-32.14753677956452	77.618406543
290	-32.14753677956452	77.869656982
291	-32.14753677956452	78.173073195
292	-32.14753677956452	78.436802081
293	-32.14753677956452	78.710153303
294	-32.14753677956452	78.962352833
295	-32.14753677956452	79.246115543
296	-32.14753677956452	79.536583468
297	-32.14753677956452	79.804088759
298	-32.14753677956452	80.126857413
299	-32.14753677956452	80.363438999
300	-32.14753677956452	80.633060856
301	-32.14753677956452	80.881687825
302	-32.14753677956452	81.165165437
303	-32.14753677956452	81.428055565
304	-32.14753677956452	81.661325169
305	-32.14753677956452	81.908185387
306	-32.14753677956452	82.078327776
307	-32.14753677956452	82.256221405
308	-32.14753677956452	82.412940819
309	-32.14753677956452	82.5792284
310	-32.14753677956452	82.74941498
311	-32.14753677956452	82.924025992
312	-32.14753677956452	83.07491487
313	-32.14753677956452	83.236166484
314	-32.14753677956452	83.391576158
315	-32.14753677956452	83.560584998
316	-32.14753677956452	83.729711869
317	-32.14753677956452	83.891133401
318	-32.14753677956452	84.061250132
319	-32.14753677956452	84.220770061
320	-32.14753677956452	84.386561858
321	-32.14753677956452	84.543869143
322	-32.14753677956452	84.711577652
323	-32.14753677956452	84.89936446
324	-32.14753677956452	85.069641131
325	-32.14753677956452	85.234385478
326	-32.14753677956452	85.463267142
327	-32.14753677956452	85.740271322
328	-32.14753677956452	85.985839762
329	-32.14753677956452	86.253640129
330	-32.14753677956452	86.524548919
331	-32.14753677956452	86.793392744
332	-32.14753677956452	87.069885745
333	-32.14753677956452	87.340372874
334	-32.14753677956452	87.635337362
335	-32.14753677956452	87.934785014
336	-32.14753677956452	88.182402166
337	-32.14753677956452	88.500008553
338	-32.14753677956452	88.810218078
339	-32.14753677956452	89.091378699
340	-32.14753677956452	89.345286535
341	-32.14753677956452	89.616306513
342	-32.14753677956452	89.896349551
343	-32.14753677956452	90.143834133
344	-32.14753677956452	90.376303183
345	-32.14753677956452	90.652751423
346	-32.14753677956452	90.911120184
347	-32.14753677956452	91.174584214
348	-32.14753677956452	91.470754666
349	-32.14753677956452	91.760378987
350	-32.14753677956452	92.007377477
351	-32.14753677956452	92.276754435
352	-32.14753677956452	92.534376241
353	-32.14753677956452	92.78162077
354	-32.14753677956452	93.034440673
355	-32.14753677956452	93.255116366
356	-32.14753677956452	93.532468936
357	-32.14753677956452	93.7432945
358	-32.14753677956452	93.937065226
359	-32.14753677956452	94.109243784
360	-32.14753677956452	94.298677603
361	-32.14753677956452	94.475067056
362	-32.14753677956452	94.648050159
363	-32.14753677956452	94.831291083
364	-32.14753677956452	95.001146949
365	-32.14753677956452	95.254608322
366	-32.14753677956452	95.47567631
367	-32.14753677956452	95.69665107
368	-32.14753677956452	95.890695776
369	-32.14753677956452	96.166656214
370	-32.14753677956452	96.441418385
371	-32.14753677956452	96.717956146
372	-32.14753677956452	96.980457115
373	-32.14753677956452	97.261671905
374	-32.14753677956452	97.549568533
375	-32.14753677956452	97.830805276
376	-32.14753677956452	98.058689953
377	-32.14753677956452	98.285134601
378	-32.14753677956452	98.552942951
379	-32.14753677956452	98.855467664
380	-32.14753677956452	99.094961239
381	-32.14753677956452	99.366433666
382	-32.14753677956452	99.676709048
383	-32.14753677956452	99.983906228
384	-32.14753677956452	100.256971498
385	-32.14753677956452	100.540638414
386	-32.14753677956452	100.832601963
387	-32.14753677956452	101.114786371
388	-32.14753677956452	101.383760486
389	-32.14753677956452	101.711292839
390	-32.14753677956452	101.941909038
391	-32.14753677956452	102.183108354
392	-32.14753677956452	102.447173085
393	-32.14753677956452	102.711157133
394	-32.14753677956452	102.945513815
395	-32.14753677956452	103.189615711
396	-32.14753677956452	103.483232257
397	-32.14753677956452	103.729297337
398	-32.14753677956452	104.021779478
399	-32.14753677956452	104.335341753
400	-32.14753677956452	104.612629321
401	-32.14753677956452	104.923803901
402	-32.14753677956452	105.172293738
403	-32.14753677956452	105.426251466
404	-32.14753677956452	105.685100902
405	-32.14753677956452	105.949153374
406	-32.14753677956452	106.184507614
407	-32.14753677956452	106.459921234
408	-32.14753677956452	106.748010873
409	-32.14753677956452	107.000177046
410	-32.14753677956452	107.286243346
411	-32.14753677956452	107.574494066
412	-32.14753677956452	107.869757907
413	-32.14753677956452	108.114547744
414	-32.14753677956452	108.368095216
415	-32.14753677956452	108.622207752
416	-32.14753677956452	108.874054331
417	-32.14753677956452	109.133283803
418	-32.14753677956452	109.378019186
419	-32.14753677956452	109.633288935
420	-32.14753677956452	109.901372404
421	-32.14753677956452	110.148888632
422	-32.14753677956452	110.397328007
423	-32.14753677956452	110.650580118
424	-32.14753677956452	110.868873533
425	-32.14753677956452	111.154852308
426	-32.14753677956452	111.334569138
427	-32.14753677956452	111.64290842
428	-32.14753677956452	111.899553195
429	-32.14753677956452	112.179546341
430	-32.14753677956452	112.424246088
431	-32.14753677956452	112.667936018
432	-32.14753677956452	112.843220716
433	-32.14753677956452	113.005961966
434	-32.14753677956452	113.187872338
435	-32.14753677956452	113.438934328
436	-32.14753677956452	113.686261821
437	-32.14753677956452	113.964954636
438	-32.14753677956452	114.267233879
439	-32.14753677956452	114.583975279
440	-32.14753677956452	114.85485898
441	-32.14753677956452	115.139284827
442	-32.14753677956452	115.441588588
443	-32.14753677956452	115.861356929
444	-32.14753677956452	116.153653187
445	-32.14753677956452	116.860394439
446	-32.14753677956452	117.14352081
447	-32.14753677956452	117.398193849
448	-32.14753677956452	117.63696299
449	-32.14753677956452	117.904582891
450	-32.14753677956452	118.142404652
451	-32.14753677956452	118.394335905
452	-32.14753677956452	118.681696834
453	-32.14753677956452	118.949163067
454	-32.14753677956452	119.257992148
455	-32.14753677956452	119.53205811
456	-32.14753677956452	119.810055857
457	-32.14753677956452	120.077847672
458	-32.14753677956452	120.314118216
459	-32.14753677956452	120.591740489
460	-32.14753677956452	120.877845277
461	-32.14753677956452	121.147870833
462	-32.14753677956452	121.422656097
463	-32.14753677956452	121.720359805
464	-32.14753677956452	122.055841256
465	-32.14753677956452	122.37808761
466	-32.14753677956452	122.601487413
467	-32.14753677956452	122.86682368
468	-32.14753677956452	123.118169342
469	-32.14753677956452	123.359467871
470	-32.14753677956452	123.635307427
471	-32.14753677956452	123.901056231
472	-32.14753677956452	124.184790716
473	-32.14753677956452	124.447103521
474	-32.14753677956452	124.714100483
475	-32.14753677956452	124.958699589
476	-32.14753677956452	125.200116434
477	-32.14753677956452	125.430280183
478	-32.14753677956452	125.678101181
479	-32.14753677956452	125.892738787
480	-32.14753677956452	126.157560738
481	-32.14753677956452	126.409372534
482	-32.14753677956452	126.658286882
483	-32.14753677956452	126.957644442
484	-32.14753677956452	127.220612972
485	-32.14753677956452	127.494885916
486	-32.14753677956452	127.758933256
487	-32.14753677956452	128.04269625
488	-32.14753677956452	128.270113367
489	-32.14753677956452	128.554831724
490	-32.14753677956452	128.796677642
491	-32.14753677956452	129.040598786
492	-32.14753677956452	129.244463116
493	-32.14753677956452	129.491421407
494	-32.14753677956452	129.733292128
495	-32.14753677956452	130.04289924
496	-32.14753677956452	130.317778017
497	-32.14753677956452	130.585436976
498	-32.14753677956452	130.835581235
499	-32.14753677956452	131.097498039
500	-32.14753677956452	131.348471648
501	-32.14753677956452	131.599951876
502	-32.14753677956452	131.852694517
503	-32.14753677956452	132.109997868
504	-32.14753677956452	132.348965438
505	-32.14753677956452	132.596213673
506	-32.14753677956452	132.846270123
507	-32.14753677956452	133.070565418
508	-32.14753677956452	133.2970534
509	-32.14753677956452	133.538069113
510	-32.14753677956452	133.761000785
511	-32.14753677956452	134.012111811
512	-32.14753677956452	134.263497672
513	-32.14753677956452	134.511435844
514	-32.14753677956452	134.78032386
515	-32.14753677956452	135.071541878
516	-32.14753677956452	135.347495188
517	-32.14753677956452	135.577492725
518	-32.14753677956452	135.832909869
519	-32.14753677956452	136.196428409
520	-32.14753677956452	136.446941015
521	-32.14753677956452	136.730989393
522	-32.14753677956452	137.006301233
523	-32.14753677956452	137.192833325
524	-32.14753677956452	137.480782697
525	-32.14753677956452	137.658370416
526	-32.14753677956452	137.929362168
527	-32.14753677956452	138.113502576
528	-32.14753677956452	138.273179024
529	-32.14753677956452	138.443288342
530	-32.14753677956452	138.596327998
531	-32.14753677956452	138.759725543
532	-32.14753677956452	138.929863085
533	-32.14753677956452	139.098610776
534	-32.14753677956452	139.259575581
535	-32.14753677956452	139.418760521
536	-32.14753677956452	139.569471783
537	-32.14753677956452	139.750041055
538	-32.14753677956452	139.916769397
539	-32.14753677956452	140.078764831
540	-32.14753677956452	140.23611203
541	-32.14753677956452	140.398126566
542	-32.14753677956452	140.550764234
543	-32.14753677956452	140.709410053
544	-32.14753677956452	140.877918547
545	-32.14753677956452	141.043224537
546	-32.14753677956452	141.21235939
547	-32.14753677956452	141.36749423
548	-32.14753677956452	141.533160869
549	-32.14753677956452	141.718940588
550	-32.14753677956452	141.872002482
551	-32.14753677956452	142.029578615
552	-32.14753677956452	142.188159147
553	-32.14753677956452	142.355371586
554	-32.14753677956452	142.506590037
555	-32.14753677956452	142.673689007
556	-32.14753677956452	142.83485224
557	-32.14753677956452	143.001859979
558	-32.14753677956452	143.164981264
559	-32.14753677956452	143.333369731
560	-32.14753677956452	143.515891923
561	-32.14753677956452	143.726571517
562	-32.14753677956452	143.880762968
563	-32.14753677956452	144.104797969
564	-32.14753677956452	144.351220846
565	-32.14753677956452	144.585737754
566	-32.14753677956452	144.83457541
567	-32.14753677956452	144.99696713
568	-32.14753677956452	145.157191821
569	-32.14753677956452	145.305071492
570	-32.14753677956452	145.462885681
571	-32.14753677956452	145.621557444
572	-32.14753677956452	145.786979184
573	-32.14753677956452	145.973577419
574	-32.14753677956452	146.138554977
575	-32.14753677956452	146.294809681
576	-32.14753677956452	146.444555031
577	-32.14753677956452	146.603176047
578	-32.14753677956452	146.803364326
579	-32.14753677956452	146.977078991
580	-32.14753677956452	147.145352849
581	-32.14753677956452	147.318002103
582	-32.14753677956452	147.481893723
583	-32.14753677956452	147.68146448
584	-32.14753677956452	147.847482644
585	-32.14753677956452	148.013178077
586	-32.14753677956452	148.171696173
587	-32.14753677956452	148.344084563
588	-32.14753677956452	148.508942094
589	-32.14753677956452	148.671749486
590	-32.14753677956452	148.835476319
591	-32.14753677956452	148.995239152
592	-32.14753677956452	149.179826308
593	-32.14753677956452	149.342869191
594	-32.14753677956452	149.512871027
595	-32.14753677956452	149.679822316
596	-32.14753677956452	149.845360376
597	-32.14753677956452	150.001151511
598	-32.14753677956452	150.153768081
599	-32.14753677956452	150.321546154
600	-32.14753677956452	150.476097684
601	-32.14753677956452	150.642071658
602	-32.14753677956452	150.984644632
603	-32.14753677956452	151.177597698
604	-32.14753677956452	151.348442568
605	-32.14753677956452	151.55024222
606	-32.14753677956452	151.712375071
607	-32.14753677956452	151.867349686
608	-32.14753677956452	152.021096669
609	-32.14753677956452	152.191611681
610	-32.14753677956452	152.343896968
611	-32.14753677956452	152.520781921
612	-32.14753677956452	152.680888012
613	-32.14753677956452	152.850147168
614	-32.14753677956452	153.017225326
615	-32.14753677956452	153.172025461
616	-32.14753677956452	153.380702527
617	-32.14753677956452	153.567291925
618	-32.14753677956452	153.744794684
619	-32.14753677956452	153.918259604
620	-32.14753677956452	154.109486688
621	-32.14753677956452	154.337705784
622	-32.14753677956452	154.493507183
623	-32.14753677956452	154.650879185
624	-32.14753677956452	154.814988619
625	-32.14753677956452	154.992223102
626	-32.14753677956551	155.16215794
627	-32.14753677956551	155.30929208
628	-32.14753677956551	155.459964854
629	-32.14753677956551	155.629817584
630	-32.14753677956551	155.780257147
631	-32.14753677956551	155.937316683
632	-32.14753677956551	156.106716392
633	-32.14753677956551	156.264059885
634	-32.14753677956551	156.435254855
635	-32.14753677956551	156.608217717
636	-32.14753677956551	156.778046499
637	-32.14753677956551	156.965324693
638	-32.14753677956551	157.135704854
639	-32.14753677956551	157.305555303
640	-32.14753677956551	157.468597616
641	-32.14753677956551	157.626505317
642	-32.14753677956551	157.785440511
643	-32.14753677956551	157.951404506
644	-32.14753677956551	158.102911191
645	-32.14753677956551	158.268301855
646	-32.14753677956551	158.450749067
647	-32.14753677956551	158.619529258
648	-32.14753677956551	158.790268072
649	-32.14753677956551	158.982229283
650	-32.14753677956551	159.154981743
651	-32.14753677956551	159.316006704
652	-32.14753677956551	159.472047299
653	-32.14753677956551	159.633140969
654	-32.14753677956551	159.806339037
655	-32.14753677956551	159.991654902
656	-32.14753677956551	160.187115974
657	-32.14753677956551	160.395119924
658	-32.14753677956551	160.565766651
659	-32.14753677956551	160.732692282
660	-32.14753677956551	160.88530144
661	-32.14753677956551	161.048360004
662	-32.14753677956551	161.209508412
663	-32.14753677956551	161.383260995
664	-32.14753677956551	161.55362348
665	-32.14753677956551	161.74854144
666	-32.14753677956551	161.920883359
667	-32.14753677956551	162.098408641
668	-32.14753677956551	162.254877454
669	-32.14753677956551	162.425224258
670	-32.14753677956551	162.674138321
671	-32.14753677956551	162.824819363
672	-32.14753677956551	163.017814338
673	-32.14753677956551	163.186418624
674	-32.14753677956551	163.370338081
675	-32.14753677956551	163.522966626
676	-32.14753677956551	163.685132263
677	-32.14753677956551	163.869202251
678	-32.14753677956551	164.052434622
679	-32.14753677956551	164.224404203
680	-32.14753677956551	164.38687404
681	-32.14753677956551	164.544787158
682	-32.14753677956551	164.723282628
683	-32.14753677956551	164.944017907
684	-32.14753677956551	165.096108187
685	-32.14753677956551	165.264563367
686	-32.14753677956551	165.439996317
687	-32.14753677956551	165.592971256
688	-32.14753677956551	165.759653128
689	-32.14753677956551	165.917760112
690	-32.14753677956551	166.081456725
691	-32.14753677956551	166.238039862
692	-32.14753677956551	166.408005775
693	-32.14753677956551	166.590949912
694	-32.14753677956551	166.761285883
695	-32.14753677956551	166.921050711
696	-32.14753677956551	167.071521351
697	-32.14753677956551	167.237679498
698	-32.14753677956551	167.395615709
699	-32.14753677956551	167.555317246
700	-32.14753677956551	167.708376574
701	-32.14753677956551	167.86382103
702	-32.14753677956551	168.079370379
703	-32.14753677956551	168.230327681
704	-32.14753677956551	168.396266017
705	-32.14753677956551	168.549918919
706	-32.14753677956551	168.706242616
707	-32.14753677956551	168.863553893
708	-32.14753677956551	169.017487616
709	-32.14753677956551	169.168562663
710	-32.14753677956551	169.336906655
711	-32.14753677956551	169.490650503
712	-32.14753677956551	169.654754805
713	-32.14753677956551	169.808929435
714	-32.14753677956551	169.971927558
715	-32.14753677956551	170.12205494
716	-32.14753677956551	170.270521627
717	-32.14753677956551	170.421123126
718	-32.14753677956551	170.614790077
719	-32.14753677956551	170.788462263
720	-32.14753677956551	170.97935065
721	-32.14753677956551	171.148397694
722	-32.14753677956551	171.32224664
723	-32.14753677956551	171.559535268
724	-32.14753677956551	171.714444596
725	-32.14753677956551	171.865175815
726	-32.14753677956551	172.024282352
727	-32.14753677956551	172.177511313
728	-32.14753677956551	172.340200675
729	-32.14753677956551	172.509559045
730	-32.14753677956551	172.671463818
731	-32.14753677956551	172.823042918
732	-32.14753677956551	172.980738506
733	-32.14753677956551	173.130474164
734	-32.14753677956551	173.292854195
735	-32.14753677956551	173.439955833
736	-32.14753677956551	173.597549642
737	-32.14753677956551	173.755368107
738	-32.14753677956551	173.916878875
739	-32.14753677956551	174.088767488
740	-32.14753677956551	174.250691648
741	-32.14753677956551	174.404737699
742	-32.14753677956551	174.557700379
743	-32.14753677956551	174.711654628
744	-32.14753677956551	174.867136432
745	-32.14753677956551	175.019049952
746	-32.14753677956551	175.168669859
747	-32.14753677956551	175.319823308
748	-32.14753677956551	175.474647962
749	-32.14753677956551	175.654560653
750	-32.14753677956551	175.810689059
751	-32.14753677956551	176.006735722
752	-32.14753677956551	176.163059419
753	-32.14753677956551	176.320040268
754	-32.14753677956551	176.489779244
755	-32.14753677956551	176.645225695
756	-32.14753677956551	176.805337773
757	-32.14753677956551	176.979275099
758	-32.14753677956551	177.144183663
759	-32.14753677956551	177.30309833
760	-32.14753677956551	177.460604898
761	-32.14753677956551	177.61303359
762	-32.14753677956551	177.771584757
763	-32.14753677956551	177.94109822
764	-32.14753677956551	178.098442853
765	-32.14753677956551	178.251610518
766	-32.14753677956551	178.39936275
767	-32.14753677956551	178.562738912
768	-32.14753677956551	178.734853608
769	-32.14753677956551	178.88680305
770	-32.14753677956551	179.037621509
771	-32.14753677956551	179.191015257
772	-32.14753677956551	179.345806554
773	-32.14753677956551	179.498360688
774	-32.14753677956551	179.648159637
775	-32.14753677956551	179.804419188
776	-32.14753677956551	179.959443125
777	-32.14753677956551	180.118929413
778	-32.14753677956551	180.267405793
779	-32.14753677956551	180.426313047
780	-32.14753677956551	180.585641391
781	-32.14753677956551	180.747202336
782	-32.14753677956551	180.912603548
783	-32.14753677956551	181.078549297
784	-32.14753677956551	181.231876617
785	-32.14753677956551	181.399233315
786	-32.14753677956551	181.60483161
787	-32.14753677956551	181.80704893
788	-32.14753677956551	181.973742776
789	-32.14753677956551	182.1332322
790	-32.14753677956551	182.290081903
791	-32.14753677956551	182.45797316
792	-32.14753677956551	182.63041914
793	-32.14753677956551	182.786562086
794	-32.14753677956551	182.958608643
795	-32.14753677956551	183.124938705
796	-32.14753677956551	183.296692467
797	-32.14753677956551	183.455569501
798	-32.14753677956551	183.618165636
799	-32.14753677956551	183.783089309
800	-32.14753677956551	183.951091469
801	-32.14753677956551	184.109965367
802	-32.14753677956551	184.268502279
803	-32.14753677956551	184.441588588
804	-32.14753677956551	184.62888845
805	-32.14753677956551	184.791544455
806	-32.14753677956551	184.960781659
807	-32.14753677956551	185.131241647
808	-32.14753677956551	185.28397967
809	-32.14753677956551	185.463277975
810	-32.14753677956551	185.633980867
811	-32.14753677956551	185.80280867
812	-32.14753677956551	185.98366304
813	-32.14753677956551	186.145956401
814	-32.14753677956551	186.298300989
815	-32.14753677956551	186.457757911
816	-32.14753677956551	186.614169704
817	-32.14753677956551	186.771006863
818	-32.14753677956551	186.945775535
819	-32.14753677956551	187.150660515
820	-32.14753677956551	187.384754052
821	-32.14753677956551	187.559761921
822	-32.14753677956551	187.727443061
823	-32.14753677956551	187.905965615
824	-32.14753677956551	188.080429518
825	-32.14753677956551	188.308290531
826	-32.14753677956551	188.464363343
827	-32.14753677956551	188.625023949
828	-32.14753677956551	188.780003695
829	-32.14753677956551	188.965493471
830	-32.14753677956551	189.15527853
831	-32.14753677956551	189.316198004
832	-32.14753677956551	189.468641236
833	-32.14753677956551	189.628091316
834	-32.14753677956551	189.785531742
835	-32.14753677956551	189.943389551
836	-32.14753677956551	190.105285201
837	-32.14753677956551	190.262324494
838	-32.14753677956551	190.44278828
839	-32.14753677956551	190.593068474
840	-32.14753677956551	190.743619796
841	-32.14753677956551	190.898236043
842	-32.14753677956551	191.047327665
843	-32.14753677956551	191.213660862
844	-32.14753677956551	191.367474273
845	-32.14753677956551	191.520081151
846	-32.14753677956551	191.679096457
847	-32.14753677956551	191.841434008
848	-32.14753677956551	192.002098891
849	-32.14753677956551	192.168710914
850	-32.14753677956551	192.332529548
851	-32.14753677956551	192.513150993
852	-32.14753677956551	192.678904016
853	-32.14753677956551	192.876075675
854	-32.14753677956551	193.0501125
855	-32.14753677956551	193.210250522
856	-32.14753677956551	193.375996417
857	-32.14753677956551	193.558735284
858	-32.14753677956551	193.728540117
859	-32.14753677956551	193.911856877
860	-32.14753677956551	194.070390368
861	-32.14753677956551	194.231890872
862	-32.14753677956551	194.388116211
863	-32.14753677956551	194.569805062
864	-32.14753677956551	194.826426744
865	-32.14753677956551	195.060555348
866	-32.14753677956551	195.28076063
867	-32.14753677956551	195.525177274
868	-32.14753677956551	195.680647104
869	-32.14753677956551	195.892168877
870	-32.14753677956551	196.13769056
871	-32.14753677956551	196.310388566
872	-32.14753677956551	196.490022717
873	-32.14753677956551	196.665809473
874	-32.14753677956551	196.822185059
875	-32.14753677956551	196.992305495
876	-32.14753677956551	197.153294819
877	-32.14753677956551	197.327790367
878	-32.14753677956551	197.542571663
879	-32.14753677956551	197.72789323
880	-32.14753677956551	197.888686977
881	-32.14753677956551	198.071237964
882	-32.14753677956551	198.246107275
883	-32.14753677956551	198.404181188
884	-32.14753677956551	198.612526971
885	-32.14753677956551	198.781971441
886	-32.14753677956551	198.942704176
887	-32.14753677956551	199.142184272
888	-32.14753677956551	199.315882116
889	-32.14753677956551	199.509894891
890	-32.14753677956551	199.689068039
891	-32.14753677956551	199.879943027
892	-32.14753677956551	200.068470519
893	-32.14753677956551	200.234988175
894	-32.14753677956551	200.401410608
895	-32.14753677956551	200.575848851
896	-32.14753677956551	200.76047592
897	-32.14753677956551	200.941416674
898	-32.14753677956551	201.129805324
899	-32.14753677956551	201.318696317
900	-32.14753677956551	201.531239024
901	-32.14753677956551	201.707724555
902	-32.14753677956551	201.872054655
903	-32.14753677956551	202.044516885
904	-32.14753677956551	202.214526704
905	-32.14753677956551	202.385544058
906	-32.14753677956551	202.567212097
907	-32.14753677956551	202.754264779
908	-32.14753677956551	202.935344946
909	-32.14753677956551	203.092774538
910	-32.14753677956551	203.261034142
911	-32.14753677956551	203.421006236
912	-32.14753677956551	203.599276764
913	-32.14753677956551	203.781636166
914	-32.14753677956551	203.932573795
915	-32.14753677956551	204.08977873
916	-32.14753677956551	204.265442324
917	-32.14753677956551	204.46965932
918	-32.14753677956551	204.648516294
919	-32.14753677956551	204.832632753
920	-32.14753677956551	205.028036805
921	-32.14753677956551	205.197941993
922	-32.14753677956551	205.431648083
923	-32.14753677956551	205.58203861
924	-32.14753677956551	205.743593282
925	-32.14753677956551	205.915573982
926	-32.14753677956551	206.077401494
927	-32.14753677956551	206.242907337
928	-32.14753677956551	206.399707148
929	-32.14753677956551	206.562505417
930	-32.14753677956551	206.725088438
931	-32.14753677956551	206.884754908
932	-32.14753677956551	207.050602013
933	-32.14753677956551	207.221150097
934	-32.14753677956551	207.409191212
935	-32.14753677956551	207.574595846
936	-32.14753677956551	207.732415452
937	-32.14753677956551	207.890996839
938	-32.14753677956551	208.066802127
939	-32.14753677956551	208.233264758
940	-32.14753677956551	208.383391855
941	-32.14753677956551	208.558162807
942	-32.14753677956551	208.715219492
943	-32.14753677956551	208.87499943
944	-32.14753677956551	209.063642387
945	-32.14753677956551	209.215934517
946	-32.14753677956551	209.396020833
947	-32.14753677956551	209.564920481
948	-32.14753677956551	209.719772789
949	-32.14753677956551	209.884126837
950	-32.14753677956551	210.036320323
951	-32.14753677956551	210.199238618
952	-32.14753677956551	210.35646408
953	-32.14753677956551	210.575052002
954	-32.14753677956551	210.727057609
955	-32.14753677956551	210.889459307
956	-32.14753677956551	211.054069943
957	-32.14753677956551	211.216671495
958	-32.14753677956551	211.3813363
959	-32.14753677956551	211.545441742
960	-32.14753677956551	211.710664199
961	-32.14753677956551	211.860178335
962	-32.14753677956551	212.024507009
963	-32.14753677956551	212.193677785
964	-32.14753677956551	212.356064944
965	-32.14753677956551	212.506712059
966	-32.14753677956551	212.660677712
967	-32.14753677956551	212.817669394
968	-32.14753677956551	212.976935016
969	-32.14753677956551	213.162569336
970	-32.14753677956551	213.324902896
971	-32.14753677956551	213.492647898
972	-32.14753677956551	213.66409575
973	-32.14753677956551	213.820908961
974	-32.14753677956551	213.979795403
975	-32.14753677956551	214.144849081
976	-32.14753677956551	214.312713824
977	-32.14753677956551	214.462903927
978	-32.14753677956551	214.631659315
979	-32.14753677956551	214.813559709
980	-32.14753677956551	214.990316083
981	-32.14753677956551	215.149022913
982	-32.14753677956551	215.301010558
983	-32.14753677956551	215.459280334
984	-32.14753677956551	215.625476684
985	-32.14753677956551	215.791667903
986	-32.14753677956551	215.954965093
987	-32.14753677956551	216.127424472
988	-32.14753677956551	216.279736274
989	-32.14753677956551	216.482385232
990	-32.14753677956551	216.632624657
991	-32.14753677956551	216.794659149
992	-32.14753677956551	216.955682684
993	-32.14753677956551	217.108914496
994	-32.14753677956551	217.276497277
995	-32.14753677956551	217.440118054
996	-32.14753677956551	217.618534837
997	-32.14753677956551	217.777264761
998	-32.14753677956551	217.94656269
999	-32.14753677956551	218.113047844
1000	-32.14753677956551	218.274216495
1001	-32.14753677956551	218.437414186
1002	-32.14753677956551	218.587451192
1003	-32.14753677956551	218.745213778
1004	-32.14753677956551	219.121900702
1005	-32.14753677956551	219.326001663
1006	-32.14753677956551	219.549740733
1007	-32.14753677956551	219.857787219
1008	-32.14753677956551	220.130610155
1009	-32.14753677956551	220.372667045
1010	-32.14753677956551	220.598708849
1011	-32.14753677956551	220.825550924
1012	-32.14753677956551	221.043819821
1013	-32.14753677956551	221.251200833
1014	-32.14753677956551	221.475776094
1015	-32.14753677956551	221.701960162
1016	-32.14753677956551	222.008660417
1017	-32.14753677956551	222.283013473
1018	-32.14753677956551	222.615578658
1019	-32.14753677956551	222.842370555
1020	-32.14753677956551	223.091904705
1021	-32.14753677956551	223.388949267
1022	-32.14753677956551	223.602871563
1023	-32.14753677956551	223.809412961
1024	-32.14753677956551	224.047350187
1025	-32.14753677956551	224.264520603
1026	-32.14753677956551	224.490562692
1027	-32.14753677956551	224.71659794
1028	-32.14753677956551	224.980595102
1029	-32.14753677956551	225.203567544
1030	-32.14753677956551	225.432279859
1031	-32.14753677956551	225.657419044
1032	-32.14753677956551	225.878681469
1033	-32.14753677956551	226.092820154
1034	-32.14753677956551	226.321109955
1035	-32.14753677956551	226.534294703
1036	-32.14753677956551	226.749681261
1037	-32.14753677956551	226.957944936
1038	-32.14753677956551	227.161758803
1039	-32.14753677956551	227.372617723
1040	-32.14753677956551	227.573481113
1041	-32.14753677956551	227.784048948
1042	-32.14753677956551	228.009418492
1043	-32.14753677956551	228.215795104
1044	-32.14753677956551	228.411168651
1045	-32.14753677956551	228.598980548
1046	-32.14753677956551	228.798687011
1047	-32.14753677956551	228.988186972
1048	-32.14753677956551	229.174400896
1049	-32.14753677956551	229.407482906
1050	-32.14753677956551	229.612648422
1051	-32.14753677956551	229.866011151
1052	-32.14753677956551	230.027180657
1053	-32.14753677956551	230.203337185
1054	-32.14753677956551	230.375228364
1055	-32.14753677956551	230.539591535
1056	-32.14753677956551	230.711991899
1057	-32.14753677956551	230.878974549
1058	-32.14753677956551	231.040224167
1059	-32.14753677956551	231.200860825
1060	-32.14753677956551	231.36114054
1061	-32.14753677956551	231.527888555
1062	-32.14753677956551	231.68209255
1063	-32.14753677956551	231.850441674
1064	-32.14753677956551	232.025933354
1065	-32.14753677956551	232.184249315
1066	-32.14753677956551	232.34766254
1067	-32.14753677956551	232.515235913
1068	-32.14753677956551	232.679034876
1069	-32.14753677956551	232.830445198
1070	-32.14753677956551	233.011377684
1071	-32.14753677956551	233.238416191
1072	-32.14753677956551	233.406719984
1073	-32.14753677956551	233.553299038
1074	-32.14753677956551	233.749571499
1075	-32.14753677956551	233.926738983
1076	-32.14753677956551	234.109950257
1077	-32.14753677956551	234.29474867
1078	-32.14753677956551	234.472230332
1079	-32.14753677956551	234.715992677
1080	-32.14753677956551	234.882025951
1081	-32.14753677956551	235.047709411
1082	-32.14753677956551	235.214015809
1083	-32.14753677956551	235.377218062
1084	-32.14753677956551	235.532651114
1085	-32.14753677956551	235.690492957
1086	-32.14753677956551	235.857465059
1087	-32.14753677956551	236.012954846
1088	-32.14753677956551	236.170568611
1089	-32.14753677956551	236.326157897
1090	-32.14753677956551	236.479506029
1091	-32.14753677956551	236.636636268
1092	-32.14753677956551	236.790362155
1093	-32.14753677956551	236.943715988
1094	-32.14753677956551	237.099115969
1095	-32.14753677956551	237.253254107
1096	-32.14753677956551	237.401931766
1097	-32.14753677956551	237.554962299
1098	-32.14753677956551	237.714422358
1099	-32.14753677956551	237.859429383
1100	-32.14753677956551	238.023963898
1101	-32.14753677956551	238.197576498
1102	-32.14753677956551	238.35637399
1103	-32.14753677956551	238.519491283
1104	-32.14753677956551	238.676148546
1105	-32.14753677956551	238.912028506
1106	-32.14753677956551	239.087464021
1107	-32.14753677956551	239.25996474
1108	-32.14753677956551	239.420145241
1109	-32.14753677956551	239.635317121
1110	-32.14753677956551	239.795126139
1111	-32.14753677956551	239.958328392
1112	-32.14753677956551	240.117337141
1113	-32.14753677956551	240.271133447
1114	-32.14753677956551	240.438326214
1115	-32.14753677956551	240.600726202
1116	-32.14753677956551	240.800179783
1117	-32.14753677956551	240.95526131
1118	-32.14753677956551	241.122459209
1119	-32.14753677956551	241.289749479
1120	-32.14753677956551	241.447296247
1121	-32.14753677956551	241.596004412
1122	-32.14753677956551	241.752673933
1123	-32.14753677956551	241.905999257
1124	-32.14753677956551	242.064763392
1125	-32.14753677956551	242.223564875
1126	-32.14753677956551	242.37843828
1127	-32.14753677956551	242.530180456
1128	-32.14753677956551	242.688380668
1129	-32.147536779574395	242.851653055
1130	-32.147536779574395	242.989568841
1131	-32.147536779574395	243.131416697
1132	-32.147536779574395	243.28239139
1133	-32.147536779574395	243.431337326
1134	-32.147536779574395	243.579015717
1135	-32.147536779574395	243.726067179
1136	-32.147536779574395	243.876010387
1137	-32.147536779574395	244.033902408
1138	-32.147536779574395	244.191613392
1139	-32.147536779574395	244.340539942
1140	-32.147536779574395	244.489794639
1141	-32.147536779574395	244.661990303
1142	-32.147536779574395	244.821355139
1143	-32.147536779574395	244.973833152
1144	-32.147536779574395	245.125870689
1145	-32.147536779574395	245.274647848
1146	-32.147536779574395	245.422091604
1147	-32.147536779574395	245.583977845
1148	-32.147536779574395	245.73248131
1149	-32.147536779574395	245.884872368
1150	-32.147536779574395	246.035977635
1151	-32.147536779574395	246.193100462
1152	-32.147536779574395	246.336737877
1153	-32.147536779574395	246.53196973
1154	-32.147536779574395	246.685432471
1155	-32.147536779574395	246.849822727
1156	-32.147536779574395	247.001651287
1157	-32.147536779574395	247.158812317
1158	-32.147536779574395	247.307419272
1159	-32.147536779574395	247.458904575
1160	-32.147536779574395	247.621320528
1161	-32.147536779574395	247.769490428
1162	-32.147536779574395	247.921801089
1163	-32.147536779574395	248.080173785
1164	-32.147536779574395	248.247421576
1165	-32.147536779574395	248.405606677
1166	-32.147536779574395	248.580974339
1167	-32.147536779574395	248.749798151
1168	-32.147536779574395	248.920047167
1169	-32.147536779574395	249.0915107
1170	-32.147536779574395	249.246120104
1171	-32.147536779574395	249.397970902
1172	-32.147536779574395	249.548783089
1173	-32.147536779574395	249.712813266
1174	-32.147536779574395	249.867037218
1175	-32.147536779574395	250.03603551
1176	-32.147536779574395	250.190869857
1177	-32.147536779574395	250.33451611
1178	-32.147536779574395	250.484026825
1179	-32.147536779574395	250.636238557
1180	-32.147536779574395	250.801726439
1181	-32.147536779574395	250.952081329
1182	-32.147536779574395	251.109480415
1183	-32.147536779574395	251.278111786
1184	-32.147536779574395	251.430085747
1185	-32.147536779574395	251.587396738
1186	-32.147536779574395	251.749097096
1187	-32.147536779574395	251.913419498
1188	-32.147536779574395	252.07624086
1189	-32.147536779574395	252.261131645
1190	-32.147536779574395	252.432740007
1191	-32.147536779574395	252.612997097
1192	-32.147536779574395	252.784450651
1193	-32.147536779574395	252.952932346
1194	-32.147536779574395	253.143370279
1195	-32.147536779574395	253.370346919
1196	-32.147536779574395	253.512615864
1197	-32.147536779574395	253.661390742
1198	-32.147536779574395	253.817959339
1199	-32.147536779574395	253.971235911
1200	-32.147536779574395	254.12444349
1201	-32.147536779574395	254.291022156
1202	-32.147536779574395	254.447046786
1203	-32.147536779574395	254.617920736
1204	-32.147536779574395	254.765217382
1205	-32.147536779574395	254.924275453
1206	-32.147536779574395	255.073069147
1207	-32.147536779574395	255.220637776
1208	-32.147536779574395	255.391762897
1209	-32.147536779574395	255.547783251
1210	-32.147536779574395	255.699017097
1211	-32.147536779574395	255.857547737
1212	-32.147536779574395	256.017061109
1213	-32.147536779574395	256.183561944
1214	-32.147536779574395	256.340228045
1215	-32.147536779574395	256.488733505
1216	-32.147536779574395	256.641311872
1217	-32.147536779574395	256.803028766
1218	-32.147536779574395	256.955921881
1219	-32.147536779574395	257.115154717
1220	-32.147536779574395	257.266410516
1221	-32.147536779574395	257.418226532
1222	-32.147536779574395	257.577211048
1223	-32.147536779574395	257.728428359
1224	-32.147536779574395	257.876313446
1225	-32.147536779574395	258.037980732
1226	-32.147536779574395	258.211874724
1227	-32.147536779574395	258.378048552
1228	-32.147536779574395	258.535523189
1229	-32.147536779574395	258.69149251
1230	-32.147536779574395	258.848719683
1231	-32.147536779574395	259.014680543
1232	-32.147536779574395	259.187944183
1233	-32.147536779574395	259.375908322
1234	-32.147536779574395	259.543811553
1235	-32.147536779574395	259.713206701
1236	-32.147536779574395	259.886281321
1237	-32.147536779574395	260.049619281
1238	-32.147536779574395	260.211454205
1239	-32.147536779574395	260.375245185
1240	-32.147536779574395	260.537090942
1241	-32.147536779574395	260.711259198
1242	-32.147536779574395	260.891973585
1243	-32.147536779574395	261.042233252
1244	-32.147536779574395	261.206120309
1245	-32.147536779574395	261.361870676
1246	-32.147536779574395	261.524370448
1247	-32.147536779574395	261.68073577
1248	-32.147536779574395	261.858939585
1249	-32.147536779574395	262.014855878
1250	-32.147536779574395	262.186268663
1251	-32.147536779574395	262.341139217
1252	-32.147536779574395	262.497621429
1253	-32.147536779574395	262.648606956
1254	-32.147536779574395	262.816201426
1255	-32.147536779574395	262.984378635
1256	-32.147536779574395	263.137221574
1257	-32.147536779574395	263.294982735
1258	-32.147536779574395	263.457749073
1259	-32.147536779574395	263.627684767
1260	-32.147536779574395	263.797672348
1261	-32.147536779574395	263.99779819
1262	-32.147536779574395	264.155245458
1263	-32.147536779574395	264.327311688
1264	-32.147536779574395	264.504439259
1265	-32.147536779574395	264.720853595
1266	-32.147536779574395	264.902608303
1267	-32.147536779574395	265.089775024
1268	-32.147536779574395	265.269545737
1269	-32.147536779574395	265.438618439
1270	-32.147536779574395	265.613016199
1271	-32.147536779574395	265.796123982
1272	-32.147536779574395	265.971338831
1273	-32.147536779574395	266.166304403
1274	-32.147536779574395	266.355568303
1275	-32.147536779574395	266.532853818
1276	-32.147536779574395	266.704499243
1277	-32.147536779574395	266.871765281
1278	-32.147536779574395	267.04641079
1279	-32.147536779574395	267.213645752
1280	-32.147536779574395	267.383938958
1281	-32.147536779574395	267.551518317
1282	-32.147536779574395	267.762015448
1283	-32.147536779574395	267.929562022
1284	-32.147536779574395	268.114443398
1285	-32.147536779574395	268.277159845
1286	-32.147536779574395	268.452532639
1287	-32.147536779574395	268.626098482
1288	-32.147536779574395	268.797919813
1289	-32.147536779574395	268.998770944
1290	-32.147536779574395	269.175169805
1291	-32.147536779574395	269.340777143
1292	-32.147536779574395	269.514780042
1293	-32.147536779574395	269.668110213
1294	-32.147536779574395	269.821718068
1295	-32.147536779574395	269.982258648
1296	-32.147536779574395	270.141726975
1297	-32.147536779574395	270.348186835
1298	-32.147536779574395	270.533897561
1299	-32.147536779574395	270.716794087
1300	-32.147536779574395	270.908145473
1301	-32.147536779574395	271.088209837
1302	-32.147536779574395	271.315564232
1303	-32.147536779574395	271.466117835
1304	-32.147536779574395	271.625583881
1305	-32.147536779574395	271.788287783
1306	-32.147536779574395	271.943658113
1307	-32.147536779574395	272.130229265
1308	-32.147536779574395	272.296159049
1309	-32.147536779574395	272.446696971
1310	-32.147536779574395	272.615228843
1311	-32.147536779574395	272.779979177
1312	-32.147536779574395	272.9407638
1313	-32.147536779574395	273.106413333
1314	-32.147536779574395	273.276215886
1315	-32.147536779574395	273.43159705
1316	-32.147536779574395	273.601803871
1317	-32.147536779574395	273.779921302
1318	-32.147536779574395	273.944870349
1319	-32.147536779574395	274.107946874
1320	-32.147536779574395	274.263494821
1321	-32.147536779574395	274.437040708
1322	-32.147536779574395	274.595743547
1323	-32.147536779574395	274.755758977
1324	-32.147536779574395	274.904702632
1325	-32.147536779574395	275.057313216
1326	-32.147536779574395	275.230598523
1327	-32.147536779574395	275.388173231
1328	-32.147536779574395	275.548854078
1329	-32.147536779574395	275.778208149
1330	-32.147536779574395	275.971954928
1331	-32.147536779574395	276.145877144
1332	-32.147536779574395	276.320098998
1333	-32.147536779574395	276.505901525
1334	-32.147536779574395	276.66169209
1335	-32.147536779574395	276.818657543
1336	-32.147536779574395	276.985635062
1337	-32.147536779574395	277.143596931
1338	-32.147536779574395	277.292288275
1339	-32.147536779574395	277.439679573
1340	-32.147536779574395	277.589985711
1341	-32.147536779574395	277.777882282
1342	-32.147536779574395	277.955952102
1343	-32.147536779574395	278.10550045
1344	-32.147536779574395	278.257241485
1345	-32.147536779574395	278.406673798
1346	-32.147536779574395	278.587611702
1347	-32.147536779574395	278.746843397
1348	-32.147536779574395	278.914980409
1349	-32.147536779574395	279.068880205
1350	-32.147536779574395	279.233453493
1351	-32.147536779574395	279.391765178
1352	-32.147536779574395	279.557613139
1353	-32.147536779574395	279.718429123
1354	-32.147536779574395	279.90290281
1355	-32.147536779574395	280.077327083
1356	-32.147536779574395	280.243197281
1357	-32.147536779574395	280.401184525
1358	-32.147536779574395	280.566387594
1359	-32.147536779574395	280.739637835
1360	-32.147536779574395	280.914698162
1361	-32.147536779574395	281.122950717
1362	-32.147536779574395	281.280592993
1363	-32.147536779574395	281.455469716
1364	-32.147536779574395	281.61825145
1365	-32.147536779574395	281.82873233
1366	-32.147536779574395	282.03755052
1367	-32.147536779574395	282.200975434
1368	-32.147536779574395	282.38694674
1369	-32.147536779574395	282.56349043
1370	-32.147536779574395	282.7469811
1371	-32.147536779574395	282.909575239
1372	-32.147536779574395	283.086785203
1373	-32.147536779574395	283.25977515
1374	-32.147536779574395	283.462336297
1375	-32.147536779574395	283.63967142
1376	-32.147536779574395	283.826476636
1377	-32.147536779574395	283.992385893
1378	-32.147536779574395	284.176090671
1379	-32.147536779574395	284.336655769
1380	-32.147536779574395	284.50976175
1381	-32.147536779574395	284.699947086
1382	-32.147536779574395	284.872777093
1383	-32.147536779574395	285.02284774
1384	-32.147536779574395	285.17820182
1385	-32.147536779574395	285.326757743
1386	-32.147536779574395	285.473845696
1387	-32.147536779574395	285.631952111
1388	-32.147536779574395	285.808534575
1389	-32.147536779574395	285.978437197
1390	-32.147536779574395	286.139243488
1391	-32.147536779574395	286.302036625
1392	-32.147536779574395	286.479643731
1393	-32.147536779574395	286.63890137
1394	-32.147536779574395	286.811115851
1395	-32.147536779574395	286.974114829
1396	-32.147536779574395	287.138022414
1397	-32.147536779574395	287.294216962
1398	-32.147536779574395	287.449296493
1399	-32.147536779574395	287.608448646
1400	-32.147536779574395	287.780046175
1401	-32.147536779574395	287.965227189
1402	-32.147536779574395	288.172945757
1403	-32.147536779574395	288.359325322
1404	-32.147536779574395	288.526119808
1405	-32.147536779574395	288.704071597
1406	-32.147536779574395	288.900930788
1407	-32.147536779574395	289.136562998
1408	-32.147536779574395	289.30314423
1409	-32.147536779574395	289.456061864
1410	-32.147536779574395	289.640888787
1411	-32.147536779574395	289.808881539
1412	-32.147536779574395	289.960724354
1413	-32.147536779574395	290.115189214
1414	-32.147536779574395	290.272026943
1415	-32.147536779574395	290.424100118
1416	-32.147536779574395	290.576236014
1417	-32.147536779574395	290.729975585
1418	-32.147536779574395	290.87700937
1419	-32.147536779574395	291.067827053
1420	-32.147536779574395	291.234243784
1421	-32.147536779574395	291.402560407
1422	-32.147536779574395	291.578168692
1423	-32.147536779574395	291.741083281
1424	-32.147536779574395	291.905901468
1425	-32.147536779574395	292.064485137
1426	-32.147536779574395	292.215961601
1427	-32.147536779574395	292.399541791
1428	-32.147536779574395	292.552394708
1429	-32.147536779574395	292.723705428
1430	-32.147536779574395	292.889644905
1431	-32.147536779574395	293.081096076
1432	-32.147536779574395	293.228929846
1433	-32.147536779574395	293.403548841
1434	-32.147536779574395	293.577743041
1435	-32.147536779574395	293.728386164
1436	-32.147536779574395	293.895967805
1437	-32.147536779574395	294.057896526
1438	-32.147536779574395	294.260194243
1439	-32.147536779574395	294.429891025
1440	-32.147536779574395	294.590585842
1441	-32.147536779574395	294.750075266
1442	-32.147536779574395	294.909040395
1443	-32.147536779574395	295.067589852
1444	-32.147536779574395	295.217879739
1445	-32.147536779574395	295.389507488
1446	-32.147536779574395	295.547669212
1447	-32.147536779574395	295.712091683
1448	-32.147536779574395	295.887104969
1449	-32.147536779574395	296.041811022
1450	-32.147536779574395	296.225143747
1451	-32.147536779574395	296.392131814
1452	-32.147536779574395	296.554304864
1453	-32.147536779574395	296.722065546
1454	-32.147536779574395	296.884856402
1455	-32.147536779574395	297.052554648
1456	-32.147536779574395	297.21491016
1457	-32.147536779574395	297.388108513
1458	-32.147536779574395	297.550163248
1459	-32.147536779574395	297.72363729
1460	-32.147536779574395	297.8772269
1461	-32.147536779574395	298.041410174
1462	-32.147536779574395	298.189709224
1463	-32.147536779574395	298.361718148
1464	-32.147536779574395	298.517398095
1465	-32.147536779574395	298.666766832
1466	-32.147536779574395	298.824367197
1467	-32.147536779574395	298.993618371
1468	-32.147536779574395	299.17732828
1469	-32.147536779574395	299.355936079
1470	-32.147536779574395	299.520068036
1471	-32.147536779574395	299.669301921
1472	-32.147536779574395	299.830308066
1473	-32.147536779574395	299.99785521
1474	-32.147536779574395	300.199714447
1475	-32.147536779574395	300.351118781
1476	-32.147536779574395	300.514908906
1477	-32.147536779574395	300.676115189
1478	-32.147536779574395	300.825098188
1479	-32.147536779574395	300.993607537
1480	-32.147536779574395	301.153142862
1481	-32.147536779574395	301.305233712
1482	-32.147536779574395	301.460943309
1483	-32.147536779574395	301.613278489
1484	-32.147536779574395	301.776002918
1485	-32.147536779574395	301.930414179
1486	-32.147536779574395	302.085403904
1487	-32.147536779574395	302.249469433
1488	-32.147536779574395	302.397197432
1489	-32.147536779574395	302.559115604
1490	-32.147536779574395	302.714095066
1491	-32.147536779574395	302.876049731
1492	-32.147536779574395	303.052986856
1493	-32.147536779574395	303.219110507
1494	-32.147536779574395	303.38850765
1495	-32.147536779574395	303.556782934
1496	-32.147536779574395	303.720624661
1497	-32.147536779574395	303.886293581
1498	-32.147536779574395	304.050318911
1499	-32.147536779574395	304.230765591
1500	-32.147536779574395	304.394393495
1501	-32.147536779574395	304.568328255
1502	-32.147536779574395	304.740822702
1503	-32.147536779574395	304.898506031
1504	-32.147536779574395	305.078216588
1505	-32.147536779574395	305.248054493
1506	-32.147536779574395	305.415577974
1507	-32.147536779574395	305.568302882
1508	-32.147536779574395	305.735515321
1509	-32.147536779574395	305.932713208
1510	-32.147536779574395	306.108541303
1511	-32.147536779574395	306.313928055
1512	-32.147536779574395	306.512001764
1513	-32.147536779574395	306.699833617
1514	-32.147536779574395	306.959185111
1515	-32.147536779574395	307.132304777
1516	-32.147536779574395	307.311859671
1517	-32.147536779574395	307.477816824
1518	-32.147536779574395	307.643863783
1519	-32.147536779574395	307.814585206
1520	-32.147536779574395	307.967835264
1521	-32.147536779574395	308.131674996
1522	-32.147536779574395	308.299611868
1523	-32.147536779574395	308.464754497
1524	-32.147536779574395	308.630254068
1525	-32.147536779574395	308.791929622
1526	-32.147536779574395	308.954753551
1527	-32.147536779574395	309.117460589
1528	-32.147536779574395	309.276740181
1529	-32.147536779574395	309.434660426
1530	-32.147536779574395	309.609939423
1531	-32.147536779574395	309.758636469
1532	-32.147536779574395	309.925633944
1533	-32.147536779574395	310.090985549
1534	-32.147536779574395	310.238692451
1535	-32.147536779574395	310.420121007
1536	-32.147536779574395	310.574859276
1537	-32.147536779574395	310.734244925
1538	-32.147536779574395	310.896335296
1539	-32.147536779574395	311.067316728
1540	-32.147536779574395	311.251485075
1541	-32.147536779574395	311.41593121
1542	-32.147536779574395	311.574226074
1543	-32.147536779574395	311.746175983
1544	-32.147536779574395	311.915297437
1545	-32.147536779574395	312.126268116
1546	-32.147536779574395	312.276492716
1547	-32.147536779574395	312.424944577
1548	-32.147536779574395	312.56882176
1549	-32.147536779574395	312.741776639
1550	-32.147536779574395	312.91886116
1551	-32.147536779574395	313.068945777
1552	-32.147536779574395	313.231008779
1553	-32.147536779574395	313.404953233
1554	-32.147536779574395	313.576680766
1555	-32.147536779574395	313.729948215
1556	-32.147536779574395	313.89248562
1557	-32.147536779574395	314.046326116
1558	-32.147536779574395	314.206985011
1559	-32.147536779574395	314.362538375
1560	-32.147536779574395	314.517363598
1561	-32.147536779574395	314.690233804
1562	-32.147536779574395	314.845695365
1563	-32.147536779574395	315.016778293
1564	-32.147536779574395	315.172874482
1565	-32.147536779574395	315.325288063
1566	-32.147536779574395	315.485074274
1567	-32.147536779574395	315.648785712
1568	-32.147536779574395	315.801202144
1569	-32.147536779574395	315.946443519
1570	-32.147536779574395	316.094012148
1571	-32.147536779574395	316.252685622
1572	-32.147536779574395	316.408350174
1573	-32.147536779574395	316.559020667
1574	-32.147536779574395	316.708267951
1575	-32.147536779574395	316.867446049
1576	-32.147536779574395	317.028882406
1577	-32.147536779574395	317.178212369
1578	-32.147536779574395	317.327888726
1579	-32.147536779574395	317.486944231
1580	-32.147536779574395	317.642153481
1581	-32.147536779574395	317.831021951
1582	-32.147536779574395	317.991004309
1583	-32.147536779574395	318.145771087
1584	-32.147536779574395	318.300715767
1585	-32.147536779574395	318.458125402
1586	-32.147536779574395	318.621216467
1587	-32.147536779574395	318.766635458
1588	-32.147536779574395	318.926881532
1589	-32.147536779574395	319.099259088
1590	-32.147536779574395	319.255894398
1591	-32.147536779574395	319.416424144
1592	-32.147536779574395	319.572897518
1593	-32.147536779574395	319.734616122
1594	-32.147536779574395	319.887478732
1595	-32.147536779574395	320.031384139
1596	-32.147536779574395	320.188687718
1597	-32.147536779574395	320.33636839
1598	-32.147536779574395	320.49600692
1599	-32.147536779574395	320.663732535
1600	-32.147536779574395	320.82371917
1601	-32.147536779574395	320.988496018
1602	-32.147536779574395	321.224990934
1603	-32.147536779574395	321.395033254
1604	-32.147536779574395	321.566448605
1605	-32.147536779574395	321.725234123
1606	-32.147536779574395	321.888215425
1607	-32.147536779574395	322.068281214
1608	-32.147536779574395	322.236091788
1609	-32.147536779574395	322.409789633
1610	-32.147536779574395	322.568420057
1611	-32.147536779574395	322.72172799
1612	-32.147536779574395	322.892332523
1613	-32.147536779574395	323.051361229
1614	-32.147536779574395	323.207267543
1615	-32.147536779574395	323.377544784
1616	-32.147536779574395	323.535820546
1617	-32.147536779574395	323.750447034
1618	-32.147536779574395	323.922812901
1619	-32.147536779574395	324.105965444
1620	-32.147536779574395	324.285295966
1621	-32.147536779574395	324.463063297
1622	-32.147536779574395	324.642505862
1623	-32.147536779574395	324.883567475
1624	-32.147536779574395	325.074173616
1625	-32.147536779574395	325.228085671
1626	-32.147536779574395	325.382616959
1627	-32.147536779574395	325.538634747
1628	-32.147536779574395	325.686199669
1629	-32.147536779574395	325.862092482
1630	-32.147536779574395	326.022559221
1631	-32.147536779574395	326.168489393
1632	-32.147536779574395	326.343240673
1633	-32.147536779574395	326.497018447
1634	-32.147536779574395	326.701163029
1635	-32.147536779574395	326.889434218
1636	-32.147536779574395	327.07245134
1637	-32.147536779574395	327.258075967
1638	-32.147536779574395	327.437039853
1639	-32.147536779574395	327.620200949
1640	-32.147536779574395	327.783095296
1641	-32.147536779574395	327.933926869
1642	-32.147536779574395	328.08693545
1643	-32.147536779574395	328.233617994
1644	-32.147536779574395	328.391769454
1645	-32.147536779574395	328.549910936
1646	-32.147536779574395	328.701104869
1647	-32.147536779574395	328.842628853
1648	-32.147536779574395	328.998888689
1649	-32.147536779574395	329.145779355
1650	-32.147536779574395	329.29429736
1651	-32.147536779574395	329.458609784
1652	-32.147536779574395	329.610948099
1653	-32.147536779574395	329.772165501
1654	-32.147536779574395	329.970439633
1655	-32.147536779574395	330.133237902
1656	-32.147536779574395	330.301999848
1657	-32.147536779574395	330.477345272
1658	-32.147536779574395	330.64961221
1659	-32.147536779574395	330.829215001
1660	-32.147536779574395	331.013521335
1661	-32.147536779574395	331.341654674
1662	-32.147536779574395	331.590540797
1663	-32.147536779574395	331.770972367
1664	-32.147536779574395	331.94206014
1665	-32.147536779574395	332.137982785
1666	-32.147536779574395	332.302151235
1667	-32.147536779574395	332.742171499
1668	-32.147536779574395	332.987750487
1669	-32.147536779574395	333.224155313
1670	-32.147536779574395	333.445554014
1671	-32.147536779574395	333.716582259
1672	-32.147536779574395	333.926538559
1673	-32.147536779574395	334.163898747
1674	-32.147536779574395	334.394783224
1675	-32.147536779574395	334.623487842
1676	-32.147536779574395	334.895529325
1677	-32.147536779574395	335.13084194
1678	-32.147536779574395	335.343793478
1679	-32.147536779574395	335.527486567
1680	-32.147536779574395	335.748345863
1681	-32.147536779574395	335.941693789
1682	-32.147536779574395	336.142214777
1683	-32.147536779574395	336.443145223
1684	-32.147536779574395	336.743914017
1685	-32.147536779574395	336.979565329
1686	-32.147536779574395	337.253266081
1687	-32.147536779574395	337.496160303
1688	-32.147536779574395	337.842738616
1689	-32.147536779574395	338.092966409
1690	-32.147536779574395	338.326576135
1691	-32.147536779574395	338.551771484
1692	-32.147536779574395	338.756053483
1693	-32.147536779574395	338.969486551
1694	-32.147536779574395	339.180399639
1695	-32.147536779574395	339.390659284
1696	-32.147536779574395	339.59008407
1697	-32.147536779574395	339.81087979
1698	-32.147536779574395	340.006565233
1699	-32.147536779574395	340.227998716
1700	-32.147536779574395	340.380005178
1701	-32.147536779574395	340.533405198
1702	-32.147536779574395	340.722712147
1703	-32.147536779574395	340.884884912
1704	-32.147536779574395	341.060252289
1705	-32.147536779574395	341.237930384
1706	-32.147536779574395	341.401056801
1707	-32.147536779574395	341.575122707
1708	-32.147536779574395	341.769776666
1709	-32.147536779574395	341.944900285
1710	-32.147536779574395	342.126254716
1711	-32.147536779574395	342.311166313
1712	-32.147536779574395	342.468515222
1713	-32.147536779574395	342.634515711
1714	-32.147536779574395	342.792002322
1715	-32.147536779574395	342.950599105
1716	-32.147536779574395	343.116329891
1717	-32.147536779574395	343.276328499
1718	-32.147536779574395	343.434851157
1719	-32.147536779574395	343.599911107
1720	-32.147536779574395	343.755964247
1721	-32.147536779574395	343.926827934
1722	-32.147536779574395	344.082256424
1723	-32.147536779574395	344.283569129
1724	-32.147536779574395	344.440465303
1725	-32.147536779574395	344.600041967
1726	-32.147536779574395	344.752416775
1727	-32.147536779574395	344.902639094
1728	-32.147536779574395	345.052898476
1729	-32.147536779574395	345.223879053
1730	-32.147536779574395	345.384039882
1731	-32.147536779574395	345.558977332
1732	-32.147536779574395	345.723647839
1733	-32.147536779574395	345.891691623
1734	-32.147536779574395	346.059904185
1735	-32.147536779574395	346.21951221
1736	-32.147536779574395	346.380242949
1737	-32.147536779574395	346.566835483
1738	-32.147536779574395	346.721950936
1739	-32.147536779574395	346.887919493
1740	-32.147536779574395	347.055697281
1741	-32.147536779574395	347.204150569
1742	-32.147536779574395	347.379424434
1743	-32.147536779574395	347.535434239
1744	-32.147536779574395	347.701847834
1745	-32.147536779574395	347.882492656
1746	-32.147536779574395	348.031702593
1747	-32.147536779574395	348.194883464
1748	-32.147536779574395	348.373048506
1749	-32.147536779574395	348.53673514
1750	-32.147536779574395	348.703542455
1751	-32.147536779574395	348.867957514
1752	-32.147536779574395	349.02618481
1753	-32.147536779574395	349.18966931
1754	-32.147536779574395	349.345936843
1755	-32.147536779574395	349.498806581
1756	-32.147536779574395	349.660262895
1757	-32.147536779574395	349.826725241
1758	-32.147536779574395	350.021034233
1759	-32.147536779574395	350.199459284
1760	-32.147536779574395	350.368977594
1761	-32.147536779574395	350.533202208
1762	-32.147536779574395	350.706016534
1763	-32.147536779574395	350.951398519
1764	-32.147536779574395	351.112698029
1765	-32.147536779574395	351.269183093
1766	-32.147536779574395	351.444213484
1767	-32.147536779574395	351.608434392
1768	-32.147536779574395	351.768790798
1769	-32.147536779574395	351.927888783
1770	-32.147536779574395	352.077305701
1771	-32.147536779574395	352.230378428
1772	-32.147536779574395	352.390875673
1773	-32.147536779574395	352.558346981
1774	-32.147536779574395	352.731174706
1775	-32.147536779574395	352.881994305
1776	-32.147536779574395	353.03159169
1777	-32.147536779574395	353.182358831
1778	-32.147536779574395	353.334434572
1779	-32.147536779574395	353.48592187
1780	-32.147536779574395	353.648815647
1781	-32.147536779574395	353.796251991
1782	-32.147536779574395	353.944341493
1783	-32.147536779574395	354.087502794
1784	-32.147536779574395	354.244148938
1785	-32.147536779574395	354.40477077
1786	-32.147536779574395	354.555506551
1787	-32.147536779574395	354.705310917
1788	-32.147536779574395	354.859476994
1789	-32.147536779574395	355.017182561
1790	-32.147536779574395	355.183704208
1791	-32.147536779574395	355.33196705
1792	-32.147536779574395	355.514843619
1793	-32.147536779574395	355.660138877
1794	-32.147536779574395	355.82415594
1795	-32.147536779574395	356.017278924
1796	-32.147536779574395	356.174898107
1797	-32.147536779574395	356.333951046
1798	-32.147536779574395	356.483214011
1799	-32.147536779574395	356.632170211
1800	-32.147536779574395	356.780435619
1801	-32.147536779574395	356.931195347
1802	-32.147536779574395	357.08431312
1803	-32.147536779574395	357.233521346
1804	-32.147536779574395	357.409320076
1805	-32.147536779574395	357.555855796
1806	-32.147536779574395	357.700679503
1807	-32.147536779574395	357.8601943
1808	-32.147536779574395	358.020639087
1809	-32.147536779574395	358.168109357
1810	-32.147536779574395	358.322934296
1811	-32.147536779574395	358.473449125
1812	-32.147536779574395	358.636170418
1813	-32.147536779574395	358.78463739
1814	-32.147536779574395	358.934416668
1815	-32.147536779574395	359.084587669
1816	-32.147536779574395	359.244320282
1817	-32.147536779574395	359.396149412
1818	-32.147536779574395	359.545352222
1819	-32.147536779574395	359.696257635
1820	-32.147536779574395	359.852697083
1821	-32.147536779574395	360.009052997
1822	-32.147536779574395	360.161896505
1823	-32.147536779574395	360.30943691
1824	-32.147536779574395	360.46413612
1825	-32.147536779574395	360.609503223
1826	-32.147536779574395	360.768058097
1827	-32.147536779574395	360.917566816
1828	-32.147536779574395	361.068553198
1829	-32.147536779574395	361.217555298
1830	-32.147536779574395	361.370603222
1831	-32.147536779574395	361.524385843
1832	-32.147536779574395	361.701787108
1833	-32.147536779574395	361.852248054
1834	-32.147536779574395	362.014902919
1835	-32.147536779574395	362.175260751
1836	-32.147536779574395	362.339763335
1837	-32.147536779574395	362.525284186
1838	-32.147536779574395	362.696434111
1839	-32.147536779574395	362.866062184
1840	-32.147536779574395	363.030982436
1841	-32.147536779574395	363.182914772
1842	-32.147536779574395	363.350141181
1843	-32.147536779574395	363.527667319
1844	-32.147536779574395	363.692921136
1845	-32.147536779574395	363.865825267
1846	-32.147536779574395	364.032460383
1847	-32.147536779574395	364.180947882
1848	-32.147536779574395	364.363597798
1849	-32.147536779574395	364.536004434
1850	-32.147536779574395	364.702519524
1851	-32.147536779574395	364.874187187
1852	-32.147536779574395	365.036265869
1853	-32.147536779574395	365.200309731
1854	-32.147536779574395	365.359356683
1855	-32.147536779574395	365.512131768
1856	-32.147536779574395	365.673561283
1857	-32.147536779574395	365.83145758
1858	-32.147536779574395	365.991665736
1859	-32.147536779574395	366.149217635
1860	-32.147536779574395	366.311258685
1861	-32.147536779574395	366.470247477
1862	-32.147536779574395	366.627805933
1863	-32.147536779574395	366.815105224
1864	-32.147536779574395	366.989400919
1865	-32.147536779574395	367.154970909
1866	-32.147536779574395	367.354424491
1867	-32.147536779574395	367.530096352
1868	-32.147536779574395	367.715258265
1869	-32.147536779574395	367.909467757
1870	-32.147536779574395	368.087756532
1871	-32.147536779574395	368.263548419
1872	-32.147536779574395	368.48848718
1873	-32.147536779574395	368.637332762
1874	-32.147536779574395	368.800292682
1875	-32.147536779574395	368.947363815
1876	-32.147536779574395	369.107872464
1877	-32.147536779574395	369.279070855
1878	-32.147536779574395	369.425691249
1879	-32.147536779574395	369.586388917
1880	-32.147536779574395	369.754722361
1881	-32.147536779574395	369.912739825
1882	-32.147536779574395	370.072893812
1883	-32.147536779574395	370.234895803
1884	-32.147536779574395	370.38802669
1885	-32.147536779574395	370.55640689
1886	-32.147536779574395	370.717404766
1887	-32.147536779574395	370.877342649
1888	-32.147536779574395	371.0421252
1889	-32.147536779574395	371.199356934
1890	-32.147536779574395	371.361363201
1891	-32.147536779574395	371.519952287
1892	-32.147536779574395	371.682228542
1893	-32.147536779574395	371.849932489
1894	-32.147536779574395	372.018026451
1895	-32.147536779574395	372.172304287
1896	-32.147536779574395	372.33442944
1897	-32.147536779574395	372.496310264
1898	-32.147536779574395	372.665969413
1899	-32.147536779574395	372.822213283
1900	-32.147536779574395	373.038548362
1901	-32.147536779574395	373.237629321
1902	-32.147536779574395	373.386910817
1903	-32.147536779574395	373.551873834
1904	-32.147536779574395	373.715205237
1905	-32.147536779574395	373.894120371
1906	-32.147536779574395	374.085470617
1907	-32.147536779574395	374.267166596
1908	-32.147536779574395	374.429926947
1909	-32.147536779574395	374.632835629
1910	-32.147536779574395	374.79757798
1911	-32.147536779574395	374.970149973
1912	-32.147536779574395	375.141460123
1913	-32.147536779574395	375.312936485
1914	-32.147536779574395	375.471188585
1915	-32.147536779574395	375.629247388
1916	-32.147536779574395	375.800340578
1917	-32.147536779574395	375.980024622
1918	-32.147536779574395	376.160375223
1919	-32.147536779574395	376.31474144
1920	-32.147536779574395	376.470017688
1921	-32.147536779574395	376.625741825
1922	-32.147536779574395	376.764450469
1923	-32.147536779574395	376.913780717
1924	-32.147536779574395	377.072043935
1925	-32.147536779574395	377.220920308
1926	-32.147536779574395	377.389913753
1927	-32.147536779574395	377.547309988
1928	-32.147536779574395	377.705874555
1929	-32.147536779574395	377.854325847
1930	-32.147536779574395	378.021511487
1931	-32.147536779574395	378.231784816
1932	-32.147536779574395	378.421874359
1933	-32.147536779574395	378.576497733
1934	-32.147536779574395	378.725630409
1935	-32.147536779574395	378.901071341
1936	-32.147536779574395	379.075696038
1937	-32.147536779574395	379.238321253
1938	-32.147536779574395	379.400090605
1939	-32.147536779574395	379.562998637
1940	-32.147536779574395	379.722012803
1941	-32.147536779574395	379.877745778
1942	-32.147536779574395	380.050961807
1943	-32.147536779574395	380.268949883
1944	-32.147536779574395	380.432132464
1945	-32.147536779574395	380.608754841
1946	-32.147536779574395	380.764022537
1947	-32.147536779574395	380.9106569
1948	-32.147536779574395	381.061979412
1949	-32.147536779574395	381.21078337
1950	-32.147536779574395	381.372082595
1951	-32.147536779574395	381.532056685
1952	-32.147536779574395	381.691225089
1953	-32.147536779574395	381.863353754
1954	-32.147536779574395	382.012109816
1955	-32.147536779574395	382.15816486
1956	-32.147536779574395	382.30946713
1957	-32.147536779574395	382.468613581
1958	-32.147536779574395	382.621761004
1959	-32.147536779574395	382.778518621
1960	-32.147536779574395	382.936162036
1961	-32.147536779574395	383.08463414
1962	-32.147536779574395	383.256854893
1963	-32.147536779574395	383.42110488
1964	-32.147536779574395	383.568613923
1965	-32.147536779574395	383.736848153
1966	-32.147536779574395	383.923573542
1967	-32.147536779574395	384.095799141
1968	-32.147536779574395	384.274061972
1969	-32.147536779574395	384.438469903
1970	-32.147536779574395	384.602811122
1971	-32.147536779574395	384.753390669
1972	-32.147536779574395	384.903545705
1973	-32.147536779574395	385.071588349
1974	-32.147536779574395	385.227337004
1975	-32.147536779574395	385.410882127
1976	-32.147536779574395	385.572986469
1977	-32.147536779574395	385.740429837
1978	-32.147536779574395	385.911317187
1979	-32.147536779574395	386.073139851
1980	-32.147536779574395	386.232919505
1981	-32.147536779574395	386.409417295
1982	-32.147536779574395	386.598502439
1983	-32.147536779574395	386.757983595
1984	-32.147536779574395	386.941732278
1985	-32.147536779574395	387.109168518
1986	-32.147536779574395	387.29269625
1987	-32.147536779574395	387.523655707
1988	-32.147536779574395	387.696996894
1989	-32.147536779574395	387.8480249
1990	-32.147536779574395	388.011897703
1991	-32.147536779574395	388.168493954
1992	-32.147536779574395	388.331729278
1993	-32.147536779574395	388.477934284
1994	-32.147536779574395	388.630037394
1995	-32.147536779574395	388.791929907
1996	-32.147536779574395	388.938375251
1997	-32.147536779574395	389.089608242
1998	-32.147536779574395	389.235649602
1999	-32.147536779574395	389.380430259
2000	-32.147536779574395	389.5423892
2001	-32.147536779574395	389.706976458
2002	-32.147536779574395	389.859859025
2003	-32.147536779574395	390.028699088
2004	-32.147536779574395	390.189807012
2005	-32.147536779574395	390.338407695
2006	-32.147536779574395	390.486324713
2007	-32.147536779574395	390.640783301
2008	-32.147536779574395	390.788879361
2009	-32.147536779574395	390.95131356
2010	-32.147536779574395	391.101222272
2011	-32.147536779574395	391.263659037
2012	-32.147536779574395	391.420635039
2013	-32.147536779574395	391.577518954
2014	-32.147536779574395	391.725821995
2015	-32.147536779574395	391.880226414
2016	-32.147536779574395	392.03202903
2017	-32.147536779574395	392.191858006
2018	-32.147536779574395	392.354210097
2019	-32.147536779574395	392.549393483
2020	-32.147536779574395	392.713271133
2021	-32.147536779574395	392.877223478
2022	-32.147536779574395	393.052938105
2023	-32.147536779574395	393.228567772
2024	-32.147536779574395	393.419298215
2025	-32.147536779574395	393.603419806
2026	-32.147536779574395	393.77837151
2027	-32.147536779574395	393.961829108
2028	-32.147536779574395	394.132638626
2029	-32.147536779574395	394.313175397
2030	-32.147536779574395	394.492315759
2031	-32.147536779574395	394.659299264
2032	-32.147536779574395	394.812405918
2033	-32.147536779574395	394.990698684
2034	-32.147536779574395	395.146468722
2035	-32.147536779574395	395.304135515
2036	-32.147536779574395	395.460732337
2037	-32.147536779574395	395.617567785
2038	-32.147536779574395	395.810397119
2039	-32.147536779574395	395.971449734
2040	-32.147536779574395	396.142541499
2041	-32.147536779574395	396.340075802
2042	-32.147536779574395	396.509939081
2043	-32.147536779574395	396.696212305
2044	-32.147536779574395	396.871182541
2045	-32.147536779574395	397.02784693
2046	-32.147536779574395	397.203526204
2047	-32.147536779574395	397.374920173
2048	-32.147536779574395	397.555989222
2049	-32.147536779574395	397.728956645
2050	-32.147536779574395	397.894813444
2051	-32.147536779574395	398.086378939
2052	-32.147536779574395	398.255709655
2053	-32.147536779574395	398.424948854
2054	-32.147536779574395	398.605518411
2055	-32.147536779574395	398.815519472
2056	-32.147536779574395	398.981780539
2057	-32.147536779574395	399.156235033
2058	-32.147536779574395	399.330666434
2059	-32.147536779574395	399.515690359
2060	-32.147536779574395	399.695329072
2061	-32.147536779574395	399.862124128
2062	-32.147536779574395	400.034704958
2063	-32.147536779574395	400.200330258
2064	-32.147536779574395	400.367358238
2065	-32.147536779574395	400.544160798
2066	-32.147536779574395	400.720846467
2067	-32.147536779574395	400.882211835
2068	-32.147536779574395	401.03791516
2069	-32.147536779574395	401.187789375
2070	-32.147536779574395	401.351472018
2071	-32.147536779574395	401.510574564
2072	-32.147536779574395	401.67798258
2073	-32.147536779574395	401.830372498
2074	-32.147536779574395	401.974907686
2075	-32.147536779574395	402.141884634
2076	-32.147536779574395	402.2875069
2077	-32.147536779574395	402.462397308
2078	-32.147536779574395	402.632710471
2079	-32.147536779574395	402.811659817
2080	-32.147536779574395	402.972461546
2081	-32.147536779574395	403.130586777
2082	-32.147536779574395	403.307502521
2083	-32.147536779574395	403.459256386
2084	-32.147536779574395	403.619523556
2085	-32.147536779574395	403.792196474
2086	-32.147536779574395	403.949037909
2087	-32.147536779574395	404.107496705
2088	-32.147536779574395	404.263438657
2089	-32.147536779574395	404.42044944
2090	-32.147536779574395	404.578519932
2091	-32.147536779574395	404.780597839
2092	-32.147536779574395	404.961012873
2093	-32.147536779574395	405.134447287
2094	-32.147536779574395	405.303996673
2095	-32.147536779574395	405.470812541
2096	-32.147536779574395	405.701345206
2097	-32.147536779574395	405.884226051
2098	-32.147536779574395	406.062646826
2099	-32.147536779574395	406.213120031
2100	-32.147536779574395	406.377610641
2101	-32.147536779574395	406.544866985
2102	-32.147536779574395	406.717610037
2103	-32.147536779574395	406.859312208
2104	-32.147536779574395	407.034115376
2105	-32.147536779574395	407.196389066
2106	-32.147536779574395	407.36309346
2107	-32.147536779574395	407.533326225
2108	-32.147536779574395	407.70825056
2109	-32.147536779574395	407.901108404
2110	-32.147536779574395	408.078773954
2111	-32.147536779574395	408.241875283
2112	-32.147536779574395	408.415912964
2113	-32.147536779574395	408.599325516
2114	-32.147536779574395	408.761981522
2115	-32.147536779574395	408.913820346
2116	-32.147536779574395	409.075713144
2117	-32.147536779574395	409.247533334
2118	-32.147536779574395	409.421944208
2119	-32.147536779574395	409.599653664
2120	-32.147536779574395	409.780654859
2121	-32.147536779574395	409.941828071
2122	-32.147536779574395	410.102720746
2123	-32.147536779574395	410.264755523
2124	-32.147536779574395	410.488754317
2125	-32.147536779574395	410.750068424
2126	-32.147536779574395	410.95725842
2127	-32.147536779574395	411.18790712
2128	-32.147536779574395	411.341581119
2129	-32.147536779574395	411.497900255
2130	-32.147536779574395	411.644891561
2131	-32.147536779574395	411.795195418
2132	-32.147536779574395	411.959063945
2133	-32.147536779574395	412.117426662
2134	-32.147536779574395	412.266427337
2135	-32.147536779574395	412.417131472
2136	-32.147536779574395	412.581960493
2137	-32.147536779574395	412.736291927
2138	-32.147536779574395	412.904748248
2139	-32.147536779574395	413.062296726
2140	-32.147536779574395	413.217258796
2141	-32.147536779574395	413.378458807
2142	-32.147536779574395	413.52713276
2143	-32.147536779574395	413.677147528
2144	-32.147536779574395	413.825501031
2145	-32.147536779574395	413.978318311
2146	-32.147536779574395	414.138951548
2147	-32.147536779574395	414.316090237
2148	-32.147536779574395	414.469460892
2149	-32.147536779574395	414.624291818
2150	-32.147536779574395	414.79380129
2151	-32.147536779574395	414.957006964
2152	-32.147536779574395	415.13066689
2153	-32.147536779574395	415.289528529
2154	-32.147536779574395	415.448902203
2155	-32.147536779574395	415.608383644
2156	-32.147536779574395	415.801658586
2157	-32.147536779574395	415.977348408
2158	-32.147536779574395	416.140103913
2159	-32.147536779574395	416.296665953
2160	-32.147536779574395	416.448453174
2161	-32.147536779574395	416.605869652
2162	-32.147536779574395	416.766305885
2163	-32.147536779574395	416.91854014
2164	-32.147536779574395	417.069880898
2165	-32.147536779574395	417.221974314
2166	-32.147536779574395	417.375015111
2167	-32.147536779574395	417.530758634
2168	-32.147536779574395	417.693308298
2169	-32.147536779574395	417.854154218
2170	-32.147536779574395	418.032921957
2171	-32.147536779574395	418.193541223
2172	-32.147536779574395	418.342258226
2173	-32.147536779574395	418.503268362
2174	-32.147536779574395	418.694109994
2175	-32.147536779574395	418.888895383
2176	-32.147536779574395	419.0559992
2177	-32.147536779574395	419.241672008
2178	-32.147536779574395	419.419702199
2179	-32.147536779574395	419.610681818
2180	-32.147536779574395	419.765276397
2181	-32.147536779574395	419.939422415
2182	-32.147536779574395	420.112815775
2183	-32.147536779574395	420.273600398
2184	-32.147536779574395	420.445249244
2185	-32.147536779574395	420.603913595
2186	-32.147536779574395	420.764536283
2187	-32.147536779574395	420.948017544
2188	-32.147536779574395	421.109225538
2189	-32.147536779574395	421.362599101
2190	-32.147536779574395	421.581411394
2191	-32.147536779574395	421.796559611
2192	-32.147536779574395	422.053063548
2193	-32.147536779574395	422.317791416
2194	-32.147536779574395	422.607010898
2195	-32.147536779574395	422.805215466
2196	-32.147536779574395	423.001372747
2197	-32.147536779574395	423.185655988
2198	-32.147536779574395	423.35809598
2199	-32.147536779574395	423.515784441
2200	-32.147536779574395	423.68523889
2201	-32.147536779574395	423.868147959
2202	-32.147536779574395	424.050177788
2203	-32.147536779574395	424.268007064
2204	-32.147536779574395	424.498057914
2205	-32.147536779574395	424.703424139
2206	-32.147536779574395	424.907250266
2207	-32.147536779574395	425.096505613
2208	-32.147536779574395	425.268048403
2209	-32.147536779574395	425.42884272
2210	-32.147536779574395	425.588694788
2211	-32.147536779574395	425.747865758
2212	-32.147536779574395	425.905325571
2213	-32.147536779574395	426.058654316
2214	-32.147536779574395	426.254685583
2215	-32.147536779574395	426.445822576
2216	-32.147536779574395	426.637451648
2217	-32.147536779574395	426.835077752
2218	-32.147536779574395	427.027891406
2219	-32.147536779574395	427.186620474
2220	-32.147536779574395	427.35343064
2221	-32.147536779574395	427.532046421
2222	-32.147536779574395	427.702190236
2223	-32.147536779574395	427.959358451
2224	-32.147536779574395	428.165349895
2225	-32.147536779574395	428.322514347
2226	-32.147536779574395	428.491126331
2227	-32.147536779574395	428.65532215
2228	-32.147536779574395	428.824028216
2229	-32.147536779574395	428.994046303
2230	-32.147536779574395	429.198433502
2231	-32.147536779574395	429.376103044
2232	-32.147536779574395	429.546915128
2233	-32.147536779574395	429.72467305
2234	-32.147536779574395	429.875644892
2235	-32.147536779574395	430.029307772
2236	-32.147536779574395	430.190926306
2237	-32.147536779574395	430.344744849
2238	-32.147536779574395	430.504270766
2239	-32.147536779574395	430.656948633
2240	-32.147536779574395	430.823905054
2241	-32.147536779574395	430.99741901
2242	-32.147536779574395	431.154607694
2243	-32.147536779574395	431.320554869
2244	-32.147536779574395	431.480693176
2245	-32.147536779574395	431.635779264
2246	-32.147536779574395	431.80215209
2247	-32.147536779574395	431.975048524
2248	-32.147536779574395	432.152639664
2249	-32.147536779574395	432.329633809
2250	-32.147536779574395	432.494735954
2251	-32.147536779574395	432.661824091
2252	-32.147536779574395	432.860065151
2253	-32.147536779574395	433.022660431
2254	-32.147536779574395	433.210696415
2255	-32.147536779574395	433.382466142
2256	-32.147536779574395	433.56681125
2257	-32.147536779574395	433.973384978
2258	-32.147536779574395	434.185056712
2259	-32.147536779574395	434.414180709
2260	-32.147536779574395	434.654796429
2261	-32.147536779574395	434.890158937
2262	-32.147536779574395	435.137759554
2263	-32.147536779574395	435.35541435
2264	-32.147536779574395	435.619520135
2265	-32.147536779574395	435.843109813
2266	-32.147536779574395	436.065406573
2267	-32.147536779574395	436.267952325
2268	-32.147536779574395	436.490588921
2269	-32.147536779574395	436.704849058
2270	-32.147536779574395	436.915848817
2271	-32.147536779574395	437.14273394
2272	-32.147536779574395	437.358576085
2273	-32.147536779574395	437.598170015
2274	-32.147536779574395	437.812684174
2275	-32.147536779574395	438.029149257
2276	-32.147536779574395	438.265144682
2277	-32.147536779574395	438.493171908
2278	-32.147536779574395	438.721390434
2279	-32.147536779574395	438.955074856
2280	-32.147536779574395	439.197220126
2281	-32.147536779574395	439.441959216
2282	-32.147536779574395	439.804345633
2283	-32.147536779574395	440.090189841
2284	-32.147536779574395	440.442900038
2285	-32.147536779574395	440.789389971
2286	-32.147536779574395	441.096841744
2287	-32.147536779574395	441.433272855
2288	-32.147536779574395	441.66741714
2289	-32.147536779574395	441.89063334
2290	-32.147536779574395	442.117190886
2291	-32.147536779574395	442.331721296
2292	-32.147536779574395	442.52803481
2293	-32.147536779574395	442.733988622
2294	-32.147536779574395	442.941673548
2295	-32.147536779574395	443.15979676
2296	-32.147536779574395	443.374816968
2297	-32.147536779574395	443.570312536
2298	-32.147536779574395	443.765872537
2299	-32.147536779574395	444.002579851
2300	-32.147536779574395	444.408741328
2301	-32.147536779574395	444.618651442
2302	-32.147536779574395	444.827163152
2303	-32.147536779574395	445.038989123
2304	-32.147536779574395	445.245781123
2305	-32.147536779574395	445.447126614
2306	-32.147536779574395	445.666420723
2307	-32.147536779574395	445.842897415
2308	-32.147536779574395	446.022464854
2309	-32.147536779574395	446.197030251
2310	-32.147536779574395	446.380011735
2311	-32.147536779574395	446.580239072
2312	-32.147536779574395	446.761206911
2313	-32.147536779574395	446.949315025
2314	-32.147536779574395	447.141279086
2315	-32.147536779574395	447.322717906
2316	-32.147536779574395	447.48573342
2317	-32.147536779574395	447.643121958
2318	-32.147536779574395	447.809727139
2319	-32.147536779574395	447.987513571
2320	-32.147536779574395	448.158730209
2321	-32.147536779574395	448.317746086
2322	-32.147536779574395	448.497026145
2323	-32.147536779574395	448.654682675
2324	-32.147536779574395	448.827759291
2325	-32.147536779574395	449.071994043
2326	-32.147536779574395	449.262049945
2327	-32.147536779574395	449.42974477
2328	-32.147536779574395	449.592746884
2329	-32.147536779574395	449.764080412
2330	-32.147536779574395	449.944233726
2331	-32.147536779574395	450.132058452
2332	-32.147536779574395	450.311010364
2333	-32.147536779574395	450.494030052
2334	-32.147536779574395	450.671967871
2335	-32.147536779574395	451.020763105
2336	-32.147536779574395	451.294583313
2337	-32.147536779574395	451.484614126
2338	-32.147536779574395	451.673598631
2339	-32.147536779574395	451.860763641
2340	-32.147536779574395	452.056425706
2341	-32.147536779574395	452.230427465
2342	-32.147536779574395	452.401562565
2343	-32.147536779574395	452.586246939
2344	-32.147536779574395	452.775506847
2345	-32.147536779574395	452.984331594
2346	-32.147536779574395	453.185112876
2347	-32.147536779574395	453.358962393
2348	-32.147536779574395	453.542493546
2349	-32.147536779574395	453.705904205
2350	-32.147536779574395	453.906339094
2351	-32.147536779574395	454.104266832
2352	-32.147536779574395	454.297522101
2353	-32.147536779574395	454.486608386
2354	-32.147536779574395	454.668226247
2355	-32.147536779574395	454.845352393
2356	-32.147536779574395	455.006548983
2357	-32.147536779574395	455.179195671
2358	-32.147536779574395	455.341341922
2359	-32.147536779574395	455.514751817
2360	-32.147536779574395	455.678390555
2361	-32.147536779574395	455.872468332
2362	-32.147536779574395	456.107324506
2363	-32.147536779574395	456.300001027
2364	-32.147536779574395	456.51188858
2365	-32.147536779574395	456.701052126
2366	-32.147536779574395	456.912218096
2367	-32.147536779574395	457.178507445
2368	-32.147536779574395	457.358192058
2369	-32.147536779574395	457.549827402
2370	-32.147536779574395	457.750500632
2371	-32.147536779574395	457.93567566
2372	-32.147536779574395	458.103361646
2373	-32.147536779574395	458.289817618
2374	-32.147536779574395	458.470139995
2375	-32.147536779574395	458.665005497
2376	-32.147536779574395	458.850738176
2377	-32.147536779574395	459.041905389
2378	-32.147536779574395	459.228904187
2379	-32.147536779574395	459.417155705
2380	-32.147536779574395	459.61019202
2381	-32.147536779574395	459.787337267
2382	-32.147536779574395	459.971599981
2383	-32.147536779574395	460.154868274
2384	-32.147536779574395	460.339257572
2385	-32.147536779574395	460.500308476
2386	-32.147536779574395	460.682004455
2387	-32.147536779574395	460.858502245
2388	-32.147536779574395	461.022836051
2389	-32.147536779574395	461.257763499
2390	-32.147536779574395	461.4815077
2391	-32.147536779574395	461.706669978
2392	-32.147536779574395	461.895578076
2393	-32.147536779574395	462.078206895
2394	-32.147536779574395	462.278613273
2395	-32.147536779574395	462.471863981
2396	-32.147536779574395	462.649257549
2397	-32.147536779574395	462.844493963
2398	-32.147536779574395	463.043955528
2399	-32.147536779574395	463.241984475
2400	-32.147536779574395	463.465161902
2401	-32.147536779574395	463.670211669
2402	-32.147536779574395	463.852270862
2403	-32.147536779574395	464.047160882
2404	-32.147536779574395	464.245423325
2405	-32.147536779574395	464.427712592
2406	-32.147536779574395	464.6522334
2407	-32.147536779574395	464.863788814
2408	-32.147536779574395	465.074911734
2409	-32.147536779574395	465.242971769
2410	-32.147536779574395	465.455858019
2411	-32.147536779574395	465.623900093
2412	-32.147536779574395	465.806084729
2413	-32.147536779574395	465.977274283
2414	-32.147536779574395	466.149485342
2415	-32.147536779574395	466.304597089
2416	-32.147536779574395	466.456960493
2417	-32.147536779574395	466.613336078
2418	-32.147536779574395	466.770002179
2419	-32.147536779574395	466.917564535
2420	-32.147536779574395	467.069746902
2421	-32.147536779574395	467.239574828
2422	-32.147536779574395	467.412643747
2423	-32.147536779574395	467.586932884
2424	-32.147536779574395	467.763761672
2425	-32.147536779574395	467.944062667
2426	-32.147536779574395	468.143003928
2427	-32.147536779574395	468.318744783
2428	-32.147536779574395	468.497601473
2429	-32.147536779574395	468.666742598
2430	-32.147536779574395	468.871648961
2431	-32.147536779574395	469.047199371
2432	-32.147536779574395	469.238490031
2433	-32.147536779574395	469.432785053
2434	-32.147536779574395	469.598213635
2435	-32.147536779574395	469.78062977
2436	-32.147536779574395	469.965754905
2437	-32.147536779574395	470.147384171
2438	-32.147536779574395	470.340873221
2439	-32.147536779574395	470.538259273
2440	-32.147536779574395	470.731948747
2441	-32.147536779574395	470.909775093
2442	-32.147536779574395	471.08323602
2443	-32.147536779574395	471.253750462
2444	-32.147536779574395	471.453242817
2445	-32.147536779574395	471.617019257
2446	-32.147536779574395	471.832262982
2447	-32.147536779574395	471.981952168
2448	-32.147536779574395	472.154915315
2449	-32.147536779574395	472.352450188
2450	-32.147536779574395	472.541506822
2451	-32.147536779574395	472.721788716
2452	-32.147536779574395	472.910105236
2453	-32.147536779574395	473.093795188
2454	-32.147536779574395	473.257470704
2455	-32.147536779574395	473.430882595
2456	-32.147536779574395	473.611187866
2457	-32.147536779574395	473.831784873
2458	-32.147536779574395	474.005498397
2459	-32.147536779574395	474.188916937
2460	-32.147536779574395	474.361329275
2461	-32.147536779574395	474.538575447
2462	-32.147536779574395	474.71378716
2463	-32.147536779574395	474.876714294
2464	-32.147536779574395	475.040161161
2465	-32.147536779574395	475.214232198
2466	-32.147536779574395	475.41778292
2467	-32.147536779574395	475.579251778
2468	-32.147536779574395	475.753150331
2469	-32.147536779574395	475.940808846
2470	-32.147536779574395	476.110810112
2471	-32.147536779574395	476.272628785
2472	-32.147536779574395	476.460161001
2473	-32.147536779574395	476.618124581
2474	-32.147536779574395	476.771075287
2475	-32.147536779574395	476.981444694
2476	-32.147536779574395	477.167896389
2477	-32.147536779574395	477.356392236
2478	-32.147536779574395	477.551505203
2479	-32.147536779574395	477.733477441
2480	-32.147536779574395	477.910825393
2481	-32.147536779574395	478.085744596
2482	-32.147536779574395	478.272651593
2483	-32.147536779574395	478.446231977
2484	-32.147536779574395	478.613187828
2485	-32.147536779574395	478.828076035
2486	-32.147536779574395	479.016320425
2487	-32.147536779574395	479.207318861
2488	-32.147536779574395	479.415045126
2489	-32.147536779574395	479.640469408
2490	-32.147536779574395	479.915846251
2491	-32.147536779574395	480.097614074
2492	-32.147536779574395	480.252515419
2493	-32.147536779574395	480.418355397
2494	-32.147536779574395	480.583506293
2495	-32.147536779574395	480.772652448
2496	-32.147536779574395	480.964168336
2497	-32.147536779574395	481.153736436
2498	-32.147536779574395	481.343154004
2499	-32.147536779574395	481.518432715
2500	-32.147536779574395	481.707079094
2501	-32.147536779574395	481.893743757
