1	-37.36079466475694	1.420301817
2	-37.36079466477355	2.292457317
3	-37.48085540613117	2.999903067
4	-37.48085540613117	3.493657126
5	-37.48085540613117	3.781748157
6	-37.48085540613117	4.049046944
7	-37.48085540613117	4.546570007
8	-37.48085540614393	4.90934177
9	-37.48085540614393	5.17841216
10	-37.48085540614393	5.503892167
11	-37.48085540614393	5.975532835
12	-37.48085540614393	6.295233037
13	-37.48085540614393	6.598241569
14	-37.48085540614393	6.901789222
15	-37.48085540614393	7.283200734
16	-37.48085540614393	7.536813076
17	-37.48085540614393	7.838279225
18	-37.48085540614393	8.060534423
19	-37.48085540614393	8.29931679
20	-37.48085540614393	8.56241921
21	-37.48085540614393	8.806305413
22	-37.48085540614393	9.219881468
23	-37.48085540614393	9.586057594
24	-37.48085540614393	9.8726051
25	-37.48085540614393	10.158054407
26	-37.48085540614393	10.429816129
27	-37.48085540614393	10.704970809
28	-37.48085540614393	11.041503234
29	-37.48085540614393	11.317723613
30	-37.48085540614393	11.542179203
31	-37.48085540614393	11.809986036
32	-37.48085540614393	12.079823627
33	-37.48085540614393	12.413272425
34	-37.48085540614393	12.787316133
35	-37.48085540614393	13.077839055
36	-37.48085540614393	13.382709851
37	-37.48085540614393	13.568829083
38	-37.48085540614393	13.817295965
39	-37.48085540614393	14.132570581
40	-37.48085540614393	14.455566808
41	-37.48085540614393	14.674379155
42	-37.48085540614393	14.883373276
43	-37.48085540614393	15.117979518
44	-37.48085540614393	15.325877149
45	-37.48085540614393	15.604406542
46	-37.48085540614393	15.828180746
47	-37.48085540614393	16.062546935
48	-37.48085540614393	16.29525556
49	-37.48085540614393	16.506880856
50	-37.48085540614393	16.895797019
51	-37.48085540614393	17.104766906
52	-37.48085540614393	17.310312189
53	-37.48085540614393	17.494481346
54	-37.480855406147754	17.709942929
55	-37.480855406147754	17.972102814
56	-37.480855406147754	18.273061486
57	-37.480855406147754	18.548909812
58	-37.480855406147754	18.955798878
59	-37.480855406147754	19.183140236
60	-37.480855406147754	19.389374602
61	-37.480855406147754	19.596600541
62	-37.480855406147754	19.813735653
63	-37.480855406147754	20.195844517
64	-37.480855406147754	20.560471131
65	-37.48085540616392	20.856972002
66	-37.48085540616392	21.184734223
67	-37.48085540616392	21.431599136
68	-37.48085540616392	21.748382208
69	-37.48085540616392	21.984047876
70	-37.48085540616392	22.195560273
71	-37.48085540616392	22.406556357
72	-37.48085540616392	22.633094592
73	-37.48085540616392	22.842699964
74	-37.48085540616392	23.025077276
75	-37.48085540616392	23.253293602
76	-37.48085540616392	23.455237519
77	-37.48085540616392	23.638024803
78	-37.48085540616392	23.881235321
79	-37.48085540616392	24.11532867
80	-37.48085540616392	24.357553033
81	-37.48085540616392	24.61972033
82	-37.48085540616392	24.923579311
83	-37.48085540616392	25.123323977
84	-37.48085540616392	25.310148257
85	-37.48085540616392	25.521889018
86	-37.48085540616392	25.71082759
87	-37.48085540616392	25.90571389
88	-37.48085540616392	26.123109012
89	-37.48085540616392	26.31453393
90	-37.48085540616392	26.502354915
91	-37.48085540616392	26.686006903
92	-37.48085540616392	26.893510243
93	-37.48085540616392	27.09736318
94	-37.48085540616392	27.266199447
95	-37.48085540616392	27.454738026
96	-37.48085540616392	27.652418578
97	-37.48085540616392	27.831477056
98	-37.48085540616392	28.009898055
99	-37.48085540616392	28.209079365
100	-37.48085540616392	28.411273598
101	-37.48085540616392	28.619912486
102	-37.48085540616392	28.843353695
103	-37.48085540616392	29.058144726
104	-37.48085540616392	29.232320606
105	-37.48085540616392	29.444872473
106	-37.48085540616392	29.620162518
107	-37.48085540616392	29.838572876
108	-37.48085540616392	30.147996698
109	-37.48085540616392	30.4157582
110	-37.48085540616392	30.630872248
111	-37.48085540616392	30.914496068
112	-37.48085540616392	31.089253549
113	-37.48085540616392	31.252567171
114	-37.48085540616392	31.42661276
115	-37.48085540616392	31.613907739
116	-37.48085540616392	31.778190126
117	-37.48085540616392	31.951317698
118	-37.48085540616392	32.11873902
119	-37.48085540616392	32.312009381
120	-37.48085540616392	32.486263378
121	-37.48085540616392	32.679104665
122	-37.48085540616392	32.860533454
123	-37.48085540616392	33.064453104
124	-37.48085540616392	33.254140915
125	-37.48085540616392	33.431368491
126	-37.48085540616392	33.626593773
127	-37.48085540616392	33.81154353
128	-37.48085540616392	33.997682148
129	-37.48085540616392	34.202581397
130	-37.48085540616392	34.389013952
131	-37.48085540616392	34.58929831
132	-37.48085540616392	34.757134451
133	-37.48085540616392	34.979368267
134	-37.48085540616392	35.164924999
135	-37.48085540616392	35.377034393
136	-37.48085540616392	35.562683212
137	-37.48085540616392	35.733446461
138	-37.48085540616392	35.971022005
139	-37.48085540616392	36.221773952
140	-37.48085540616392	36.397044896
141	-37.48085540616392	36.606346923
142	-37.48085540616392	36.770432877
143	-37.48085540616392	36.938093112
144	-37.48085540616392	37.095892071
145	-37.48085540616392	37.282616282
146	-37.48085540616392	37.469881325
147	-37.48085540616392	37.65667339
148	-37.48085540616392	37.837068696
149	-37.48085540616392	38.047318676
150	-37.48085540616392	38.226454702
151	-37.48085540616392	38.422848888
152	-37.48085540616392	38.613264841
153	-37.48085540616392	38.775859444
154	-37.48085540616392	38.969376701
155	-37.48085540616392	39.143517513
156	-37.48085540616392	39.334194046
157	-37.48085540616392	39.515956401
158	-37.48085540616392	39.70563851
159	-37.48085540616392	39.952984954
160	-37.48085540616392	40.140356624
161	-37.48085540616392	40.340428013
162	-37.48085540616392	40.516338433
163	-37.48085540616392	40.68689584
164	-37.48085540616392	40.869583055
165	-37.48085540616392	41.047628008
166	-37.48085540616392	41.221774522
167	-37.48085540616392	41.39546773
168	-37.48085540616392	41.597288769
169	-37.48085540616392	41.819098359
170	-37.48085540616392	42.03988644
171	-37.48085540616392	42.226499462
172	-37.48085540616392	42.411389349
173	-37.48085540616392	42.5913801
174	-37.48085540616392	42.778524261
175	-37.48085540616392	42.955296534
176	-37.48085540616392	43.134669192
177	-37.48085540616392	43.30678951
178	-37.48085540616392	43.516267443
179	-37.48085540616392	43.701820184
180	-37.48085540616392	43.877181219
181	-37.48085540616392	44.041980774
182	-37.48085540616392	44.231134311
183	-37.48085540616392	44.4242262
184	-37.48085540616392	44.608371123
185	-37.48085540616392	44.795261832
186	-37.48085540616392	44.984655421
187	-37.48085540616392	45.194099998
188	-37.48085540616392	45.405706478
189	-37.48085540616392	45.56746118
190	-37.48085540616392	45.735726965
191	-37.48085540616392	45.920469455
192	-37.48085540616392	46.092347155
193	-37.48085540616392	46.269193838
194	-37.48085540616392	46.432054723
195	-37.48085540616392	46.609911511
196	-37.48085540616392	46.811521007
197	-37.48085540616392	46.98971079
198	-37.48085540616392	47.210542777
199	-37.48085540616392	47.414379178
200	-37.48085540616392	47.607245839
201	-37.48085540616392	47.821707866
202	-37.48085540616392	48.019133825
203	-37.48085540616392	48.216215669
204	-37.48085540616392	48.500698777
205	-37.48085540616392	48.688730735
206	-37.48085540616392	48.870524165
207	-37.48085540616392	49.081411341
208	-37.48085540616392	49.26737776
209	-37.48085540616392	49.445468614
210	-37.48085540616392	49.648246159
211	-37.48085540616392	49.847875075
212	-37.48085540616392	50.052516879
213	-37.48085540616392	50.227403225
214	-37.48085540616392	50.424875654
215	-37.48085540616392	50.611309635
216	-37.48085540616392	50.79334768
217	-37.48085540616392	50.988358853
218	-37.48085540616392	51.157623053
219	-37.48085540616392	51.341304977
220	-37.48085540616392	51.549878577
221	-37.48085540616392	51.722400029
222	-37.48085540616392	51.922014404
223	-37.48085540616392	52.098557458
224	-37.48085540616392	52.317272587
225	-37.48085540616392	52.52819483
226	-37.48085540616392	52.691346515
227	-37.48085540616392	52.924573165
228	-37.48085540616392	53.144627972
229	-37.48085540616392	53.316992335
230	-37.48085540616392	53.498442506
231	-37.48085540616392	53.671652187
232	-37.48085540616392	53.847008375
233	-37.48085540616392	54.046441998
234	-37.48085540616392	54.237757437
235	-37.48085540616392	54.425061539
236	-37.48085540616392	54.637560662
237	-37.48085540616392	54.830507721
238	-37.48085540616392	55.011742358
239	-37.48085540616392	55.20294946
240	-37.48085540616392	55.374995937
241	-37.48085540616392	55.552127435
242	-37.48085540616392	55.74379269
243	-37.48085540616392	55.951867368
244	-37.48085540616392	56.154226103
245	-37.48085540616392	56.325652206
246	-37.48085540616392	56.548203337
247	-37.48085540616392	56.73289565
248	-37.48085540616392	56.91431218
249	-37.48085540616392	57.093134597
250	-37.48085540616392	57.270014637
251	-37.48085540616392	57.447198593
252	-37.48085540616392	57.625764991
253	-37.48085540616392	57.80816283
254	-37.48085540616392	57.999621674
255	-37.48085540616392	58.190996414
256	-37.48085540616392	58.361379912
257	-37.48085540616392	58.541799737
258	-37.48085540616392	58.752349926
259	-37.48085540616392	58.936105975
260	-37.48085540616392	59.119036948
261	-37.48085540616392	59.285947089
262	-37.48085540616392	59.448021387
263	-37.48085540616392	59.626723778
264	-37.48085540616392	59.823147044
265	-37.48085540616392	60.091497561
266	-37.48085540616392	60.281690852
267	-37.48085540616392	60.48278546
268	-37.48085540616392	60.669631978
269	-37.48085540616392	60.863517581
270	-37.48085540616392	61.112768485
271	-37.48085540616392	61.428575665
272	-37.48085540616392	61.707224799
273	-37.48085540616392	62.120815109
274	-37.48085540616392	62.59110612
275	-37.48085540616392	62.922570062
276	-37.48085540616392	63.108407046
277	-37.48085540616392	63.310862429
278	-37.48085540616392	63.503122686
279	-37.48085540616392	63.698742259
280	-37.48085540616392	63.896461299
281	-37.48085540616392	64.078114175
282	-37.48085540616392	64.262465225
283	-37.48085540616392	64.434237438
284	-37.48085540616392	64.656960769
285	-37.48085540616392	64.859400757
286	-37.48085540616392	65.070428486
287	-37.48085540616392	65.373979561
288	-37.48085540616392	65.579570744
289	-37.48085540616392	65.784643048
290	-37.48085540616392	65.97975258
291	-37.48085540616392	66.236040288
292	-37.48085540616392	66.41506541
293	-37.48085540616392	66.591058794
294	-37.48085540616392	66.775975765
295	-37.48085540616392	66.94775368
296	-37.48085540616392	67.125024875
297	-37.48085540616392	67.301468429
298	-37.48085540616392	67.471453644
299	-37.48085540616392	67.652668609
300	-37.48085540616392	67.832370841
301	-37.48085540616392	68.011844423
302	-37.48085540616392	68.19295048
303	-37.48085540616392	68.372298619
304	-37.48085540616392	68.587867115
305	-37.48085540616392	68.788704848
306	-37.48085540616392	68.988160994
307	-37.48085540616392	69.176858088
308	-37.48085540616392	69.332241406
309	-37.48085540616392	69.510090211
310	-37.48085540616392	69.692579567
311	-37.48085540616392	69.863781583
312	-37.48085540616392	70.0347846
313	-37.48085540616392	70.216193432
314	-37.48085540616392	70.419888709
315	-37.48085540616392	70.597288484
316	-37.48085540616392	70.799073886
317	-37.48085540616392	70.964845058
318	-37.48085540616392	71.135815858
319	-37.48085540616392	71.317871864
320	-37.48085540616392	71.48446298
321	-37.48085540616392	71.648231334
322	-37.48085540616392	71.816588635
323	-37.48085540616392	72.009807963
324	-37.48085540616392	72.207129291
325	-37.48085540616392	72.390217354
326	-37.48085540616392	72.581151616
327	-37.48085540616392	72.75634986
328	-37.48085540616392	72.928625557
329	-37.48085540616392	73.107788382
330	-37.48085540616392	73.288682326
331	-37.48085540616392	73.449505326
332	-37.48085540616392	73.624636001
333	-37.48085540616392	73.826734155
334	-37.48085540616392	74.017062298
335	-37.48085540616392	74.225850863
336	-37.48085540616392	74.409576977
337	-37.48085540616392	74.573145761
338	-37.48085540616392	74.760408809
339	-37.48085540616392	74.951812914
340	-37.48085540616392	75.146559801
341	-37.48085540616392	75.31897263
342	-37.48085540616392	75.505717653
343	-37.48085540616392	75.714705787
344	-37.48085540616392	75.884256511
345	-37.48085540616392	76.067669587
346	-37.48085540616392	76.260696758
347	-37.48085540616392	76.429422407
348	-37.48085540616392	76.608304695
349	-37.48085540616392	76.801525449
350	-37.48085540616392	76.978619313
351	-37.48085540616392	77.170680856
352	-37.48085540616392	77.335688248
353	-37.48085540616392	77.573930353
354	-37.48085540616392	77.757025258
355	-37.48085540616392	77.942396391
356	-37.48085540616392	78.107561443
357	-37.48085540616392	78.308104955
358	-37.48085540616392	78.50822367
359	-37.48085540616392	78.717596117
360	-37.48085540616392	78.883982532
361	-37.48085540616392	79.059591317
362	-37.48085540616392	79.218906715
363	-37.48085540616392	79.43012375
364	-37.48085540616392	79.605015227
365	-37.48085540616392	79.783473003
366	-37.48085540616392	79.981843494
367	-37.48085540616392	80.163920597
368	-37.48085540616392	80.35487168
369	-37.48085540616392	80.540089145
370	-37.48085540616392	80.716021802
371	-37.48085540616392	80.887959943
372	-37.48085540616392	81.08742122
373	-37.48085540616392	81.264210599
374	-37.48085540616392	81.448819948
375	-37.48085540616392	81.637534148
376	-37.48085540616392	81.844054468
377	-37.48085540616392	82.050669725
378	-37.48085540616392	82.259016387
379	-37.48085540616392	82.476812073
380	-37.48085540616392	82.751246309
381	-37.48085540616392	82.929189767
382	-37.48085540616392	83.154076711
383	-37.48085540616392	83.319478395
384	-37.48085540616392	83.487730495
385	-37.48085540616392	83.661088997
386	-37.48085540616392	83.840105281
387	-37.48085540616392	84.015743432
388	-37.48085540616392	84.194170988
389	-37.48085540616392	84.380056723
390	-37.48085540616392	84.564075633
391	-37.48085540616392	84.746338621
392	-37.48085540616392	84.965715749
393	-37.48085540616392	85.223903069
394	-37.48085540616392	85.444768697
395	-37.48085540616392	85.620765216
396	-37.48085540616392	85.792053047
397	-37.48085540616392	85.954023569
398	-37.48085540616392	86.114898742
399	-37.48085540616392	86.301492948
400	-37.48085540616392	86.537579136
401	-37.48085540616392	86.758488384
402	-37.48085540616392	87.020906568
403	-37.48085540616392	87.205326897
404	-37.48085540616392	87.373775715
405	-37.48085540616392	87.576111643
406	-37.48085540616392	87.738630124
407	-37.48085540616392	87.912134882
408	-37.48085540616392	88.080949766
409	-37.48085540616392	88.250461147
410	-37.48085540616392	88.411343163
411	-37.48085540616392	88.576693244
412	-37.48085540616392	88.766031809
413	-37.48085540616392	88.93174254
414	-37.48085540616392	89.097209512
415	-37.48085540616392	89.266871995
416	-37.48085540616392	89.42961713
417	-37.48085540616392	89.606928239
418	-37.48085540616392	89.790869032
419	-37.48085540616392	89.97999862
420	-37.48085540616392	90.154943126
421	-37.48085540616392	90.319108622
422	-37.48085540616392	90.522793351
423	-37.48085540616392	90.685590944
424	-37.48085540616392	90.858040551
425	-37.48085540616392	91.035556076
426	-37.48085540616392	91.228770273
427	-37.48085540616392	91.397588009
428	-37.48085540616392	91.58213207
429	-37.48085540616392	91.742624926
430	-37.48085540616392	91.922416964
431	-37.48085540616392	92.103028945
432	-37.48085540616392	92.316571815
433	-37.48085540616392	92.477890031
434	-37.48085540616392	92.652630691
435	-37.48085540616392	92.815854221
436	-37.48085540616392	93.005215595
437	-37.48085540616392	93.175119271
438	-37.48085540616392	93.340032011
439	-37.48085540616392	93.499487963
440	-37.48085540616392	93.661093559
441	-37.48085540616392	93.851976218
442	-37.48085540616392	94.052416525
443	-37.48085540616392	94.23723029
444	-37.48085540616392	94.409480898
445	-37.48085540616392	94.600071047
446	-37.48085540616392	94.788459093
447	-37.48085540616392	94.990039509
448	-37.48085540616392	95.17845407
449	-37.48085540616392	95.366959007
450	-37.48085540616392	95.554389978
451	-37.48085540616392	95.729823427
452	-37.48085540616392	95.920293834
453	-37.48085540616392	96.096816076
454	-37.48085540616392	96.273466611
455	-37.48085540616392	96.452882319
456	-37.48085540616392	96.626963261
457	-37.48085540616392	96.805009639
458	-37.48085540616392	96.984661694
459	-37.48085540616392	97.161317361
460	-37.48085540616392	97.325231971
461	-37.48085540616392	97.48689202
462	-37.48085540616392	97.704589917
463	-37.48085540616392	97.860132605
464	-37.48085540616392	98.026986867
465	-37.48085540616392	98.251954779
466	-37.48085540616392	98.479734334
467	-37.48085540616392	98.684654395
468	-37.48085540616392	98.88344455
469	-37.48085540616392	99.072486043
470	-37.48085540616392	99.325407591
471	-37.48085540616392	99.500252027
472	-37.48085540616392	99.703765697
473	-37.48085540616392	99.878547126
474	-37.48085540616392	100.068631224
475	-37.48085540616392	100.275276988
476	-37.48085540616392	100.452568995
477	-37.48085540616392	100.630259856
478	-37.48085540616392	100.803545088
479	-37.48085540616392	100.969956021
480	-37.48085540616392	101.143279171
481	-37.48085540616392	101.323780819
482	-37.48085540616392	101.584919195
483	-37.48085540616392	101.795794681
484	-37.48085540616392	101.990540142
485	-37.48085540616392	102.180970636
486	-37.48085540616392	102.383713399
487	-37.48085540616392	102.585431802
488	-37.48085540616392	102.769135678
489	-37.48085540616392	102.959393687
490	-37.48085540616392	103.146555809
491	-37.48085540616392	103.353864997
492	-37.48085540616392	103.606369161
493	-37.48085540616392	103.807889421
494	-37.48085540616392	104.019890477
495	-37.48085540616392	104.241656161
496	-37.48085540616392	104.449379312
497	-37.48085540616392	104.612688657
498	-37.48085540616392	104.792145134
499	-37.48085540616392	104.982694513
500	-37.48085540616392	105.148492199
501	-37.48085540616392	105.334320345
502	-37.48085540616392	105.535618513
503	-37.48085540616392	105.706920028
504	-37.48085540616392	105.887648615
505	-37.48085540616392	106.059708493
506	-37.48085540616392	106.232728582
507	-37.48085540616392	106.395273578
508	-37.48085540616392	106.544276103
509	-37.48085540616392	106.723562376
510	-37.48085540616392	106.887959943
511	-37.48085540616392	107.068338998
512	-37.48085540616392	107.262813616
513	-37.48085540616392	107.432288789
514	-37.48085540616392	107.599625152
515	-37.48085540616392	107.763625292
516	-37.48085540616392	107.92493638
517	-37.48085540616392	108.099909681
518	-37.48085540616392	108.279971707
519	-37.48085540616392	108.469400364
520	-37.48085540616392	108.647003699
521	-37.48085540616392	108.836876824
522	-37.48085540616392	109.061758352
523	-37.48085540616392	109.224058163
524	-37.48085540616392	109.39636237
525	-37.48085540616392	109.604358645
526	-37.48085540616392	109.775194024
527	-37.48085540616392	109.946198752
528	-37.48085540616392	110.134113819
529	-37.48085540616392	110.304742502
530	-37.48085540616392	110.493984419
531	-37.48085540616392	110.673578028
532	-37.48085540616392	110.88818403
533	-37.48085540616392	111.062074526
534	-37.48085540616392	111.227455113
535	-37.48085540616392	111.399025761
536	-37.48085540616392	111.559059608
537	-37.48085540616392	111.740242642
538	-37.48085540616392	111.902505105
539	-37.48085540616392	112.087129279
540	-37.48085540616392	112.236953459
541	-37.48085540616392	112.398005678
542	-37.48085540616392	112.604843598
543	-37.48085540616392	112.771982103
544	-37.48085540616392	112.943748899
545	-37.48085540616392	113.107244984
546	-37.48085540616392	113.287559607
547	-37.48085540616392	113.463198613
548	-37.48085540616392	113.646312905
549	-37.48085540616392	113.810942542
550	-37.48085540616392	113.992615375
551	-37.48085540616392	114.144297543
552	-37.48085540616392	114.348104579
553	-37.48085540616392	114.52118568
554	-37.48085540616392	114.696458334
555	-37.48085540616392	114.926030589
556	-37.48085540616392	115.15817814
557	-37.48085540616392	115.352539573
558	-37.48085540616392	115.557333336
559	-37.48085540616392	115.833347018
560	-37.48085540616392	116.011279358
561	-37.48085540616392	116.170658903
562	-37.48085540616392	116.379145833
563	-37.48085540616392	116.541337307
564	-37.48085540616392	116.70980209
565	-37.48085540616392	116.881918703
566	-37.48085540616392	117.04636217
567	-37.48085540616392	117.210821603
568	-37.48085540616392	117.398648576
569	-37.48085540616392	117.569663567
570	-37.48085540616392	117.748998306
571	-37.48085540616392	117.919492137
572	-37.48085540616392	118.112456302
573	-37.48085540616392	118.284062302
574	-37.48085540616392	118.460725953
575	-37.48085540616392	118.628108217
576	-37.48085540616392	118.789800482
577	-37.48085540616392	118.948078122
578	-37.48085540616392	119.124907985
579	-37.48085540616392	119.305017907
580	-37.48085540616392	119.512031733
581	-37.48085540616392	119.679912635
582	-37.48085540616392	119.915250439
583	-37.48085540616392	120.111631511
584	-37.48085540616392	120.300580917
585	-37.48085540616392	120.498209011
586	-37.48085540616392	120.6568473
587	-37.48085540616392	120.833694554
588	-37.48085540616392	121.030025448
589	-37.48085540616392	121.19410513
590	-37.48085540616392	121.361870567
591	-37.48085540616392	121.522273901
592	-37.48085540616392	121.713848495
593	-37.48085540616392	121.874443702
594	-37.48085540616392	122.048415736
595	-37.48085540616392	122.226692759
596	-37.48085540616392	122.410350164
597	-37.48085540616392	122.588481787
598	-37.48085540616392	122.771982103
599	-37.48085540616392	122.942400668
600	-37.48085540616392	123.127277154
601	-37.48085540616392	123.291070312
602	-37.48085540616392	123.492015243
603	-37.48085540616392	123.660702118
604	-37.48085540616392	123.826803434
605	-37.48085540616392	124.015162686
606	-37.48085540616392	124.191889913
607	-37.48085540616392	124.362815098
608	-37.48085540616392	124.54514765
609	-37.48085540616392	124.732986026
610	-37.48085540616392	124.915682079
611	-37.48085540616392	125.115795377
612	-37.48085540616392	125.31846544
613	-37.48085540616392	125.49694916
614	-37.48085540616392	125.649690754
615	-37.48085540616392	125.830309292
616	-37.48085540616392	126.039796634
617	-37.48085540616392	126.228719525
618	-37.48085540616392	126.400732647
619	-37.48085540616392	126.59565829
620	-37.48085540616392	126.769817064
621	-37.48085540616392	126.991033078
622	-37.48085540616392	127.214660741
623	-37.48085540616392	127.429018423
624	-37.48085540616392	127.628832937
625	-37.48085540616392	127.83322072
626	-37.48085540616392	128.03175001
627	-37.48085540616392	128.227917828
628	-37.48085540616392	128.414184456
629	-37.48085540616392	128.611245203
630	-37.48085540616392	128.824831407
631	-37.48085540616392	129.01719829
632	-37.48085540616392	129.240802861
633	-37.48085540616392	129.454037253
634	-37.48085540616392	129.642046119
635	-37.48085540616392	129.842757269
636	-37.48085540616392	130.051232225
637	-37.48085540616392	130.271782534
638	-37.48085540616392	130.446328186
639	-37.48085540616392	130.652144598
640	-37.48085540616392	130.817635803
641	-37.48085540616392	130.9910824
642	-37.48085540616392	131.171652757
643	-37.48085540616392	131.433107307
644	-37.48085540616392	131.620664862
645	-37.48085540616392	131.828820507
646	-37.48085540616392	132.049654774
647	-37.48085540616392	132.263040554
648	-37.48085540616392	132.454011309
649	-37.48085540616392	132.664774182
650	-37.48085540616392	132.899078789
651	-37.48085540616392	133.054898594
652	-37.48085540616392	133.212434121
653	-37.48085540616392	133.462187368
654	-37.48085540616392	133.637058033
655	-37.48085540616392	133.804057695
656	-37.48085540616392	134.003585401
657	-37.48085540616392	134.181197289
658	-37.48085540616392	134.366986377
659	-37.48085540616392	134.550095822
660	-37.48085540616392	134.72503434
661	-37.48085540616392	134.906296346
662	-37.48085540616392	135.098798652
663	-37.48085540616392	135.597244864
664	-37.48085540616392	136.225021796
665	-37.48085540616392	136.478348469
666	-37.48085540616392	136.743670953
667	-37.48085540616392	136.977520543
668	-37.48085540616392	137.303413657
669	-37.48085540616392	137.54717128
670	-37.48085540616392	137.819502058
671	-37.48085540616392	138.125200211
672	-37.48085540616392	138.404229952
673	-37.48085540616392	138.672195014
674	-37.48085540616392	138.946745856
675	-37.48085540616392	139.212779946
676	-37.48085540616392	139.527086081
677	-37.48085540616392	139.674386283
678	-37.48085540616392	139.839481486
679	-37.48085540616392	140.036110308
680	-37.48085540616392	140.198837482
681	-37.48085540616392	140.375119385
682	-37.48085540616392	140.552336412
683	-37.48085540616392	140.718640433
684	-37.48085540616392	140.888640473
685	-37.48085540616392	141.05104292
686	-37.48085540616392	141.228094019
687	-37.48085540616392	141.431582885
688	-37.48085540616392	141.588795111
689	-37.48085540616392	141.765808577
690	-37.48085540616392	141.94032686
691	-37.48085540616392	142.12064519
692	-37.48085540616392	142.306458226
693	-37.48085540616392	142.464238938
694	-37.48085540616392	142.638343258
695	-37.48085540616392	142.813109577
696	-37.48085540616392	142.972517632
697	-37.48085540616392	143.153712355
698	-37.48085540616392	143.32403085
699	-37.48085540616392	143.489431109
700	-37.48085540616392	143.6651431
701	-37.48085540616392	143.857614329
702	-37.48085540616392	144.020239437
703	-37.48085540616392	144.206610126
704	-37.48085540616392	144.361885107
705	-37.48085540616392	144.560819522
706	-37.48085540616392	144.756538025
707	-37.48085540616392	144.977912554
708	-37.48085540616392	145.189980038
709	-37.48085540616392	145.474412683
710	-37.48085540616392	145.640327259
711	-37.48085540616392	145.819142834
712	-37.48085540616392	145.997550433
713	-37.48085540616392	146.157933525
714	-37.48085540616392	146.31649997
715	-37.48085540616392	146.497284151
716	-37.48085540616392	146.673318873
717	-37.48085540616392	146.862223804
718	-37.48085540616392	147.024593179
719	-37.48085540616392	147.181111474
720	-37.48085540616392	147.357632005
721	-37.48085540616392	147.569171486
722	-37.48085540616392	147.735728105
723	-37.48085540616392	147.907305026
724	-37.48085540616392	148.079225775
725	-37.48085540616392	148.247105536
726	-37.48085540616392	148.41584487
727	-37.48085540616392	148.591246959
728	-37.48085540616392	148.759587155
729	-37.48085540616392	148.914078114
730	-37.48085540616392	149.06783808
731	-37.48085540616392	149.24710069
732	-37.48085540616392	149.398160487
733	-37.48085540616392	149.557737035
734	-37.48085540616392	149.750145258
735	-37.48085540616392	149.925385981
736	-37.48085540616392	150.093984191
737	-37.48085540616392	150.276691362
738	-37.48085540616392	150.453419445
739	-37.48085540616392	150.6244313
740	-37.48085540616392	150.798246244
741	-37.48085540616392	151.011695316
742	-37.48085540616392	151.17455107
743	-37.48085540616392	151.352155831
744	-37.48085540616392	151.530766419
745	-37.48085540616392	151.703323224
746	-37.48085540616392	151.870121606
747	-37.48085540616392	152.060828075
748	-37.48085540616392	152.247760408
749	-37.48085540616392	152.426765288
750	-37.48085540616392	152.594727443
751	-37.48085540616392	152.825729468
752	-37.48085540616392	152.999811835
753	-37.48085540616392	153.182614799
754	-37.48085540616392	153.35644685
755	-37.48085540616392	153.535461424
756	-37.48085540616392	153.704946005
757	-37.48085540616392	153.863392708
758	-37.48085540616392	154.031098844
759	-37.48085540616392	154.194880598
760	-37.48085540616392	154.348158748
761	-37.48085540616392	154.541168243
762	-37.48085540616392	154.706066443
763	-37.48085540616392	154.880361209
764	-37.48085540616392	155.089186836
765	-37.48085540616392	155.27065953
766	-37.48085540616392	155.447635934
767	-37.48085540616392	155.626328061
768	-37.48085540616392	155.788725661
769	-37.48085540616392	155.965126735
770	-37.48085540616392	156.153648208
771	-37.48085540616392	156.325983206
772	-37.48085540616392	156.484883215
773	-37.48085540616392	156.66252846
774	-37.48085540616392	156.830701018
775	-37.48085540616392	156.996162858
776	-37.48085540616392	157.171019838
777	-37.48085540616392	157.333029418
778	-37.48085540616392	157.5032946
779	-37.48085540616392	157.657844004
780	-37.48085540616392	157.870681825
781	-37.48085540616392	158.045078371
782	-37.48085540616392	158.21277738
783	-37.48085540616392	158.361909055
784	-37.48085540616392	158.519430328
785	-37.48085540616392	158.67738381
786	-37.48085540616392	158.846977869
787	-37.48085540616392	159.009727566
788	-37.48085540616392	159.168538624
789	-37.48085540616392	159.314787952
790	-37.48085540616392	159.515433815
791	-37.48085540616392	159.682921851
792	-37.48085540616392	159.856801228
793	-37.48085540616392	160.035995984
794	-37.48085540616392	160.204069327
795	-37.48085540616392	160.463922193
796	-37.48085540616392	160.657308589
797	-37.48085540616392	160.849400352
798	-37.48085540616392	161.04227186
799	-37.48085540616392	161.295740798
800	-37.48085540616392	161.477241717
801	-37.48085540616392	161.644125628
802	-37.48085540616392	161.806220453
803	-37.48085540616392	161.974425797
804	-37.48085540616392	162.137823808
805	-37.48085540616392	162.297817741
806	-37.48085540616392	162.468907713
807	-37.48085540616392	162.625990504
808	-37.48085540616392	162.78792824
809	-37.48085540616392	162.962291714
810	-37.48085540616392	163.145645774
811	-37.48085540616392	163.300887683
812	-37.48085540616392	163.473607849
813	-37.48085540616392	163.631846715
814	-37.48085540616392	163.790038825
815	-37.48085540616392	163.948910895
816	-37.48085540616392	164.10993774
817	-37.48085540616392	164.277167762
818	-37.48085540616392	164.43872318
819	-37.48085540616392	164.61349121
820	-37.48085540616392	164.822756174
821	-37.48085540616392	165.002694752
822	-37.48085540616392	165.187373381
823	-37.48085540616392	165.354680949
824	-37.48085540616392	165.546308287
825	-37.48085540616392	165.741176625
826	-37.48085540616392	165.902237397
827	-37.48085540616392	166.061180172
828	-37.48085540616392	166.213408303
829	-37.48085540616392	166.37111603
830	-37.48085540616392	166.608877744
831	-37.48085540616392	166.787009082
832	-37.48085540616392	166.959512288
833	-37.48085540616392	167.138524866
834	-37.48085540616392	167.298549019
835	-37.48085540616392	167.470846384
836	-37.48085540616392	167.649312713
837	-37.48085540616392	167.810379187
838	-37.48085540616392	167.973541991
839	-37.48085540616392	168.138199853
840	-37.48085540616392	168.326235518
841	-37.48085540616392	168.479361425
842	-37.48085540616392	168.634351877
843	-37.48085540616392	168.793458013
844	-37.48085540616392	168.961138775
845	-37.48085540616392	169.126062349
846	-37.48085540616392	169.288315119
847	-37.48085540616392	169.463278726
848	-37.48085540616392	169.630003267
849	-37.48085540616392	169.815444535
850	-37.48085540616392	170.047302996
851	-37.48085540616392	170.234568039
852	-37.48085540616392	170.412705934
853	-37.48085540616392	170.58341701
854	-37.48085540616392	170.745798644
855	-37.48085540616392	170.93483358
856	-37.48085540616392	171.107428017
857	-37.48085540616392	171.280777396
858	-37.48085540616392	171.444711107
859	-37.48085540616392	171.617573252
860	-37.48085540616392	171.840193662
861	-37.48085540616392	172.01173466
862	-37.48085540616392	172.193557455
863	-37.48085540616392	172.353547967
864	-37.48085540616392	172.518789141
865	-37.48085540616392	172.687971518
866	-37.48085540616392	172.867070195
867	-37.48085540616392	173.031273325
868	-37.48085540616392	173.19611479
869	-37.48085540616392	173.365202799
870	-37.48085540616392	173.559391463
871	-37.48085540616392	173.734519857
872	-37.48085540616392	173.931318598
873	-37.48085540616392	174.126868323
874	-37.48085540616392	174.311387011
875	-37.48085540616392	174.491056171
876	-37.48085540616392	174.65871384
877	-37.48085540616392	174.838023776
878	-37.48085540616392	175.033240505
879	-37.48085540616392	175.269837021
880	-37.48085540616392	175.444209333
881	-37.48085540616392	175.625598779
882	-37.48085540616392	175.780199216
883	-37.48085540616392	175.949131561
884	-37.48085540616392	176.126423284
885	-37.48085540616392	176.326727883
886	-37.48085540616392	176.534345548
887	-37.48085540616392	176.722468453
888	-37.48085540616392	176.925012217
889	-37.48085540616392	177.1610545
890	-37.48085540616392	177.405981313
891	-37.48085540616392	177.568971347
892	-37.48085540616392	177.736930936
893	-37.48085540616392	177.898743513
894	-37.48085540616392	178.053582293
895	-37.48085540616392	178.217731539
896	-37.48085540616392	178.368605452
897	-37.48085540616392	178.526833769
898	-37.48085540616392	178.700585707
899	-37.48085540616392	178.90530962
900	-37.48085540616392	179.075875581
901	-37.48085540616392	179.243834029
902	-37.48085540616392	179.414826783
903	-37.48085540616392	179.577668851
904	-37.48085540616392	179.763531779
905	-37.48085540616392	179.955590186
906	-37.48085540616392	180.141078494
907	-37.48085540616392	180.330289335
908	-37.48085540616392	180.497083156
909	-37.48085540616392	180.699088369
910	-37.48085540616392	180.874183121
911	-37.48085540616392	181.056549315
912	-37.48085540616392	181.240404578
913	-37.48085540616392	181.418650526
914	-37.48085540616392	181.592800746
915	-37.48085540616392	181.771360873
916	-37.48085540616392	181.971564833
917	-37.48085540616392	182.134131781
918	-37.48085540616392	182.297946036
919	-37.48085540616392	182.491675405
920	-37.48085540616392	182.661800033
921	-37.48085540616392	182.830762314
922	-37.48085540616392	182.980599608
923	-37.48085540616392	183.134808035
924	-37.48085540616392	183.301797148
925	-37.48085540616392	183.463707514
926	-37.48085540616392	183.633347474
927	-37.48085540616392	183.791971794
928	-37.48085540616392	183.967243878
929	-37.48085540616392	184.181678821
930	-37.48085540616392	184.351130331
931	-37.48085540616392	184.520616053
932	-37.48085540616392	184.687644224
933	-37.48085540616392	184.859181516
934	-37.48085540616392	185.037782697
935	-37.48085540616392	185.215076985
936	-37.48085540616392	185.408777275
937	-37.48085540616392	185.586296791
938	-37.48085540616392	185.748682987
939	-37.48085540616392	185.967022641
940	-37.48085540616392	186.133454101
941	-37.48085540616392	186.315144896
942	-37.48085540616392	186.480187641
943	-37.48085540616392	186.645898657
944	-37.48085540616392	186.813568871
945	-37.48085540616392	186.97553312
946	-37.48085540616392	187.184233875
947	-37.48085540616392	187.344429657
948	-37.48085540616392	187.507266879
949	-37.48085540616392	187.707245896
950	-37.48085540616392	187.869957674
951	-37.48085540616392	188.039648097
952	-37.48085540616392	188.216949228
953	-37.48085540616392	188.398151364
954	-37.48085540616392	188.572153333
955	-37.48085540616392	188.739951841
956	-37.48085540616392	188.907506875
957	-37.48085540616392	189.072693025
958	-37.48085540616392	189.25302732
959	-37.48085540616392	189.477591533
960	-37.48085540616392	189.637073429
961	-37.48085540616392	189.805856952
962	-37.48085540616392	189.984768891
963	-37.48085540616392	190.165380872
964	-37.48085540616392	190.348531087
965	-37.48085540616392	190.519448289
966	-37.48085540616392	190.704693693
967	-37.48085540616392	190.880745807
968	-37.48085540616392	191.07077032
969	-37.48085540616392	191.249385755
970	-37.48085540616392	191.421248345
971	-37.48085540616392	191.600438539
972	-37.48085540616392	191.779857097
973	-37.48085540616392	191.958479945
974	-37.48085540616392	192.163514331
975	-37.48085540616392	192.331881041
976	-37.48085540616392	192.512387251
977	-37.48085540616392	192.757828666
978	-37.48085540616392	193.043836481
979	-37.48085540616392	193.286017794
980	-37.48085540616392	193.542145276
981	-37.48085540616392	193.808181362
982	-37.48085540616392	194.006367108
983	-37.48085540616392	194.216633054
984	-37.48085540616392	194.401951158
985	-37.48085540616392	194.58363454
986	-37.48085540616392	194.781162849
987	-37.48085540616392	194.990001591
988	-37.48085540616392	195.235372017
989	-37.48085540616392	195.450018788
990	-37.48085540616392	195.663738989
991	-37.48085540616392	195.864834737
992	-37.48085540616392	196.030001215
993	-37.48085540616392	196.224398285
994	-37.48085540616392	196.408800938
995	-37.48085540616392	196.571272948
996	-37.48085540616392	196.734533827
997	-37.48085540616392	196.900618322
998	-37.48085540616392	197.099897137
999	-37.48085540616392	197.267904337
1000	-37.48085540616392	197.437628401
1001	-37.48085540616392	197.619917903
1002	-37.48085540616392	197.800564667
1003	-37.48085540616392	197.981745705
1004	-37.48085540616392	198.152464763
1005	-37.48085540616392	198.343776497
1006	-37.48085540616392	198.532884702
1007	-37.48085540616392	198.703488866
1008	-37.48085540616392	198.906456002
1009	-37.48085540616392	199.070824773
1010	-37.48085540616392	199.23740306
1011	-37.48085540616392	199.407761468
1012	-37.48085540616392	199.59093335
1013	-37.48085540616392	199.818536429
1014	-37.48085540616392	200.007837362
1015	-37.48085540616392	200.202696292
1016	-37.48085540616392	200.393003623
1017	-37.48085540616392	200.588507731
1018	-37.48085540616392	200.78232035
1019	-37.48085540616392	200.948725011
1020	-37.48085540616392	201.137235935
1021	-37.48085540616392	201.292094386
1022	-37.48085540616392	201.47054703
1023	-37.48085540616392	201.626906811
1024	-37.48085540616392	201.776000568
1025	-37.48085540616392	201.945480303
1026	-37.48085540616392	202.118973942
1027	-37.48085540616392	202.314076346
1028	-37.48085540616392	202.510632754
1029	-37.48085540616392	202.672769488
1030	-37.48085540616392	202.824209607
1031	-37.48085540616392	202.991660295
1032	-37.48085540616392	203.191987702
1033	-37.48085540616392	203.397268128
1034	-37.48085540616392	203.5645871
1035	-37.48085540616392	203.772134631
1036	-37.48085540616392	203.953933192
1037	-37.48085540616392	204.138403984
1038	-37.48085540616392	204.336840617
1039	-37.48085540616392	204.54977138
1040	-37.48085540616392	204.732643908
1041	-37.48085540616392	205.015382497
1042	-37.48085540616392	205.202509267
1043	-37.48085540616392	205.396388029
1044	-37.48085540616392	205.587422931
1045	-37.48085540616392	205.766095671
1046	-37.48085540616392	205.953819438
1047	-37.48085540616392	206.105647576
1048	-37.48085540616392	206.290472175
1049	-37.48085540616392	206.510876228
1050	-37.48085540616392	206.674649999
1051	-37.48085540616392	206.840588809
1052	-37.48085540616392	207.008684675
1053	-37.48085540616392	207.184513271
1054	-37.48085540616392	207.355374024
1055	-37.48085540616392	207.532027981
1056	-37.48085540616392	207.704938308
1057	-37.48085540616392	207.897245605
1058	-37.48085540616392	208.07395202
1059	-37.48085540616392	208.277860837
1060	-37.48085540616392	208.438184914
1061	-37.48085540616392	208.66252732
1062	-37.48085540616392	208.865746197
1063	-37.48085540616392	209.073504986
1064	-37.48085540616392	209.264179523
1065	-37.48085540616392	209.550758391
1066	-37.48085540616392	209.732981465
1067	-37.48085540616392	209.92732066
1068	-37.48085540616392	210.091326786
1069	-37.48085540616392	210.32086483
1070	-37.48085540616392	210.492894202
1071	-37.48085540616392	210.660486584
1072	-37.48085540616392	210.821090628
1073	-37.48085540616392	211.015935303
1074	-37.48085540616392	211.176072641
1075	-37.48085540616392	211.334516493
1076	-37.48085540616392	211.492256721
1077	-37.48085540616392	211.653302953
1078	-37.48085540616392	211.835272289
1079	-37.48085540616392	212.053256996
1080	-37.48085540616392	212.229618156
1081	-37.48085540616392	212.403529464
1082	-37.48085540616392	212.585266445
1083	-37.48085540616392	212.749245772
1084	-37.48085540616392	212.92191462
1085	-37.48085540616392	213.074687005
1086	-37.48085540616392	213.235736373
1087	-37.48085540616392	213.472780778
1088	-37.48085540616392	213.656012246
1089	-37.48085540616392	213.877635951
1090	-37.48085540616392	214.032940297
1091	-37.48085540616392	214.226440732
1092	-37.48085540616392	214.398159631
1093	-37.48085540616392	214.561681375
1094	-37.48085540616392	214.73979019
1095	-37.48085540616392	214.909349183
1096	-37.48085540616392	215.106697879
1097	-37.48085540616392	215.276556796
1098	-37.48085540616392	215.458645018
1099	-37.48085540616392	215.685610046
1100	-37.48085540616392	215.844646903
1101	-37.48085540616392	216.014943445
1102	-37.48085540616392	216.177828564
1103	-37.48085540616392	216.344425096
1104	-37.48085540616392	216.524283276
1105	-37.48085540616392	216.70407731
1106	-37.48085540616392	216.936019875
1107	-37.48085540616392	217.117721218
1108	-37.48085540616392	217.298578955
1109	-37.48085540616392	217.529588107
1110	-37.48085540616392	217.706800002
1111	-37.48085540616392	217.895065171
1112	-37.48085540616392	218.059822247
1113	-37.48085540616392	218.237677039
1114	-37.48085540616392	218.408441429
1115	-37.48085540616392	218.586129438
1116	-37.48085540616392	218.768317445
1117	-37.48085540616392	218.937563114
1118	-37.48085540616392	219.139882505
1119	-37.48085540616392	219.304655547
1120	-37.48085540616392	219.482457881
1121	-37.48085540616392	219.688505793
1122	-37.48085540616392	219.879349679
1123	-37.48085540616392	220.060297221
1124	-37.48085540616392	220.258805129
1125	-37.48085540616392	220.433263256
1126	-37.48085540616392	220.60656873
1127	-37.48085540616392	220.776386307
1128	-37.48085540616392	220.977977271
1129	-37.48085540616392	221.154475279
1130	-37.48085540616392	221.334082288
1131	-37.48085540616392	221.503463378
1132	-37.48085540616392	221.694083462
1133	-37.48085540616392	221.863139826
1134	-37.48085540616392	222.041507796
1135	-37.48085540616392	222.207381318
1136	-37.48085540616392	222.404809557
1137	-37.48085540616392	222.563383984
1138	-37.48085540616392	222.766340856
1139	-37.48085540616392	222.939632075
1140	-37.48085540616392	223.130773889
1141	-37.48085540616392	223.318434649
1142	-37.48085540616392	223.487144047
1143	-37.48085540616392	223.669241678
1144	-37.48085540616392	223.865826025
1145	-37.48085540616392	224.064923517
1146	-37.48085540616392	224.23724426
1147	-37.48085540616392	224.407970446
1148	-37.48085540616392	224.628298378
1149	-37.48085540616392	224.821004528
1150	-37.48085540616392	225.115663091
1151	-37.48085540616392	225.456305783
1152	-37.48085540616392	225.675003806
1153	-37.48085540616392	225.900975836
1154	-37.48085540616392	226.12347907
1155	-37.48085540616392	226.400599506
1156	-37.48085540616392	226.660163282
1157	-37.48085540616392	226.856364742
1158	-37.48085540616392	227.068972488
1159	-37.48085540616392	227.22591444
1160	-37.48085540616392	227.394228977
1161	-37.48085540616392	227.562628758
1162	-37.48085540616392	227.737593791
1163	-37.48085540616392	227.906946657
1164	-37.48085540616392	228.088304456
1165	-37.48085540616392	228.277890772
1166	-37.48085540616392	228.453115244
1167	-37.48085540616392	228.636965091
1168	-37.48085540616392	228.867695417
1169	-37.48085540616392	229.045922833
1170	-37.48085540616392	229.19351412
1171	-37.48085540616392	229.363352794
1172	-37.48085540616392	229.531373394
1173	-37.48085540616392	229.696355983
1174	-37.48085540616392	229.871092652
1175	-37.48085540616392	230.05637683
1176	-37.48085540616392	230.242226073
1177	-37.48085540616392	230.405454735
1178	-37.48085540616392	230.643671751
1179	-37.48085540616392	230.813856535
1180	-37.48085540616392	230.98780177
1181	-37.48085540616392	231.179125762
1182	-37.48085540616392	231.360084424
1183	-37.48085540616392	231.538747471
1184	-37.48085540616392	231.720688297
1185	-37.48085540616392	231.879126447
1186	-37.48085540616392	232.0458259
1187	-37.48085540616392	232.230413011
1188	-37.48085540616392	232.456379624
1189	-37.48085540616392	232.631934811
1190	-37.48085540616392	232.799235537
1191	-37.48085540616392	232.959255129
1192	-37.48085540616392	233.146316041
1193	-37.48085540616392	233.332212896
1194	-37.48085540616392	233.505227284
1195	-37.48085540616392	233.690050457
1196	-37.48085540616392	233.858964841
1197	-37.48085540616392	234.058802164
1198	-37.48085540616392	234.235968443
1199	-37.48085540616392	234.41044054
1200	-37.48085540616392	234.585858024
1201	-37.48085540616392	234.774312784
1202	-37.48085540616392	234.949218231
1203	-37.48085540616392	235.133162731
1204	-37.48085540616392	235.337525424
1205	-37.48085540616392	235.526072555
1206	-37.48085540616392	235.70576937
1207	-37.48085540616392	235.908924101
1208	-37.48085540616392	236.109577661
1209	-37.48085540616392	236.297747322
1210	-37.48085540616392	236.473670001
1211	-37.48085540616392	236.683923117
1212	-37.48085540616392	236.847568308
1213	-37.48085540616392	237.022116527
1214	-37.48085540616392	237.187026131
1215	-37.48085540616392	237.355142239
1216	-37.48085540616392	237.543665137
1217	-37.48085540616392	237.774046787
1218	-37.48085540616392	237.951230172
1219	-37.48085540616392	238.13735311
1220	-37.48085540616392	238.330413638
1221	-37.48085540616392	238.489742721
1222	-37.48085540616392	238.662579778
1223	-37.48085540616392	238.823517958
1224	-37.48085540616392	238.994081353
1225	-37.48085540616392	239.175637295
1226	-37.48085540616392	239.336880816
1227	-37.48085540616392	239.54813919
1228	-37.48085540616392	239.722332176
1229	-37.48085540616392	239.958081663
1230	-37.48085540616392	240.20653315
1231	-37.48085540616392	240.403719055
1232	-37.48085540616392	240.586130294
1233	-37.48085540616392	240.782624835
1234	-37.48085540616392	240.96337794
1235	-37.48085540616392	241.153432673
1236	-37.48085540616392	241.338606233
1237	-37.48085540616392	241.550328747
1238	-37.48085540616392	241.741245619
1239	-37.48085540616392	241.933158625
1240	-37.48085540616392	242.129226659
1241	-37.48085540616392	242.363272397
1242	-37.48085540616392	242.604312459
1243	-37.48085540616392	242.82138713
1244	-37.48085540616392	243.045825615
1245	-37.48085540616392	243.309363381
1246	-37.48085540616392	243.46754095
1247	-37.48085540616392	243.724350959
1248	-37.48085540616392	243.90069872
1249	-37.48085540616392	244.057997045
1250	-37.48085540616392	244.238344455
1251	-37.48085540616392	244.433974862
1252	-37.48085540616392	244.614050858
1253	-37.48085540616392	244.792319044
1254	-37.48085540616392	244.971141461
1255	-37.48085540616392	245.181053029
1256	-37.48085540616392	245.394721342
1257	-37.48085540616392	245.628034091
1258	-37.48085540616392	245.808437095
1259	-37.48085540616392	245.995597507
1260	-37.48085540616392	246.168124091
1261	-37.48085540616392	246.347156626
1262	-37.48085540616392	246.525579335
1263	-37.48085540616392	246.704123211
1264	-37.48085540616392	246.902524492
1265	-37.48085540616392	247.077789448
1266	-37.48085540616392	247.294916292
1267	-37.48085540616392	247.605370175
1268	-37.48085540616392	247.792463874
1269	-37.48085540616392	247.968360039
1270	-37.48085540616392	248.190868405
1271	-37.48085540616392	248.366415609
1272	-37.48085540616392	248.529071223
1273	-37.48085540616392	248.698979746
1274	-37.48085540616392	248.88636282
1275	-37.48085540616392	249.066658057
1276	-37.48085540616392	249.242827346
1277	-37.48085540616392	249.487400066
1278	-37.48085540616392	249.687121069
1279	-37.48085540616392	249.888903904
1280	-37.48085540616392	250.074345742
1281	-37.48085540616392	250.338148649
1282	-37.48085540616392	250.57471751
1283	-37.48085540616392	250.768676669
1284	-37.48085540616392	250.948374054
1285	-37.48085540616392	251.150644409
1286	-37.48085540616392	251.320528128
1287	-37.48085540616392	251.542909055
1288	-37.48085540616392	251.709531247
1289	-37.48085540616392	251.91984737
1290	-37.48085540616392	252.112514177
1291	-37.48085540616392	252.314501998
1292	-37.48085540616392	252.480773518
1293	-37.48085540616392	252.630153514
1294	-37.48085540616392	252.827450608
1295	-37.48085540616392	253.020690749
1296	-37.48085540616392	253.192239729
1297	-37.48085540616392	253.422387028
1298	-37.48085540616392	253.588225484
1299	-37.48085540616392	253.740304793
1300	-37.48085540616392	253.908751046
1301	-37.48085540616392	254.103021533
1302	-37.48085540616392	254.30077792
1303	-37.48085540616392	254.46262585
1304	-37.48085540616392	254.63067667
1305	-37.48085540616392	254.777791273
1306	-37.48085540616392	254.951455685
1307	-37.48085540616392	255.159836844
1308	-37.48085540616392	255.328072693
1309	-37.48085540616392	255.532455914
1310	-37.48085540616392	255.721848933
1311	-37.48085540616392	255.902086865
1312	-37.48085540616392	256.089367304
1313	-37.48085540616392	256.266277849
1314	-37.48085540616392	256.432214664
1315	-37.48085540616392	256.597798811
1316	-37.48085540616392	256.792917751
1317	-37.48085540616392	257.007192754
1318	-37.48085540616392	257.315665201
1319	-37.48085540616392	257.541683987
1320	-37.48085540616392	257.726722124
1321	-37.48085540616392	257.918747744
1322	-37.48085540616392	258.102448484
1323	-37.48085540616392	258.302064571
1324	-37.48085540616392	258.50144488
1325	-37.48085540616392	258.73410789
1326	-37.48085540616392	258.982457311
1327	-37.48085540616392	259.287762027
1328	-37.48085540616392	259.549025562
1329	-37.48085540616392	259.822144353
1330	-37.48085540616392	260.215804272
1331	-37.48085540616392	260.512983962
1332	-37.48085540616392	260.757404154
1333	-37.48085540616392	260.966363493
1334	-37.48085540616392	261.158883759
1335	-37.48085540616392	261.358824858
1336	-37.48085540616392	261.547230295
1337	-37.48085540616392	261.772467341
1338	-37.48085540616392	261.98956368
1339	-37.48085540616392	262.155054029
1340	-37.48085540616392	262.318387893
1341	-37.48085540616392	262.487031433
1342	-37.48085540616392	262.764448942
1343	-37.48085540616392	263.051126453
1344	-37.48085540616392	263.259059722
1345	-37.48085540616392	263.4369014
1346	-37.48085540616392	263.611428806
1347	-37.48085540616392	263.839963587
1348	-37.48085540616392	264.093675144
1349	-37.48085540616392	264.287035596
1350	-37.48085540616392	264.474822084
1351	-37.48085540616392	264.638250886
1352	-37.48085540616392	264.817041087
1353	-37.48085540616392	265.022759139
1354	-37.48085540616392	265.235123981
1355	-37.48085540616392	265.419419152
1356	-37.48085540616392	265.622398832
1357	-37.48085540616392	265.814546474
1358	-37.48085540616392	266.017024095
1359	-37.48085540616392	266.201062107
1360	-37.48085540616392	266.399467094
1361	-37.48085540616392	266.581110277
1362	-37.48085540616392	266.755608603
1363	-37.48085540616392	266.924057421
1364	-37.48085540616392	267.09507897
1365	-37.48085540616392	267.332665062
1366	-37.48085540616392	267.531608886
1367	-37.48085540616392	267.711241268
1368	-37.48085540616392	267.945518506
1369	-37.48085540616392	268.119381918
1370	-37.48085540616392	268.277126993
1371	-37.48085540616392	268.458049732
1372	-37.48085540616392	268.643124647
1373	-37.48085540616392	268.895448914
1374	-37.48085540616392	269.077798856
1375	-37.48085540616392	269.315058511
1376	-37.48085540616392	269.531795055
1377	-37.48085540616392	269.760504887
1378	-37.48085540616392	270.099021599
1379	-37.48085540616392	270.32506975
1380	-37.48085540616392	270.525188179
1381	-37.48085540616392	270.7011579
1382	-37.48085540616392	270.880996409
1383	-37.48085540616392	271.095150244
1384	-37.48085540616392	271.273685282
1385	-37.48085540616392	271.447731727
1386	-37.48085540616392	271.623787832
1387	-37.48085540616392	271.78713367
1388	-37.48085540616392	272.007430526
1389	-37.48085540616392	272.181850735
1390	-37.48085540616392	272.34368669
1391	-37.48085540616392	272.506432396
1392	-37.48085540616392	272.68897592
1393	-37.48085540616392	272.850592635
1394	-37.48085540616392	273.041494396
1395	-37.48085540616392	273.210980403
1396	-37.48085540616392	273.37639178
1397	-37.48085540616392	273.538194094
1398	-37.48085540616392	273.752266107
1399	-37.48085540616392	273.981465738
1400	-37.48085540616392	274.166932094
1401	-37.48085540616392	274.362462716
1402	-37.48085540616392	274.529513696
1403	-37.48085540616392	274.696858327
1404	-37.48085540616392	274.883710833
1405	-37.48085540616392	275.055214483
1406	-37.48085540616392	275.35842629
1407	-37.48085540616392	275.553779866
1408	-37.48085540616392	275.791718626
1409	-37.48085540616392	275.995602354
1410	-37.48085540616392	276.169150446
1411	-37.48085540616392	276.345460289
1412	-37.48085540616392	276.55626279
1413	-37.48085540616392	276.740643491
1414	-37.48085540616392	276.934582123
1415	-37.48085540616392	277.140577576
1416	-37.48085540616392	277.320284939
1417	-37.48085540616392	277.571404949
1418	-37.48085540616392	277.785475251
1419	-37.48085540616392	277.974502774
1420	-37.48085540616392	278.14780226
1421	-37.48085540616392	278.332945599
1422	-37.48085540616392	278.538182405
1423	-37.48085540616392	278.723720036
1424	-37.48085540616392	278.880654005
1425	-37.48085540616392	279.039053667
1426	-37.48085540616392	279.206293382
1427	-37.48085540616392	279.404083696
1428	-37.48085540616392	279.959740937
1429	-37.48085540616392	280.248753121
1430	-37.48085540616392	280.572801362
1431	-37.48085540616392	280.824627847
1432	-37.48085540616392	281.102511491
1433	-37.48085540616392	281.379119604
1434	-37.48085540616392	281.615083771
1435	-37.48085540616392	281.895981478
1436	-37.48085540616392	282.122063841
1437	-37.48085540616392	282.379834917
1438	-37.48085540616392	282.655091947
1439	-37.48085540616392	282.920610579
1440	-37.48085540616392	283.222312504
1441	-37.48085540616392	283.494003236
1442	-37.48085540616392	283.713884703
1443	-37.48085540616392	283.977125111
1444	-37.48085540616392	284.237522231
1445	-37.48085540616392	284.505194497
1446	-37.48085540616392	284.781606463
1447	-37.48085540616392	285.094099086
1448	-37.48085540616392	285.411471172
1449	-37.48085540616392	285.650628728
1450	-37.48085540616392	285.892347896
1451	-37.48085540616392	286.154168513
1452	-37.48085540616392	286.419801184
1453	-37.48085540616392	286.814129945
1454	-37.48085540616392	287.199512881
1455	-37.48085540616392	287.425482629
1456	-37.48085540616392	287.641256681
1457	-37.48085540616392	287.928766395
1458	-37.48085540616392	288.273171819
1459	-37.48085540616392	288.603342554
1460	-37.48085540616392	288.905017394
1461	-37.48085540616392	289.371439902
1462	-37.48085540616392	289.647637758
1463	-37.48085540616392	289.900362589
1464	-37.48085540616392	290.140651416
1465	-37.48085540616392	290.317239516
1466	-37.48085540616392	290.523323349
1467	-37.48085540616392	290.679676858
1468	-37.48085540616392	290.840591089
1469	-37.48085540616392	290.994245569
1470	-37.48085540616392	291.152286007
1471	-37.48085540616392	291.316551573
1472	-37.48085540616392	291.491886663
1473	-37.48085540616392	291.649405085
1474	-37.48085540616392	291.853143412
1475	-37.48085540616392	292.028380144
1476	-37.48085540616392	292.224233213
1477	-37.48085540616392	292.402410167
1478	-37.48085540616392	292.567035527
1479	-37.48085540616392	292.73754846
1480	-37.48085540616392	292.903810857
1481	-37.48085540616392	293.079893476
1482	-37.48085540616392	293.230588917
1483	-37.48085540616392	293.388951516
1484	-37.48085540616392	293.558105098
1485	-37.48085540616392	293.718591966
1486	-37.48085540616392	293.90952794
1487	-37.48085540616392	294.084532886
1488	-37.48085540616392	294.266962656
1489	-37.48085540616392	294.425714985
1490	-37.48085540616392	294.596529837
1491	-37.48085540616392	294.788812616
1492	-37.48085540616392	294.974684382
1493	-37.48085540616392	295.149074656
1494	-37.48085540616392	295.337917149
1495	-37.48085540616392	295.508860296
1496	-37.48085540616392	295.705611711
1497	-37.48085540616392	295.898146517
1498	-37.48085540616392	296.068063593
1499	-37.48085540616392	296.223478272
1500	-37.48085540616392	296.385391204
1501	-37.48085540616392	296.530404914
1502	-37.48085540616392	296.714236515
1503	-37.48085540616392	296.869892102
1504	-37.48085540616392	297.091562563
1505	-37.48085540616392	297.264143886
1506	-37.48085540616392	297.463279581
1507	-37.48085540616392	297.631534817
1508	-37.48085540616392	297.803812795
1509	-37.48085540616392	297.960807491
1510	-37.48085540616392	298.140768022
1511	-37.48085540616392	298.316594908
1512	-37.48085540616392	298.509648878
1513	-37.48085540616392	298.683893182
1514	-37.48085540616392	298.878576206
1515	-37.48085540616392	299.039504693
1516	-37.48085540616392	299.228935915
1517	-37.48085540616392	299.427618873
1518	-37.48085540616392	299.592148441
1519	-37.48085540616392	299.755472041
1520	-37.48085540616392	299.95352265
1521	-37.48085540616392	300.126661341
1522	-37.48085540616392	300.338838018
1523	-37.48085540616392	300.52073893
1524	-37.48085540616392	300.708325279
1525	-37.48085540616392	300.868338029
1526	-37.48085540616392	301.089597378
1527	-37.48085540616392	301.268841456
1528	-37.48085540616392	301.437593049
1529	-37.48085540616392	301.605071677
1530	-37.48085540616392	301.773187785
1531	-37.48085540616392	301.957185883
1532	-37.48085540616392	302.142941899
1533	-37.48085540616392	302.30106473
1534	-37.48085540616392	302.547321242
1535	-37.48085540616392	302.750217958
1536	-37.48085540616392	302.980666036
1537	-37.48085540616392	303.210444703
1538	-37.48085540616392	303.456728585
1539	-37.48085540616392	303.617156153
1540	-37.48085540616392	303.774121198
1541	-37.48085540616392	303.979324362
1542	-37.48085540616392	304.151993495
1543	-37.48085540616392	304.311481949
1544	-37.48085540616392	304.478556591
1545	-37.48085540616392	304.641247558
1546	-37.48085540616392	304.849200783
1547	-37.48085540616392	305.055733077
1548	-37.48085540616392	305.268899901
1549	-37.48085540616392	305.466745525
1550	-37.48085540616392	305.637847186
1551	-37.48085540616392	305.797187388
1552	-37.48085540616392	305.963964958
1553	-37.48085540616392	306.128175215
1554	-37.48085540616392	306.282434959
1555	-37.48085540616392	306.453084739
1556	-37.48085540616392	306.664526431
1557	-37.48085540616392	306.831857948
1558	-37.48085540616392	307.014648653
1559	-37.48085540616392	307.192453838
1560	-37.48085540616392	307.345190871
1561	-37.48085540616392	307.523448508
1562	-37.48085540616392	307.690419945
1563	-37.48085540616392	307.907109733
1564	-37.48085540616392	308.092061486
1565	-37.48085540616392	308.269186711
1566	-37.48085540616392	308.47606711
1567	-37.48085540616392	308.646977755
1568	-37.48085540616392	308.821223484
1569	-37.48085540616392	309.003299732
1570	-37.48085540616392	309.209488482
1571	-37.48085540616392	309.380168767
1572	-37.48085540616392	309.556903977
1573	-37.48085540616392	309.731959101
1574	-37.48085540616392	309.918463501
1575	-37.48085540616392	310.11314396
1576	-37.48085540616392	310.337740388
1577	-37.48085540616392	310.50435032
1578	-37.48085540616392	310.677987078
1579	-37.48085540616392	310.833093566
1580	-37.48085540616392	311.038108565
1581	-37.48085540616392	311.21383253
1582	-37.48085540616392	311.393364843
1583	-37.48085540616392	311.570256572
1584	-37.48085540616392	311.741862002
1585	-37.48085540616392	311.916239447
1586	-37.48085540616392	312.117511386
1587	-37.48085540616392	312.287461818
1588	-37.48085540616392	312.45534272
1589	-37.48085540616392	312.615234588
1590	-37.48085540616392	312.792305644
1591	-37.48085540616392	312.973923739
1592	-37.48085540616392	313.159148331
1593	-37.48085540616392	313.344823664
1594	-37.48085540616392	313.517921586
1595	-37.48085540616392	313.706267438
1596	-37.48085540616392	313.896218965
1597	-37.48085540616392	314.061076681
1598	-37.48085540616392	314.217653422
1599	-37.48085540616392	314.434958453
1600	-37.48085540616392	314.59934262
1601	-37.48085540616392	314.788780114
1602	-37.48085540616392	314.979762274
1603	-37.48085540616392	315.16501281
1604	-37.48085540616392	315.35406314
1605	-37.48085540616392	315.516991879
1606	-37.48085540616392	315.735867518
1607	-37.48085540616392	315.905842469
1608	-37.48085540616392	316.080897878
1609	-37.48085540616392	316.259582593
1610	-37.48085540616392	316.417908129
1611	-37.48085540616392	316.589434302
1612	-37.48085540616392	316.75850492
1613	-37.48085540616392	316.920265324
1614	-37.48085540616392	317.082119811
1615	-37.48085540616392	317.255118519
1616	-37.48085540616392	317.473646908
1617	-37.48085540616392	317.649169308
1618	-37.48085540616392	317.839681055
1619	-37.48085540616392	318.008416682
1620	-37.48085540616392	318.216848588
1621	-37.48085540616392	318.464743848
1622	-37.48085540616392	318.673546667
1623	-37.48085540616392	318.895586901
1624	-37.48085540616392	319.091016314
1625	-37.48085540616392	319.337730125
1626	-37.48085540616392	319.620041066
1627	-37.48085540616392	319.802008976
1628	-37.48085540616392	319.997262768
1629	-37.48085540616392	320.197244351
1630	-37.48085540616392	320.389343811
1631	-37.48085540616392	320.656323288
1632	-37.48085540616392	320.823746037
1633	-37.48085540616392	321.004952163
1634	-37.48085540616392	321.195086154
1635	-37.48085540616392	321.378375212
1636	-37.48085540616392	321.579533396
1637	-37.48085540616392	321.746025013
1638	-37.48085540616392	321.912624396
1639	-37.48085540616392	322.113148236
1640	-37.48085540616392	322.301357811
1641	-37.48085540616392	322.481658465
1642	-37.48085540616392	322.688819401
1643	-37.48085540616392	322.918269919
1644	-37.48085540616392	323.098614478
1645	-37.48085540616392	323.328798555
1646	-37.48085540616392	323.533345992
1647	-37.48085540616392	323.726209517
1648	-37.48085540616392	323.914211825
1649	-37.48085540616392	324.098315409
1650	-37.48085540616392	324.304948628
1651	-37.48085540616392	324.505255793
1652	-37.48085540616392	324.683312151
1653	-37.48085540616392	324.87760459
1654	-37.48085540616392	325.075849637
1655	-37.48085540616392	325.289323513
1656	-37.48085540616392	325.567149852
1657	-37.48085540616392	325.779118122
1658	-37.48085540616392	325.978529507
1659	-37.48085540616392	326.179846207
1660	-37.48085540616392	326.356367308
1661	-37.48085540616392	326.551928436
1662	-37.48085540616392	326.859643661
1663	-37.48085540616392	327.124928797
1664	-37.48085540616392	327.321254275
1665	-37.48085540616392	327.511017067
1666	-37.48085540616392	327.78758099
1667	-37.48085540616392	327.96469139
1668	-37.48085540616392	328.121585445
1669	-37.48085540616392	328.335915757
1670	-37.48085540616392	328.490316625
1671	-37.48085540616392	328.652720212
1672	-37.48085540616392	328.853485816
1673	-37.48085540616392	329.027795407
1674	-37.48085540616392	329.191357064
1675	-37.48085540616392	329.362541404
1676	-37.48085540616392	329.564781538
1677	-37.48085540616392	329.735691612
1678	-37.48085540616392	329.920869163
1679	-37.48085540616392	330.10376507
1680	-37.48085540616392	330.301183331
1681	-37.48085540616392	330.477961876
1682	-37.48085540616392	330.66196311
1683	-37.48085540616392	330.838425195
1684	-37.48085540616392	331.001061708
1685	-37.48085540616392	331.154663159
1686	-37.48085540616392	331.376393206
1687	-37.48085540616392	331.566736174
1688	-37.48085540616392	331.740940278
1689	-37.48085540616392	331.932654001
1690	-37.48085540616392	332.126578092
1691	-37.48085540616392	332.288778404
1692	-37.48085540616392	332.467725409
1693	-37.48085540616392	332.652196486
1694	-37.48085540616392	332.827972339
1695	-37.48085540616392	332.991995286
1696	-37.48085540616392	333.201153623
1697	-37.48085540616392	333.371080963
1698	-37.48085540616392	333.535119591
1699	-37.48085540616392	333.703943028
1700	-37.48085540616392	333.880388863
1701	-37.48085540616392	334.051121037
1702	-37.48085540616392	334.211144905
1703	-37.48085540616392	334.396996999
1704	-37.48085540616392	334.592619139
1705	-37.48085540616392	334.775592022
1706	-37.48085540616392	334.977807352
1707	-37.48085540616392	335.159225878
1708	-37.48085540616392	335.341494567
1709	-37.48085540616392	335.525017976
1710	-37.48085540616392	335.702655238
1711	-37.48085540616392	335.874508419
1712	-37.48085540616392	336.069238485
1713	-37.48085540616392	336.245729935
1714	-37.48085540616392	336.425412495
1715	-37.48085540616392	336.640351493
1716	-37.48085540616392	336.915779012
1717	-37.48085540616392	337.161838807
1718	-37.48085540616392	337.372224209
1719	-37.48085540616392	337.620175632
1720	-37.48085540616392	337.789060081
1721	-37.48085540616392	337.960300015
1722	-37.48085540616392	338.130383874
1723	-37.48085540616392	338.294732689
1724	-37.48085540616392	338.486610628
1725	-37.48085540616392	338.675794385
1726	-37.48085540616392	338.906422645
1727	-37.48085540616392	339.086690798
1728	-37.48085540616392	339.255520223
1729	-37.48085540616392	339.431386167
1730	-37.48085540616392	339.664876533
1731	-37.48085540616392	339.867971962
1732	-37.48085540616392	340.084633811
1733	-37.48085540616392	340.288918672
1734	-37.48085540616392	340.478980533
1735	-37.48085540616392	340.677449667
1736	-37.48085540616392	340.839970715
1737	-37.48085540616392	341.014313947
1738	-37.48085540616392	341.173231348
1739	-37.48085540616392	341.330661674
1740	-37.48085540616392	341.488049236
1741	-37.48085540616392	341.653572087
1742	-37.48085540616392	341.8033076
1743	-37.48085540616392	341.958636465
1744	-37.48085540616392	342.107015194
1745	-37.48085540616392	342.266661877
1746	-37.48085540616392	342.442010368
1747	-37.48085540616392	342.607586532
1748	-37.48085540616392	342.754372415
1749	-37.48085540616392	342.904483974
1750	-37.48085540616392	343.053782432
1751	-37.48085540616392	343.222735305
1752	-37.48085540616392	343.373512854
1753	-37.48085540616392	343.529303578
1754	-37.48085540616392	343.699125147
1755	-37.48085540616392	343.883843689
1756	-37.48085540616392	344.056084889
1757	-37.48085540616392	344.221174105
1758	-37.48085540616392	344.388219382
1759	-37.48085540616392	344.544255006
1760	-37.48085540616392	344.707178043
1761	-37.48085540616392	344.863390712
1762	-37.48085540616392	345.032471309
1763	-37.48085540616392	345.206870991
1764	-37.48085540616392	345.381794685
1765	-37.48085540616392	345.579147658
1766	-37.48085540616392	345.785651157
1767	-37.48085540616392	345.949508747
1768	-37.48085540616392	346.132319694
1769	-37.48085540616392	346.298455792
1770	-37.48085540616392	346.457260864
1771	-37.48085540616392	346.626184371
1772	-37.48085540616392	346.78912936
1773	-37.48085540616392	346.968563884
1774	-37.48085540616392	347.113570182
1775	-37.48085540616392	347.340949458
1776	-37.48085540616392	347.519375018
1777	-37.48085540616392	347.674011948
1778	-37.48085540616392	347.83767396
1779	-37.48085540616392	348.012709127
1780	-37.48085540616392	348.186093288
1781	-37.48085540616392	348.341062358
1782	-37.48085540616392	348.514597621
1783	-37.48085540616392	348.662580918
1784	-37.48085540616392	348.817895813
1785	-37.48085540616392	349.007201592
1786	-37.48085540616392	349.165074106
1787	-37.48085540616392	349.319725005
1788	-37.48085540616392	349.500242619
1789	-37.48085540616392	349.667854103
1790	-37.48085540616392	349.825044376
1791	-37.48085540616392	349.993127983
1792	-37.48085540616392	350.197195884
1793	-37.48085540616392	350.360058765
1794	-37.48085540616392	350.533626529
1795	-37.48085540616392	350.729849371
1796	-37.48085540616392	350.887620105
1797	-37.48085540616392	351.053654423
1798	-37.48085540616392	351.223298375
1799	-37.48085540616392	351.381223917
1800	-37.48085540616392	351.532096405
1801	-37.48085540616392	351.687321493
1802	-37.48085540616392	351.829936098
1803	-37.48085540616392	351.976506162
1804	-37.48085540616392	352.126815009
1805	-37.48085540616392	352.302110756
1806	-37.48085540616392	352.516863299
1807	-37.48085540616392	352.692240014
1808	-37.48085540616392	352.851052499
1809	-37.48085540616392	353.032046797
1810	-37.48085540616392	353.284158666
1811	-37.48085540616392	353.449223078
1812	-37.48085540616392	353.610016998
1813	-37.48085540616392	353.77554498
1814	-37.48085540616392	353.934877485
1815	-37.48085540616392	354.094916463
1816	-37.48085540616392	354.310240344
1817	-37.48085540616392	354.466275968
1818	-37.48085540616392	354.611075569
1819	-37.48085540616392	354.764142746
1820	-37.48085540616392	354.934207503
1821	-37.48085540616392	355.102472147
1822	-37.48085540616392	355.271285607
1823	-37.48085540616392	355.460358745
1824	-37.48085540616392	355.615354044
1825	-37.48085540616392	355.797970269
1826	-37.48085540616392	355.979243679
1827	-37.48085540616392	356.140061262
1828	-37.48085540616392	356.292473567
1829	-37.48085540616392	356.450339809
1830	-37.48085540616392	356.596550364
1831	-37.48085540616392	356.742267127
1832	-37.48085540616392	356.913007853
1833	-37.48085540616392	357.06386352
1834	-37.48085540616392	357.215348684
1835	-37.48085540616392	357.364693328
1836	-37.48085540616392	357.563307863
1837	-37.48085540616392	357.733642323
1838	-37.48085540616392	357.891299303
1839	-37.48085540616392	358.054265104
1840	-37.48085540616392	358.208583864
1841	-37.48085540616392	358.355523416
1842	-37.48085540616392	358.519719988
1843	-37.48085540616392	358.668322235
1844	-37.48085540616392	358.827146408
1845	-37.48085540616392	358.991476121
1846	-37.48085540616392	359.180926445
1847	-37.48085540616392	359.335394882
1848	-37.48085540616392	359.483951228
1849	-37.48085540616392	359.646245622
1850	-37.48085540616392	359.812792547
1851	-37.48085540616392	359.971185081
1852	-37.48085540616392	360.145385194
1853	-37.48085540616392	360.309227674
1854	-37.48085540616392	360.474776754
1855	-37.48085540616392	360.647488367
1856	-37.48085540616392	360.833739884
1857	-37.48085540616392	360.996174547
1858	-37.48085540616392	361.15670475
1859	-37.48085540616392	361.323750598
1860	-37.48085540616392	361.473849328
1861	-37.48085540616392	361.62148338
1862	-37.48085540616392	361.777960906
1863	-37.48085540616392	361.930287397
1864	-37.48085540616392	362.086226657
1865	-37.48085540616392	362.23737626
1866	-37.48085540616392	362.416257408
1867	-37.48085540616392	362.57913996
1868	-37.48085540616392	362.783858457
1869	-37.48085540616392	362.951549768
1870	-37.48085540616392	363.109928047
1871	-37.48085540616392	363.265196185
1872	-37.48085540616392	363.428911226
1873	-37.48085540616392	363.587282947
1874	-37.48085540616392	363.748796456
1875	-37.48085540616392	363.906467691
1876	-37.48085540616392	364.083416155
1877	-37.48085540616392	364.25068666
1878	-37.48085540616392	364.421628951
1879	-37.48085540616392	364.583393917
1880	-37.48085540616392	364.741028659
1881	-37.48085540616392	364.919774099
1882	-37.48085540616392	365.084798313
1883	-37.48085540616392	365.26762437
1884	-37.48085540616392	365.446488127
1885	-37.48085540616392	365.616268926
1886	-37.48085540616392	365.804833448
1887	-37.48085540616392	365.975089222
1888	-37.48085540616392	366.130118162
1889	-37.48085540616392	366.272747022
1890	-37.48085540616392	366.422706624
1891	-37.48085540616392	366.574051235
1892	-37.48085540616392	366.735534238
1893	-37.48085540616392	366.892841402
1894	-37.48085540616392	367.058833525
1895	-37.48085540616392	367.218607077
1896	-37.48085540616392	367.40889445
1897	-37.48085540616392	367.573035713
1898	-37.48085540616392	367.777152367
1899	-37.48085540616392	368.003325676
1900	-37.48085540616392	368.206282833
1901	-37.48085540616392	368.42455834
1902	-37.48085540616392	368.628255043
1903	-37.48085540616392	368.851771803
1904	-37.48085540616392	369.025156819
1905	-37.48085540616392	369.183883488
1906	-37.48085540616392	369.386432669
1907	-37.48085540616392	369.540396196
1908	-37.48085540616392	369.721489709
1909	-37.48085540616392	369.89548227
1910	-37.48085540616392	370.064900424
1911	-37.48085540616392	370.228247402
1912	-37.48085540616392	370.399969723
1913	-37.48085540616392	370.557191357
1914	-37.48085540616392	370.725073399
1915	-37.48085540616392	370.906997689
1916	-37.48085540616392	371.106301307
1917	-37.48085540616392	371.255920786
1918	-37.48085540616392	371.443614332
1919	-37.48085540616392	371.642947316
1920	-37.48085540616392	371.801828794
1921	-37.48085540616392	371.965136999
1922	-37.48085540616392	372.128834078
1923	-37.48085540616392	372.288702283
1924	-37.48085540616392	372.460489891
1925	-37.48085540616392	372.632341646
1926	-37.48085540616392	372.830357189
1927	-37.48085540616392	372.999378485
1928	-37.48085540616392	373.19887597
1929	-37.48085540616392	373.36518997
1930	-37.48085540616392	373.511096609
1931	-37.48085540616392	373.670928036
1932	-37.48085540616392	373.829640736
1933	-37.48085540616392	374.016247771
1934	-37.48085540616392	374.195206751
1935	-37.48085540616392	374.386831807
1936	-37.48085540616392	374.582221877
1937	-37.48085540616392	374.768271259
1938	-37.48085540616392	374.93265343
1939	-37.48085540616392	375.133259379
1940	-37.48085540616392	375.330035598
1941	-37.48085540616392	375.496290297
1942	-37.48085540616392	375.652994192
1943	-37.48085540616392	375.829408095
1944	-37.48085540616392	375.979622575
1945	-37.48085540616392	376.128261885
1946	-37.48085540616392	376.280054956
1947	-37.48085540616392	376.465387886
1948	-37.48085540616392	376.619369659
1949	-37.48085540616392	376.778445574
1950	-37.48085540616392	376.979786507
1951	-37.48085540616392	377.177637833
1952	-37.48085540616392	377.34607097
1953	-37.48085540616392	377.500959357
1954	-37.48085540616392	377.672547396
1955	-37.48085540616392	377.862390301
1956	-37.48085540616392	378.030318244
1957	-37.48085540616392	378.229535763
1958	-37.48085540616392	378.409685884
1959	-37.48085540616392	378.571696035
1960	-37.48085540616392	378.764087437
1961	-37.48085540616392	378.93685664
1962	-37.48085540616392	379.10898266
1963	-37.48085540616392	379.297171423
1964	-37.48085540616392	379.458966609
1965	-37.48085540616392	379.62454819
1966	-37.48085540616392	379.821789975
1967	-37.48085540616392	380.032548001
1968	-37.48085540616392	380.208482939
1969	-37.48085540616392	380.385034831
1970	-37.48085540616392	380.544261848
1971	-37.48085540616392	380.702899282
1972	-37.48085540616392	380.872072821
1973	-37.48085540616392	381.044482515
1974	-37.48085540616392	381.213406592
1975	-37.48085540616392	381.382409928
1976	-37.48085540616392	381.535940104
1977	-37.48085540616392	381.736098163
1978	-37.48085540616392	381.90129087
1979	-37.48085540616392	382.080747061
1980	-37.48085540616392	382.253057255
1981	-37.48085540616392	382.439431365
1982	-37.48085540616392	382.600996192
1983	-37.48085540616392	382.752498177
1984	-37.48085540616392	382.907290485
1985	-37.48085540616392	383.071881919
1986	-37.48085540616392	383.233686799
1987	-37.48085540616392	383.408410923
1988	-37.48085540616392	383.611632081
1989	-37.48085540616392	383.800629954
1990	-37.48085540616392	384.012970848
1991	-37.48085540616392	384.205606009
1992	-37.48085540616392	384.419279168
1993	-37.48085540616392	384.669722639
1994	-37.48085540616392	384.827473701
1995	-37.48085540616392	385.010222782
1996	-37.48085540616392	385.202014051
1997	-37.48085540616392	385.374208495
1998	-37.48085540616392	385.568611838
1999	-37.48085540616392	385.739131327
2000	-37.48085540616392	385.911520779
2001	-37.48085540616392	386.078683517
2002	-37.48085540616392	386.279634435
2003	-37.48085540616392	386.448028515
2004	-37.48085540616392	386.639028635
2005	-37.48085540616392	386.810007989
2006	-37.48085540616392	386.982756379
2007	-37.48085540616392	387.154631513
2008	-37.48085540616392	387.338746216
2009	-37.48085540616392	387.490489965
2010	-37.48085540616392	387.645356399
2011	-37.48085540616392	387.802566914
2012	-37.48085540616392	387.961514821
2013	-37.48085540616392	388.146334573
2014	-37.48085540616392	388.325557268
2015	-37.48085540616392	388.520202089
2016	-37.48085540616392	388.709187703
2017	-37.48085540616392	388.885542876
2018	-37.48085540616392	389.13392765
2019	-37.48085540616392	389.303413087
2020	-37.48085540616392	389.44479293
2021	-37.48085540616392	389.615713269
2022	-37.48085540616392	389.776495499
2023	-37.48085540616392	389.958769606
2024	-37.48085540616392	390.178722348
2025	-37.48085540616392	390.365232735
2026	-37.48085540616392	390.546148631
2027	-37.48085540616392	390.724197291
2028	-37.48085540616392	390.942238732
2029	-37.48085540616392	391.115152194
2030	-37.48085540616392	391.296437579
2031	-37.48085540616392	391.489222702
2032	-37.48085540616392	391.674339526
2033	-37.48085540616392	391.854569761
2034	-37.48085540616392	392.007018843
2035	-37.48085540616392	392.188419693
2036	-37.48085540616392	392.37127312
2037	-37.48085540616392	392.544581729
2038	-37.48085540616392	392.762993228
2039	-37.48085540616392	392.944181964
2040	-37.48085540616392	393.109802604
2041	-37.48085540616392	393.270751902
2042	-37.48085540616392	393.439031087
2043	-37.48085540616392	393.607462229
2044	-37.48085540616392	393.777524135
2045	-37.48085540616392	393.942280356
2046	-37.48085540616392	394.093804294
2047	-37.48085540616392	394.240748977
2048	-37.48085540616392	394.423148812
2049	-37.48085540616392	394.621211966
2050	-37.48085540616392	394.779757883
2051	-37.48085540616392	394.948118321
2052	-37.48085540616392	395.122506599
2053	-37.48085540616392	395.29402821
2054	-37.48085540616392	395.463240237
2055	-37.48085540616392	395.635073462
2056	-37.48085540616392	395.796841849
2057	-37.48085540616392	395.960681192
2058	-37.48085540616392	396.123650129
2059	-37.48085540616392	396.31806288
2060	-37.48085540616392	396.495034722
2061	-37.48085540616392	396.65534426
2062	-37.48085540616392	396.807812159
2063	-37.48085540616392	396.963930176
2064	-37.48085540616392	397.110459471
2065	-37.48085540616392	397.268191716
2066	-37.48085540616392	397.437224132
2067	-37.48085540616392	397.601283001
2068	-37.48085540616392	397.758287105
2069	-37.48085540616392	397.972161544
2070	-37.48085540616392	398.137364229
2071	-37.48085540616392	398.321631175
2072	-37.48085540616392	398.476968022
2073	-37.48085540616392	398.640084355
2074	-37.48085540616392	398.814012199
2075	-37.48085540616392	398.985810926
2076	-37.48085540616392	399.147049885
2077	-37.48085540616392	399.296922531
2078	-37.48085540616392	399.470814168
2079	-37.48085540616392	399.681900627
2080	-37.48085540616392	399.872390991
2081	-37.48085540616392	400.070821637
2082	-37.48085540616392	400.282026128
2083	-37.48085540616392	400.533913623
2084	-37.48085540616392	400.70828394
2085	-37.48085540616392	400.868728614
2086	-37.48085540616392	401.040050942
2087	-37.48085540616392	401.201539077
2088	-37.48085540616392	401.368843509
2089	-37.48085540616392	401.554219489
2090	-37.48085540616392	401.708256001
2091	-37.48085540616392	401.858335914
2092	-37.48085540616392	402.018384586
2093	-37.48085540616392	402.189082547
2094	-37.48085540616392	402.350358284
2095	-37.48085540616392	402.531230275
2096	-37.48085540616392	402.702125525
2097	-37.48085540616392	402.870966924
2098	-37.48085540616392	403.048530345
2099	-37.48085540616392	403.268583727
2100	-37.48085540616392	403.454199475
2101	-37.48085540616392	403.628033521
2102	-37.48085540616392	403.791504517
2103	-37.48085540616392	403.952884885
2104	-37.48085540616392	404.113143104
2105	-37.48085540616392	404.278845282
2106	-37.48085540616392	404.44051531
2107	-37.48085540616392	404.601496255
2108	-37.48085540616392	404.770243857
2109	-37.48085540616392	404.987866773
2110	-37.48085540616392	405.166095899
2111	-37.48085540616392	405.389040181
2112	-37.48085540616392	405.562234181
2113	-37.48085540616392	405.731151132
2114	-37.48085540616392	405.934659384
2115	-37.48085540616392	406.096203684
2116	-37.48085540616392	406.259092508
2117	-37.48085540616392	406.410962271
2118	-37.48085540616392	406.567202025
2119	-37.48085540616392	406.769029907
2120	-37.48085540616392	406.947560098
2121	-37.48085540616392	407.10535535
2122	-37.48085540616392	407.26422856
2123	-37.48085540616392	407.430211275
2124	-37.48085540616392	407.619741997
2125	-37.48085540616392	407.800365953
2126	-37.48085540616392	407.983940679
2127	-37.48085540616392	408.15858298
2128	-37.48085540616392	408.332042692
2129	-37.48085540616392	408.52394572
2130	-37.48085540616392	408.705657326
2131	-37.48085540616392	408.874893872
2132	-37.48085540616392	409.04555306
2133	-37.48085540616392	409.210778268
2134	-37.48085540616392	409.369111217
2135	-37.48085540616392	409.529897154
2136	-37.48085540616392	409.682432051
2137	-37.48085540616392	409.868519352
2138	-37.48085540616392	410.051360234
2139	-37.48085540616392	410.271936772
2140	-37.48085540616392	410.484465546
2141	-37.48085540616392	410.672381469
2142	-37.48085540616392	410.849425156
2143	-37.48085540616392	411.02501541
2144	-37.48085540616392	411.204653779
2145	-37.48085540616392	411.405103494
2146	-37.48085540616392	411.571631032
2147	-37.48085540616392	411.722657473
2148	-37.48085540616392	411.887681401
2149	-37.48085540616392	412.075938303
2150	-37.48085540616392	412.243024064
2151	-37.48085540616392	412.418515959
2152	-37.48085540616392	412.592635104
2153	-37.48085540616392	412.752773012
2154	-37.48085540616392	412.915841164
2155	-37.48085540616392	413.069400136
2156	-37.48085540616392	413.210419899
2157	-37.48085540616392	413.359507384
2158	-37.48085540616392	413.533936716
2159	-37.48085540616392	413.721703533
2160	-37.48085540616392	413.891253687
2161	-37.48085540616392	414.045687912
2162	-37.48085540616392	414.206169364
2163	-37.48085540616392	414.350771962
2164	-37.48085540616392	414.533940138
2165	-37.48085540616392	414.704118364
2166	-37.48085540616392	414.884113107
2167	-37.48085540616392	415.0771437
2168	-37.48085540616392	415.24739092
2169	-37.48085540616392	415.418553592
2170	-37.48085540616392	415.64233863
2171	-37.48085540616392	415.805578126
2172	-37.48085540616392	415.957126297
2173	-37.48085540616392	416.140914277
2174	-37.48085540616392	416.350627417
2175	-37.48085540616392	416.529542776
2176	-37.48085540616392	416.744081495
2177	-37.48085540616392	416.93700147
2178	-37.48085540616392	417.143597626
2179	-37.48085540616392	417.34807892
2180	-37.48085540616392	417.685111978
2181	-37.48085540616392	417.876095563
2182	-37.48085540616392	418.030653806
2183	-37.48085540616392	418.23903867
2184	-37.48085540616392	418.396715037
2185	-37.48085540616392	418.558239379
2186	-37.48085540616392	418.728784528
2187	-37.48085540616392	418.897508751
2188	-37.48085540616392	419.05824052
2189	-37.48085540616392	419.255255366
2190	-37.48085540616392	419.456383045
2191	-37.48085540616392	419.627283426
2192	-37.48085540616392	419.813194536
2193	-37.48085540616392	420.001498479
2194	-37.48085540616392	420.196870872
2195	-37.48085540616392	420.383734211
2196	-37.48085540616392	420.561298773
2197	-37.48085540616392	420.73618968
2198	-37.48085540616392	420.907535385
2199	-37.48085540616392	421.084778356
2200	-37.48085540616392	421.283787467
2201	-37.48085540616392	421.47411675
2202	-37.48085540616392	421.657966027
2203	-37.48085540616392	421.856204516
2204	-37.48085540616392	422.046603934
2205	-37.48085540616392	422.234796118
2206	-37.48085540616392	422.426370712
2207	-37.48085540616392	422.61821843
2208	-37.48085540616392	422.772767835
2209	-37.48085540616392	422.922732568
2210	-37.48085540616392	423.13921566
2211	-37.48085540616392	423.346727553
2212	-37.48085540616392	423.522911952
2213	-37.48085540616392	423.676495157
2214	-37.48085540616392	423.870245624
2215	-37.48085540616392	424.039041407
2216	-37.48085540616392	424.214391323
2217	-37.48085540616392	424.402972382
2218	-37.48085540616392	424.592343448
2219	-37.48085540616392	424.75369331
2220	-37.48085540616392	424.953219876
2221	-37.48085540616392	425.189555811
2222	-37.48085540616392	425.366247401
2223	-37.48085540616392	425.536404815
2224	-37.48085540616392	425.717769457
2225	-37.48085540616392	425.89322828
2226	-37.48085540616392	426.082725361
2227	-37.48085540616392	426.254708547
2228	-37.48085540616392	426.430465868
2229	-37.48085540616392	426.592722344
2230	-37.48085540616392	426.770518692
2231	-37.48085540616392	426.961344046
2232	-37.48085540616392	427.108818158
2233	-37.48085540616392	427.271638559
2234	-37.48085540616392	427.413909335
2235	-37.48085540616392	427.568117762
2236	-37.48085540616392	427.769333537
2237	-37.48085540616392	428.001773599
2238	-37.48085540616392	428.183318993
2239	-37.48085540616392	428.342593907
2240	-37.48085540616392	428.523103823
2241	-37.48085540616392	429.000055024
2242	-37.48085540616392	429.256183362
2243	-37.48085540616392	429.512566293
2244	-37.48085540616392	429.753514839
2245	-37.48085540616392	430.002593828
2246	-37.48085540616392	430.261886475
2247	-37.48085540616392	430.531612592
2248	-37.48085540616392	430.764643094
2249	-37.48085540616392	431.12185971
2250	-37.48085540616392	431.729310535
2251	-37.48085540616392	432.186875313
2252	-37.48085540616392	432.565776817
2253	-37.48085540616392	432.843495104
2254	-37.48085540616392	433.085500796
2255	-37.48085540616392	433.358791216
2256	-37.48085540616392	433.630038335
2257	-37.48085540616392	433.920780213
2258	-37.48085540616392	434.181426508
2259	-37.48085540616392	434.433930957
2260	-37.48085540616392	434.721088575
2261	-37.48085540616392	435.032738162
2262	-37.48085540616392	435.306532351
2263	-37.48085540616392	435.602325892
2264	-37.48085540616392	435.863748796
2265	-37.48085540616392	436.107466505
2266	-37.48085540616392	436.34177653
2267	-37.48085540616392	436.58687155
2268	-37.48085540616392	436.822587681
2269	-37.48085540616392	437.074952146
2270	-37.48085540616392	437.318833787
2271	-37.48085540616392	437.553935815
2272	-37.48085540616392	437.775347692
2273	-37.48085540616392	438.032854482
2274	-37.48085540616392	438.321444435
2275	-37.48085540616392	438.573004923
2276	-37.48085540616392	438.830550486
2277	-37.48085540616392	439.090806481
2278	-37.48085540616392	439.333224141
2279	-37.48085540616392	439.593921184
2280	-37.48085540616392	439.849329078
2281	-37.48085540616392	440.127920337
2282	-37.48085540616392	440.406893343
2283	-37.48085540616392	440.662216277
2284	-37.48085540616392	440.905794288
2285	-37.48085540616392	441.149595246
2286	-37.48085540616392	441.371904613
2287	-37.48085540616392	441.714815835
2288	-37.48085540616392	441.879505913
2289	-37.48085540616392	442.049162124
2290	-37.48085540616392	442.21576892
2291	-37.48085540616392	442.383865641
2292	-37.48085540616392	442.543704766
2293	-37.48085540616392	442.753817899
2294	-37.48085540616392	442.953197068
2295	-37.48085540616392	443.153270452
2296	-37.48085540616392	443.33684974
2297	-37.48085540616392	443.538896292
2298	-37.48085540616392	443.788311697
2299	-37.48085540616392	443.951495884
2300	-37.48085540616392	444.109360986
2301	-37.48085540616392	444.301680543
2302	-37.48085540616392	444.475975593
2303	-37.48085540616392	444.650982821
2304	-37.48085540616392	444.824372113
2305	-37.48085540616392	445.014459918
2306	-37.48085540616392	445.195043104
2307	-37.48085540616392	445.396435355
2308	-37.48085540616392	445.576990031
2309	-37.48085540616392	445.743874513
2310	-37.48085540616392	445.910150025
2311	-37.48085540616392	446.076417839
2312	-37.48085540616392	446.237586663
2313	-37.48085540616392	446.397452872
2314	-37.48085540616392	446.563256545
2315	-37.48085540616392	446.720807468
2316	-37.48085540616392	446.874408349
2317	-37.48085540616392	447.052805684
2318	-37.48085540616392	447.255862626
2319	-37.48085540616392	447.447497946
2320	-37.48085540616392	447.653377649
2321	-37.48085540616392	447.869667159
2322	-37.48085540616392	448.031754001
2323	-37.48085540616392	448.208632046
2324	-37.48085540616392	448.434090042
2325	-37.48085540616392	448.635292417
2326	-37.48085540616392	448.781328491
2327	-37.48085540616392	448.935956298
2328	-37.48085540616392	449.099487165
2329	-37.48085540616392	449.272073905
2330	-37.48085540616392	449.439417681
2331	-37.48085540616392	449.624980685
2332	-37.48085540616392	449.789731204
2333	-37.48085540616392	449.990566086
2334	-37.48085540616392	450.1967651
2335	-37.48085540616392	450.365784686
2336	-37.48085540616392	450.544100483
2337	-37.48085540616392	450.714043503
2338	-37.48085540616392	450.870952669
2339	-37.48085540616392	451.029906847
2340	-37.48085540616392	451.191111594
2341	-37.48085540616392	451.341363992
2342	-37.48085540616392	451.525602143
2343	-37.48085540616392	451.686799477
2344	-37.48085540616392	451.840227019
2345	-37.48085540616392	452.003870784
2346	-37.48085540616392	452.158439576
2347	-37.48085540616392	452.308560543
2348	-37.48085540616392	452.460763871
2349	-37.48085540616392	452.604804254
2350	-37.48085540616392	452.756373523
2351	-37.48085540616392	452.923491786
2352	-37.48085540616392	453.108026439
2353	-37.48085540616392	453.272098423
2354	-37.48085540616392	453.461023596
2355	-37.48085540616392	453.64574955
2356	-37.48085540616392	453.839935648
2357	-37.48085540616392	454.037863665
2358	-37.48085540616392	454.231189905
2359	-37.48085540616392	454.43044249
2360	-37.48085540616392	454.589481343
2361	-37.48085540616392	454.859402753
2362	-37.48085540616392	455.44619419
2363	-37.48085540616392	455.654500368
2364	-37.48085540616392	455.846555638
2365	-37.48085540616392	456.036607235
2366	-37.48085540616392	456.236542632
2367	-37.48085540616392	456.448423661
2368	-37.48085540616392	456.622427056
2369	-37.48085540616392	456.807773671
2370	-37.48085540616392	457.013125941
2371	-37.48085540616392	457.185135927
2372	-37.48085540616392	457.395569795
2373	-37.48085540616392	457.622588707
2374	-37.48085540616392	457.810896356
2375	-37.48085540616392	458.024743426
2376	-37.48085540616392	458.196812426
2377	-37.48085540616392	458.375216604
2378	-37.48085540616392	458.571402668
2379	-37.48085540616392	458.754083611
2380	-37.48085540616392	458.940235343
2381	-37.48085540616392	459.142230293
2382	-37.48085540616392	459.369959385
2383	-37.48085540616392	459.730368536
2384	-37.48085540616392	459.959209513
2385	-37.48085540616392	460.256362404
2386	-37.48085540616392	460.678191494
2387	-37.48085540616392	460.882720685
2388	-37.48085540616392	461.093855897
2389	-37.48085540616392	461.396500072
2390	-37.48085540616392	461.5906129
2391	-37.48085540616392	461.765051355
2392	-37.48085540616392	461.989144014
2393	-37.48085540616392	462.15765812
2394	-37.48085540616392	462.344920027
2395	-37.48085540616392	462.523192489
2396	-37.48085540616392	462.700354777
2397	-37.48085540616392	462.865265236
2398	-37.48085540616392	463.049870024
2399	-37.48085540616392	463.240599015
2400	-37.48085540616392	463.433162331
2401	-37.48085540616392	463.664702622
2402	-37.48085540616392	463.859101118
2403	-37.48085540616392	464.044513591
2404	-37.48085540616392	464.235292759
2405	-37.48085540616392	464.432170188
2406	-37.48085540616392	464.649423901
2407	-37.48085540616392	464.838417783
2408	-37.48085540616392	465.0431665
2409	-37.48085540616392	465.234393843
2410	-37.48085540616392	465.434524818
2411	-37.48085540616392	465.654951109
2412	-37.48085540616392	465.831005503
2413	-37.48085540616392	465.993643441
2414	-37.48085540616392	466.191811796
2415	-37.48085540616392	466.371984156
2416	-37.48085540616392	466.591831411
2417	-37.48085540616392	466.771044128
2418	-37.48085540616392	466.988231128
2419	-37.48085540616392	467.188867583
2420	-37.48085540616392	467.364360048
2421	-37.48085540616392	467.570966182
2422	-37.48085540616392	467.735775431
2423	-37.48085540616392	467.889651433
2424	-37.48085540616392	468.070933681
2425	-37.48085540616392	468.254300286
2426	-37.48085540616392	468.423665126
2427	-37.48085540616392	468.599187526
2428	-37.48085540616392	468.768890778
2429	-37.48085540616392	468.961747461
2430	-37.48085540616392	469.178663332
2431	-37.48085540616392	469.398887203
2432	-37.48085540616392	469.575640945
2433	-37.48085540616392	469.755126501
2434	-37.48085540616392	469.943076922
2435	-37.48085540616392	470.140289911
2436	-37.48085540616392	470.340663219
2437	-37.48085540616392	470.530834273
2438	-37.48085540616392	470.698617101
2439	-37.48085540616392	470.862990719
2440	-37.48085540616392	471.044312881
2441	-37.48085540616392	471.239943859
2442	-37.48085540616392	471.407025344
2443	-37.48085540616392	471.602384622
2444	-37.48085540616392	471.779293172
2445	-37.48085540616392	471.981990604
2446	-37.48085540616392	472.158845556
2447	-37.48085540616392	472.324277175
2448	-37.48085540616392	472.484290495
2449	-37.48085540616392	472.655637626
2450	-37.48085540616392	472.839772571
2451	-37.48085540616392	473.048908386
2452	-37.48085540616392	473.247266617
2453	-37.48085540616392	473.422327728
2454	-37.48085540616392	473.595256586
2455	-37.48085540616392	473.777580585
2456	-37.48085540616392	473.961954728
2457	-37.48085540616392	474.130282949
2458	-37.48085540616392	474.29345117
2459	-37.48085540616392	474.447956955
2460	-37.48085540616392	474.603647324
2461	-37.48085540616392	474.80657084
2462	-37.48085540616392	475.0092352
2463	-37.48085540616392	475.217118006
2464	-37.48085540616392	475.431382175
2465	-37.48085540616392	475.641404362
2466	-37.48085540616392	475.811446026
2467	-37.48085540616392	475.993296476
2468	-37.48085540616392	476.158645132
2469	-37.48085540616392	476.322792097
2470	-37.48085540616392	476.517966061
2471	-37.48085540616392	476.696915062
2472	-37.48085540616392	476.895228818
2473	-37.48085540616392	477.075676582
2474	-37.48085540616392	477.24942852
2475	-37.48085540616392	477.44083291
2476	-37.48085540616392	477.655280683
2477	-37.48085540616392	477.862162222
2478	-37.48085540616392	478.073249252
2479	-37.48085540616392	478.281211601
2480	-37.48085540616392	478.550840785
2481	-37.48085540616392	478.734607952
2482	-37.48085540616392	478.90255015
2483	-37.48085540616392	479.067146716
2484	-37.48085540616392	479.225649013
2485	-37.48085540616392	479.373863526
2486	-37.48085540616392	479.526780741
2487	-37.48085540616392	479.680570072
2488	-37.48085540616392	479.835867005
2489	-37.48085540616392	480.036394267
2490	-37.48085540616392	480.202745899
2491	-37.48085540616392	480.397712882
2492	-37.48085540616392	480.572913121
2493	-37.48085540616392	480.74357573
2494	-37.48085540616392	480.91098964
2495	-37.48085540616392	481.08866197
2496	-37.48085540616392	481.243081084
2497	-37.48085540616392	481.410259503
2498	-37.48085540616392	481.558172096
2499	-37.48085540616392	481.714967222
2500	-37.48085540616392	481.8639917
2501	-37.48085540616392	482.035209682
