1	-78.97146654551369	3.848886574
2	-78.97369703358412	6.726199732
3	-79.09865642723834	9.401983751
4	-79.3820373087954	11.645051014
5	-79.38203730883467	14.039572391
6	-79.38203730883467	16.089225758
7	-79.38203730883467	18.662913385
8	-79.38203730883467	21.077638908
9	-79.38203730883467	23.313264608
10	-79.38203730883467	25.723734226
11	-79.38203730883467	28.140784702
12	-79.38203730883467	30.365909767
13	-79.38203730883467	32.193514534
14	-79.38203730883467	34.391861437
15	-79.38203730883467	36.85772881
16	-79.38203730883467	39.728976561
17	-79.38203730883467	41.7717061
18	-79.38203730883467	43.875150424
19	-79.38203730883467	46.365239507
20	-79.38203730883467	48.450144643
21	-79.38203730883467	50.554632987
22	-79.38203730883467	52.510718021
23	-79.38203730883467	54.772709351
24	-79.38203730883467	57.025206145
25	-79.38203730883467	58.805736235
26	-79.38203730883467	60.796217182
27	-79.38203730883467	62.365364094
28	-79.38203730883467	64.136330371
29	-79.38203730883467	66.933018816
30	-79.38203730883467	69.08388706
31	-79.38203730883467	70.97360016
32	-79.38203730883467	72.710264891
33	-79.38203730883467	74.671942928
34	-79.38203730883467	77.315220933
35	-79.38203730883467	79.656160043
36	-79.38203730883467	81.711226233
37	-79.38203730883467	83.815586568
38	-79.38203730883467	86.852297741
39	-79.38203730883467	88.973079005
40	-79.38203730883467	91.415332491
41	-79.38203730883467	93.800470236
42	-79.38203730883467	95.843683297
43	-79.38203730883467	97.865536149
44	-79.38203730883467	100.298333874
45	-79.38203730883467	102.928256581
46	-79.38203730883467	105.302219155
47	-79.38203730883467	107.359689269
48	-79.38203730883467	109.27988164
49	-79.42330808571977	111.871561927
50	-79.42330808571977	114.102797442
51	-79.42330808571977	116.135831454
52	-79.42330808571977	118.146100878
53	-79.42330808571977	120.60387268
54	-79.42330808571977	123.425598779
55	-79.42330808571977	125.592199731
56	-79.42330808571977	127.690912325
57	-79.46161846383852	130.057240042
58	-79.46161846383852	132.519143733
59	-79.46161846383852	134.997291878
60	-79.46161846383852	136.844723895
61	-79.46161846383852	138.502315688
62	-79.46161846383852	140.510558083
63	-79.46161846383852	142.361907597
64	-79.46161846383852	144.738888476
65	-79.46161846383852	146.56809662
66	-79.46161846383852	149.148673294
67	-79.46161846383852	151.792942006
68	-79.46161846383852	154.120089052
69	-79.46161846383852	156.39158803
70	-79.46161846383852	158.456770262
71	-79.46161846383852	160.654900777
72	-79.46161846383852	162.40117465
73	-79.46161846383852	164.544046537
74	-79.46161846383852	166.312634262
75	-79.46161846383852	168.554052817
76	-79.46161846383852	171.389294152
77	-79.46161846383852	174.257380765
78	-79.46161846383852	176.467999602
79	-79.46161846383852	179.240066347
80	-79.46161846383852	181.636729932
81	-79.46161846383852	183.81323282
82	-79.46161846383852	186.351850569
83	-79.46161846383852	188.479667419
84	-79.46161846383852	191.251652912
85	-79.46161846383852	193.70608254
86	-79.46161846383852	195.71374106
87	-79.46161846383852	197.79087991
88	-79.46161846383852	200.046655588
89	-79.46161846383852	202.128654461
90	-79.46161846383852	203.980729542
91	-79.46161846383852	206.780789241
92	-79.46161846383852	209.301954586
93	-79.46161846383852	211.882019229
94	-79.46161846383852	214.234320819
95	-79.46161846383852	216.671073102
96	-79.46161846383852	218.508386226
97	-79.46161846383852	220.055669736
98	-79.46161846383852	222.237912166
99	-79.46161846383852	224.454592418
100	-79.46161846383852	226.312176969
101	-79.46161846383852	228.43774299
102	-79.46161846383852	230.256322206
103	-79.46161846383852	232.121691859
104	-79.46161846383852	234.164090687
105	-79.46161846383852	236.504775207
106	-79.46161846383852	238.647615732
107	-79.46161846383852	240.134459574
108	-79.46161846383852	242.173019591
109	-79.46161846383852	244.63449792
110	-79.46161846383852	246.713873914
111	-79.46161846383852	248.760635558
112	-79.46161846383852	250.596283153
113	-79.46161846383852	252.731281558
114	-79.46161846383852	254.48986899
115	-79.46161846383852	256.356446878
116	-79.46161846383852	257.644706903
117	-79.46161846383852	259.215621407
118	-79.46161846383852	261.018706824
119	-79.46161846383852	262.809141985
120	-79.46161846383852	264.806225174
121	-79.46161846383852	267.696867685
122	-79.46161846383852	270.273342405
123	-79.46161846383852	272.356263277
124	-79.46161846383852	274.282367957
125	-79.46161846383852	276.482274332
126	-79.46161846383852	278.894947168
127	-79.46161846383852	281.133556392
128	-79.46161846383852	283.259794383
129	-79.46161846383852	285.148879133
130	-79.46161846383852	287.269349358
131	-79.46161846383852	288.901593598
132	-79.46161846383852	290.943708471
133	-79.46161846383852	293.11909749
134	-79.46161846383852	294.870139301
135	-79.46161846383852	296.576751833
136	-79.46161846383852	299.208902847
137	-79.46161846383852	301.510892785
138	-79.46161846383852	303.405408318
139	-79.46161846383852	305.788032377
140	-79.46161846383852	308.33937137
141	-79.46161846383852	310.564239563
142	-79.46161846383852	312.851476666
143	-79.46161846383852	314.928179891
144	-79.46161846383852	316.69737715
145	-79.46161846383852	318.484774619
146	-79.46161846383852	319.895211451
147	-79.46161846383852	321.970755762
148	-79.46161846383852	324.059497998
149	-79.46161846383852	325.977239689
150	-79.46161846383852	328.050930024
151	-79.46161846383852	329.839759813
152	-79.46161846383852	331.606808023
153	-79.46161846383852	333.872589696
154	-79.46161846383852	335.483582635
155	-79.46161846383852	337.200681834
156	-79.46161846383852	339.745926912
157	-79.46161846383852	341.779815355
158	-79.46161846383852	343.33408342
159	-79.46161846383852	345.065236685
160	-79.46161846383852	346.775573135
161	-79.46161846383852	348.501756046
162	-79.46161846383852	350.31634478
163	-79.46161846383852	352.153233396
164	-79.46161846383852	353.575602613
165	-79.46161846383852	355.380819404
166	-79.46161846383852	357.778338846
167	-79.46161846383852	359.717318723
168	-79.46161846383852	362.051224528
169	-79.46161846383852	363.856859554
170	-79.46161846383852	365.92483401
171	-79.46161846383852	367.960168172
172	-79.46161846383852	369.728291762
173	-79.46161846383852	371.767525175
174	-79.46161846383852	373.559229866
175	-79.46161846383852	375.377010814
176	-79.46161846383852	377.342702141
177	-79.46161846383852	379.21694368
178	-79.46161846383852	381.157478182
179	-79.46161846383852	383.209813727
180	-79.46161846383852	384.83167365
181	-79.46161846383852	386.688366993
182	-79.46161846383852	388.59167544
183	-79.46161846383852	390.283306207
184	-79.46161846383852	392.562492498
185	-79.46161846383852	394.519970795
186	-79.46161846383852	396.679359687
187	-79.46161846383852	398.552898181
188	-79.46161846383852	400.444910576
189	-79.46161846383852	401.952821547
190	-79.46161846383852	403.560315509
191	-79.46161846383852	405.646834571
192	-79.46161846383852	407.804441901
193	-79.46161846383852	410.206152531
194	-79.46161846383852	412.180500497
195	-79.46161846383852	414.363838833
196	-79.46161846383852	416.323676295
197	-79.46161846383852	418.101570106
198	-79.46161846383852	419.749304153
199	-79.46161846383852	421.946600764
200	-79.46161846383852	424.06934377
201	-79.46161846383852	426.031253305
202	-79.46161846383852	427.538852668
203	-79.46161846383852	429.183322657
204	-79.46161846383852	431.141827011
205	-79.46161846383852	432.860945257
206	-79.46161846383852	434.922570922
207	-79.46161846383852	437.389416173
208	-79.46161846383852	439.095387526
209	-79.46161846383852	441.296274059
210	-79.46161846383852	443.686579159
211	-79.46161846383852	445.68223459
212	-79.46161846383852	447.550212011
213	-79.46161846383852	449.538085191
214	-79.46161846383852	451.423425781
215	-79.46161846383852	453.346425487
216	-79.46161846383852	454.883913118
217	-79.46161846383852	456.468468299
218	-79.46161846383852	458.293730722
219	-79.46161846383852	460.12244052
220	-79.46161846383852	461.779115731
221	-79.46161846383852	464.080532057
222	-79.46161846383852	465.696852004
223	-79.46161846383852	467.247634207
224	-79.46161846383852	469.031828058
225	-79.46161846383852	470.827518954
226	-79.46161846383852	472.688267495
227	-79.46161846383852	474.158876861
228	-79.46161846383852	476.021796404
229	-79.46161846383852	477.839128041
230	-79.46161846383852	479.953925722
231	-79.46161846383852	481.943697352
232	-79.46161846383852	483.740546021
233	-79.46161846383852	485.908098051
234	-79.46161846383852	487.659385328
235	-79.46161846383852	489.492380396
236	-79.46161846383852	491.507220755
237	-79.46161846383852	493.556717034
238	-79.46161846383852	495.45062788
239	-79.46161846383852	497.589726528
240	-79.46161846383852	499.362493468
241	-79.46161846383852	501.272507931
242	-79.46161846383852	503.464773177
243	-79.46161846383852	505.229962564
244	-79.46161846383852	507.51305723
245	-79.46161846383852	509.055931739
246	-79.46161846383852	510.438235065
247	-79.46161846383852	512.464008551
248	-79.46161846383852	514.589879339
249	-79.46161846383852	515.852194537
250	-79.46161846383852	517.462966242
251	-79.46161846383852	519.459248597
252	-79.46161846383852	521.417637488
253	-79.46161846383852	523.293655457
254	-79.46161846383852	524.923299341
255	-79.46161846383852	526.604864242
256	-79.46161846383852	528.290911413
257	-79.46161846383852	529.88946022
258	-79.46161846383852	531.737937397
259	-79.46161846383852	533.439793682
260	-79.46161846383852	535.422560231
261	-79.46161846383852	536.907948661
262	-79.46161846383852	538.521168481
263	-79.46161846383852	540.017190116
264	-79.46161846383852	542.078680932
265	-79.46161846383852	543.87939521
266	-79.46161846383852	545.454133414
267	-79.46161846383852	547.175813527
268	-79.46161846383852	548.994778477
269	-79.46161846383852	550.986989954
270	-79.46161846383852	552.919126399
271	-79.46161846383852	554.857306583
272	-79.46161846383852	556.941378955
273	-79.46161846383852	558.794655144
274	-79.46161846383852	560.237163505
275	-79.46161846383852	562.267709774
276	-79.46161846383852	564.208923089
277	-79.46161846383852	565.919433162
278	-79.46161846383852	567.758113888
279	-79.46161846383852	569.277353128
280	-79.46161846383852	571.419414488
281	-79.46161846383852	573.532313718
282	-79.46161846383852	576.239210776
283	-79.46161846383852	578.36127668
284	-79.46161846383852	581.398377294
285	-79.46161846383852	583.649553526
286	-79.46161846383852	586.001995668
287	-79.46161846383852	588.574363303
288	-79.46161846383852	590.794501193
289	-79.46161846383852	592.453249618
290	-79.46161846383852	594.379102844
291	-79.46161846383852	596.415362996
292	-79.46161846383852	598.437583337
293	-79.46161846383852	600.362450989
294	-79.46161846383852	602.725984199
295	-79.46161846383852	604.864669744
296	-79.46161846383852	606.984376198
297	-79.46161846383852	609.493150724
298	-79.46161846383852	611.900676731
299	-79.46161846383852	614.152283173
300	-79.46161846383852	615.878096315
301	-79.46161846383852	617.555160983
302	-79.46161846383852	620.043881039
303	-79.46161846383852	622.062716726
304	-79.46161846383852	624.009925314
305	-79.46161846383852	625.630040167
306	-79.46161846383852	627.710654901
307	-79.46161846383852	629.930218038
308	-79.46161846383852	632.168255931
309	-79.46161846395577	634.479400855
310	-79.46161846395577	636.975888621
311	-79.46161846395577	638.847432587
312	-79.46161846395577	640.906875847
313	-79.46161846395577	643.19889343
314	-79.46161846395577	646.0273991
315	-79.46161846395577	648.257581758
316	-79.46161846395577	650.400404893
317	-79.46161846395577	652.174570226
318	-79.46161846395577	654.790046006
319	-79.46161846395577	656.762463305
320	-79.46161846395577	658.453063736
321	-79.46161846395577	660.441957272
322	-79.46161846395577	662.465791823
323	-79.46161846395577	664.682372006
324	-79.46161846395577	666.767210714
325	-79.46161846395577	668.632508524
326	-79.46161846395577	670.551709048
327	-79.46161846395577	672.941817717
328	-79.46161846395577	674.551897496
329	-79.46161846395577	676.357297318
330	-79.46161846395577	678.826006522
331	-79.46161846395577	681.0791693
332	-79.46161846395577	683.055324486
333	-79.46161846395577	685.256788907
334	-79.46161846395577	686.883548766
335	-79.46161846395577	689.31779563
336	-79.46161846395577	691.307511097
337	-79.46161846395577	693.350971905
338	-79.46161846395577	695.302424138
339	-79.46161846395577	697.792265474
340	-79.46161846395577	700.30763996
341	-79.46161846395577	702.542093633
342	-79.46161846395577	705.323402318
343	-79.46161846395577	707.442525182
344	-79.46161846395577	709.615585827
345	-79.46161846395577	711.969932407
346	-79.46161846395577	714.275898571
347	-79.46161846395577	716.724995488
348	-79.46161846395577	719.122519491
349	-79.46161846395577	721.077724722
350	-79.46161846395577	723.214741887
351	-79.46161846395577	725.269882772
352	-79.46161846395577	727.928585011
353	-79.46161846395577	730.373303433
354	-79.46161846395577	732.930035007
355	-79.46161846395577	735.060940011
356	-79.46161846395577	737.506269392
357	-79.46161846395577	739.603142265
358	-79.46161846395577	741.50123147
359	-79.46161846395577	743.772615554
360	-79.46161846395577	746.320711872
361	-79.46161846395577	748.441368835
362	-79.46161846395577	750.683853362
363	-79.46161846395577	752.635435314
364	-79.46161846395577	754.852555467
365	-79.46161846395577	757.301605914
366	-79.46161846395577	759.894158593
367	-79.46161846395577	761.945102587
368	-79.46161846395577	763.632981212
369	-79.46161846395577	766.513992058
370	-79.46161846395577	768.871533702
371	-79.46161846395577	771.494614689
372	-79.46161846395577	773.873069797
373	-79.46161846395577	777.026540392
374	-79.46161846395577	779.629519868
375	-79.46161846395577	781.534683431
376	-79.46161846395577	783.657339483
377	-79.46161846395577	785.717362627
378	-79.46161846395577	787.809939682
379	-79.46161846395577	789.58154999
380	-79.46161846395577	791.266405747
381	-79.46161846395577	793.356115312
382	-79.46161846395577	796.334993444
383	-79.46161846395577	798.38467304
384	-79.46161846395577	801.547507025
385	-79.46161846395577	803.815438889
386	-79.46161846395577	805.910062644
387	-79.46161846395577	808.476622029
388	-79.46161846395577	810.488435245
389	-79.46161846395577	813.284217372
390	-79.46161846395577	815.049180108
391	-79.46161846395577	817.290875206
392	-79.46161846395577	819.086318354
393	-79.46161846395577	821.288037936
394	-79.46161846395577	823.186696761
395	-79.46161846395577	825.71971324
396	-79.46161846395577	828.74959324
397	-79.46161846395577	832.290185845
398	-79.46161846395577	834.581662888
399	-79.46161846395577	836.815924406
400	-79.46161846395577	840.138051777
401	-79.46161846395577	843.472269762
402	-79.46161846395577	845.95841626
403	-79.46161846395577	848.417724157
404	-79.46161846395577	850.569026031
405	-79.46161846395577	853.35157032
406	-79.46161846395577	856.001709147
407	-79.46161846395577	858.377867811
408	-79.46161846395577	860.54865653
409	-79.46161846395577	862.622076025
410	-79.46161846395577	865.254854249
411	-79.46161846395577	867.832924934
412	-79.46161846395577	870.07955646
413	-79.46161846395577	871.998863039
414	-79.46161846395577	873.698096731
415	-79.46161846395577	875.923409388
416	-79.46161846395577	878.032356055
417	-79.46161846395577	880.425062229
418	-79.46161846395577	882.565334615
419	-79.46161846395577	884.576167388
420	-79.46161846395577	886.43932527
421	-79.46161846395577	888.395755556
422	-79.46161846395577	890.550179795
423	-79.46161846395577	892.444553921
424	-79.46161846395577	894.761663042
425	-79.46161846395577	897.454323002
426	-79.46161846395577	899.388302305
427	-79.46161846395577	901.710747272
428	-79.46161846395577	903.494874126
429	-79.46161846395577	905.722587572
430	-79.46161846395577	908.104563038
431	-79.46161846395577	910.608712175
432	-79.46161846395577	912.61202698
433	-79.46161846395577	914.779655417
434	-79.46161846395577	916.228875495
435	-79.46161846395577	918.073196265
436	-79.46161846395577	920.26471228
437	-79.46161846395577	922.051249901
438	-79.46161846395577	924.04691702
439	-79.46161846395577	925.895311805
440	-79.46161846395577	928.281230997
441	-79.46161846395577	930.398513569
442	-79.46161846395577	932.707121428
443	-79.46161846395577	934.607225117
444	-79.46161846395577	936.870182065
445	-79.46161846395577	939.397862696
446	-79.46161846395577	941.988333894
447	-79.46161846395577	944.616290868
448	-79.46161846395577	946.657448675
449	-79.46161846395577	949.240237975
450	-79.46161846395577	951.263917434
451	-79.46161846395577	953.673699402
452	-79.46161846395577	955.968500657
453	-79.46161846395577	958.869446233
454	-79.46161846395577	961.224695996
455	-79.46161846395577	963.515395298
456	-79.46161846395577	965.821485764
457	-79.46161846395577	968.336656406
458	-79.46161846395577	971.182126111
459	-79.46161846395577	973.381802413
460	-79.46161846395577	975.556548828
461	-79.46161846395577	977.539185374
462	-79.46161846395577	979.495335696
463	-79.46161846395577	981.911882693
464	-79.46161846395577	984.384746024
465	-79.46161846395577	986.510493936
466	-79.46161846395577	987.953433647
467	-79.46161846395577	990.379570116
468	-79.46161846395577	992.137124362
469	-79.46161846395577	994.149323027
470	-79.46161846395577	996.67963737
471	-79.46161846395577	999.263142545
472	-79.46161846395577	1001.45689998
473	-79.46161846395577	1004.047815641
474	-79.46161846395577	1006.2708042
475	-79.46161846395577	1008.415312249
476	-79.46161846395577	1010.542085935
477	-79.46161846395577	1013.087738985
478	-79.46161846395577	1015.554606188
479	-79.46161846395577	1017.95363749
480	-79.46161846395577	1020.14610943
481	-79.46161846395577	1022.038299725
482	-79.46161846395577	1024.166279935
483	-79.46161846395577	1027.251706795
484	-79.46161846395577	1029.866042194
485	-79.46161846395577	1032.665941099
486	-79.46161846395577	1034.856575884
487	-79.46161846395577	1036.434608081
488	-79.46161846395577	1038.375758104
489	-79.46161846395577	1040.344382208
490	-79.46161846395577	1042.218867219
491	-79.46161846395577	1043.89050424
492	-79.46161846395577	1045.968536294
493	-79.46161846395577	1048.294460567
494	-79.46161846395577	1050.602943269
495	-79.46161846395577	1053.417524875
496	-79.46161846395577	1055.776248241
497	-79.46161846395577	1057.983916339
498	-79.46161846395577	1059.668808304
499	-79.46161846395577	1061.926971656
500	-79.46161846395577	1064.300801375
501	-79.46161846395577	1067.111506539
502	-79.46161846395577	1069.191771746
503	-79.46161846395577	1070.999844053
504	-79.46161846395577	1073.02666954
505	-79.46161846395577	1075.127660333
506	-79.46161846395577	1077.077667988
507	-79.46161846395577	1079.180577472
508	-79.46161846395577	1081.33849014
509	-79.46161846395577	1083.587312625
510	-79.46161846395577	1085.911123199
511	-79.46161846395577	1088.575564411
512	-79.46161846395577	1090.465457406
513	-79.46161846395577	1093.042971014
514	-79.46161846395577	1095.443782453
515	-79.46161846395577	1097.575168983
516	-79.46161846395577	1099.749766578
517	-79.46161846395577	1101.828784208
518	-79.46161846395577	1104.144781171
519	-79.46161846395577	1106.944974865
520	-79.46161846395577	1109.059798489
521	-79.46161846395577	1111.349610859
522	-79.46161846395577	1114.221949671
523	-79.46161846395577	1116.81665254
524	-79.46161846395577	1118.962220289
525	-79.46161846395577	1121.618135721
526	-79.46161846395577	1124.524833953
527	-79.46161846395577	1126.491461818
528	-79.46161846395577	1129.228945344
529	-79.46161846395577	1131.4485521
530	-79.46161846395577	1133.861990987
531	-79.46161846395577	1135.790108157
532	-79.46161846395577	1138.252311483
533	-79.46161846395577	1139.825251019
534	-79.46161846395577	1142.216634066
535	-79.46161846395577	1144.471571563
536	-79.46161846395577	1146.788741409
537	-79.46161846395577	1149.072063296
538	-79.46161846395577	1151.194344162
539	-79.46161846395577	1153.192089057
540	-79.46161846395577	1155.590125376
541	-79.46161846395577	1158.093891345
542	-79.46161846395577	1160.438833195
543	-79.46161846395577	1163.158002473
544	-79.46161846395577	1166.036744814
545	-79.46161846395577	1168.359785631
546	-79.46161846395577	1170.741988319
547	-79.46161846395577	1173.347244567
548	-79.46161846395577	1175.234662078
549	-79.46161846395577	1177.495831762
550	-79.46161846395577	1179.385736731
551	-79.46161846395577	1181.183726922
552	-79.46161846395577	1183.299259293
553	-79.46161846395577	1185.499133167
554	-79.46161846395577	1187.874303975
555	-79.46161846395577	1189.89938924
556	-79.46161846395577	1191.604760752
557	-79.46161846395577	1193.808391044
558	-79.46161846395577	1196.026955776
559	-79.46161846395577	1198.687530808
560	-79.46161846395577	1201.275472923
561	-79.46161846395577	1203.672697006
562	-79.46161846395577	1205.666134108
563	-79.46161846395577	1207.931755843
564	-79.46161846395577	1209.897539826
565	-79.46161846395577	1211.828691837
566	-79.46161846395577	1213.924449417
567	-79.46161846395577	1216.006201111
568	-79.46161846395577	1217.968471007
569	-79.46161846395577	1220.139532278
570	-79.46161846395577	1222.373494446
571	-79.46161846395577	1224.484207564
572	-79.46161846395577	1226.466466074
573	-79.46161846395577	1228.435315403
574	-79.46161846395577	1230.945119978
575	-79.46161846395577	1233.099885762
576	-79.46161846395577	1235.103758499
577	-79.46161846395577	1236.817669476
578	-79.46161846395577	1238.759431314
579	-79.46161846395577	1240.607726885
580	-79.46161846395577	1242.514506655
581	-79.46161846395577	1244.202749062
582	-79.46161846395577	1246.03973233
583	-79.46161846395577	1248.531019385
584	-79.46161846395577	1250.960683625
585	-79.46161846395577	1253.148375654
586	-79.46161846395577	1255.272194896
587	-79.46161846395577	1257.667848672
588	-79.46161846395577	1259.584467087
589	-79.46161846395577	1262.370721893
590	-79.46161846395577	1264.606618434
591	-79.46161846395577	1266.310029915
592	-79.46161846395577	1269.052564762
593	-79.46161846395577	1271.51037049
594	-79.46161846395577	1273.991165177
595	-79.46161846395577	1275.938909173
596	-79.46161846395577	1278.830292933
597	-79.46161846395577	1280.800649847
598	-79.46161846395577	1283.161439584
599	-79.46161846395577	1285.242737122
600	-79.46161846395577	1287.601524634
601	-79.46161846395577	1289.371141839
602	-79.46161846395577	1291.743492197
603	-79.46161846395577	1293.791712959
604	-79.46161846395577	1296.228073807
605	-79.46161846395577	1298.058446566
606	-79.46161846395577	1300.056215409
607	-79.46161846395577	1302.393391544
608	-79.46161846395577	1304.48650857
609	-79.46161846395577	1307.082528295
610	-79.46161846395577	1309.307710378
611	-79.46161846395577	1311.782763242
612	-79.46161846395577	1314.462435679
613	-79.46161846395577	1316.867045159
614	-79.46161846395577	1318.895308954
615	-79.46161846395577	1321.045358403
616	-79.46161846395577	1322.91034831
617	-79.46161846395577	1325.113283539
618	-79.46161846395577	1327.098904464
619	-79.46161846395577	1329.291988504
620	-79.46161846395577	1331.122676579
621	-79.46161846395577	1333.32145312
622	-79.46161846395577	1334.91484284
623	-79.46161846395577	1337.038184546
624	-79.46161846395577	1339.085672898
625	-79.46161846395577	1341.078426912
626	-79.46161846395577	1343.073153786
627	-79.46161846395577	1345.203626585
628	-79.46161846395577	1347.504869003
629	-79.46161846395577	1349.666802087
630	-79.46161846395577	1351.926444229
631	-79.46161846395577	1354.022146501
632	-79.46161846395577	1356.097086695
633	-79.46161846395577	1358.475417216
634	-79.46161846395577	1360.079485471
635	-79.46161846395577	1362.399570703
636	-79.46161846395577	1364.437379779
637	-79.46161846395577	1366.190225103
638	-79.46161846395577	1368.549690287
639	-79.46161846395577	1370.752186754
640	-79.46161846395577	1372.616049107
641	-79.46161846395577	1374.68728363
642	-79.46161846395577	1377.332386531
643	-79.46161846395577	1379.399988368
644	-79.46161846395577	1381.434176731
645	-79.46161846395577	1383.611744166
646	-79.46161846395577	1385.612127049
647	-79.46161846395577	1387.510688942
648	-79.46161846395577	1389.686528698
649	-79.46161846395577	1391.903017365
650	-79.46161846395577	1393.87923071
651	-79.46161846395577	1396.206340979
652	-79.46161846395577	1398.231169373
653	-79.46161846395577	1400.629343679
654	-79.46161846395577	1402.618743829
655	-79.46161846395577	1405.25634872
656	-79.46161846395577	1407.125863661
657	-79.46161846395577	1409.542128129
658	-79.46161846395577	1411.501092628
659	-79.46161846395577	1413.496537373
660	-79.46161846395577	1415.545330892
661	-79.46161846395577	1417.506471239
662	-79.46161846395577	1419.990760911
663	-79.46161846395577	1422.110072508
664	-79.46161846395577	1424.937200596
665	-79.46161846395577	1426.960719262
666	-79.46161846395577	1429.033755588
667	-79.46161846395577	1430.825883931
668	-79.46161846395577	1433.130257552
669	-79.46161846395577	1434.933198711
670	-79.46161846395577	1436.957199188
671	-79.46161846395577	1439.643075302
672	-79.46161846395577	1441.434671942
673	-79.46161846395577	1443.457663466
674	-79.46161846395577	1445.65713564
675	-79.46161846395577	1447.440648113
676	-79.46161846395577	1449.368385536
677	-79.46161846395577	1451.255600914
678	-79.46161846395577	1453.278950803
679	-79.46161846395577	1455.453883385
680	-79.46161846395577	1457.755861349
681	-79.46161846395577	1459.698980812
682	-79.46161846395577	1461.640883773
683	-79.46161846395577	1463.66727335
684	-79.46161846395577	1465.809518311
685	-79.46161846395577	1467.843668472
686	-79.46161846395577	1470.058653831
687	-79.46161846395577	1472.389489157
688	-79.46161846395577	1474.870794735
689	-79.46161846395577	1477.395657483
690	-79.46161846395577	1479.553513702
691	-79.46161846395577	1481.555318641
692	-79.46161846395577	1483.366488225
693	-79.46161846395577	1485.180623088
694	-79.46161846395577	1487.26309864
695	-79.46161846395577	1489.546215258
696	-79.46161846395577	1491.47087422
697	-79.46161846395577	1493.921276304
698	-79.46161846395577	1496.34035495
699	-79.46161846395577	1498.409032737
700	-79.46161846395577	1500.009746559
701	-79.46161846395577	1501.732060439
702	-79.46161846395577	1503.710811989
703	-79.46161846395577	1505.373300011
704	-79.46161846395577	1508.000093511
705	-79.46161846395577	1510.371144119
706	-79.46161846395577	1512.511330407
707	-79.46161846395577	1514.590947307
708	-79.46161846395577	1516.22217119
709	-79.46161846395577	1517.703749889
710	-79.46161846395577	1519.818491121
711	-79.46161846395577	1521.890586917
712	-79.46161846395577	1524.015987584
713	-79.46161846395577	1525.89277303
714	-79.46161846395577	1528.429990104
715	-79.46161846395577	1530.531904321
716	-79.46161846395577	1532.679830095
717	-79.46161846395577	1534.72047644
718	-79.46161846395577	1536.90940892
719	-79.46161846395577	1538.860071439
720	-79.46161846395577	1541.375569086
721	-79.46161846395577	1543.527889606
722	-79.46161846395577	1545.467729617
723	-79.46161846395577	1548.372466962
724	-79.46161846395577	1550.812886999
725	-79.46161846395577	1553.226006579
726	-79.46161846395577	1555.251516922
727	-79.46161846395577	1557.569481044
728	-79.46161846395577	1560.203074641
729	-79.46161846395577	1562.394911388
730	-79.46161846395577	1565.000127723
731	-79.46161846395577	1567.156867223
732	-79.46161846395577	1569.595712107
733	-79.46161846395577	1571.2722522
734	-79.46161846395577	1573.063811778
735	-79.46161846395577	1574.734867489
736	-79.46161846395577	1576.70237858
737	-79.46161846395577	1579.102165956
738	-79.46161846395577	1581.048425746
739	-79.46161846395577	1583.425802622
740	-79.46161846395577	1585.714103131
741	-79.46161846395577	1587.998230698
742	-79.46161846395577	1590.166257127
743	-79.46161846395577	1592.275906839
744	-79.46161846395577	1594.743105037
745	-79.46161846395577	1596.571360393
746	-79.46161846395577	1598.71033873
747	-79.46161846395577	1600.658638663
748	-79.46161846395577	1602.637494273
749	-79.46161846395577	1604.638857885
750	-79.46161846395577	1607.122771516
751	-79.46161846395577	1609.411369949
752	-79.46161846395577	1611.390669168
753	-79.46161846395577	1613.818732597
754	-79.46161846395577	1615.790036883
755	-79.46161846395577	1618.215178939
756	-79.46161846395577	1620.508916503
757	-79.46161846395577	1622.006139531
758	-79.46161846395577	1624.421860322
759	-79.46161846395577	1626.583529123
760	-79.46161846395577	1628.56693286
761	-79.46161846395577	1630.811589815
762	-79.46161846395577	1633.100352749
763	-79.46161846395577	1635.541322735
764	-79.46161846395577	1637.575763407
765	-79.46161846395577	1639.54935644
766	-79.46161846395577	1641.586724758
767	-79.46161846395577	1643.305796818
768	-79.46161846395577	1645.021562055
769	-79.46161846395577	1646.887986562
770	-79.46161846395577	1648.970925109
771	-79.46161846395577	1651.005047615
772	-79.46161846395577	1652.848026726
773	-79.46161846395577	1654.946896408
774	-79.46161846395577	1656.599157771
775	-79.46161846395577	1658.405246099
776	-79.46161846395577	1660.325355222
777	-79.46161846395577	1662.65192438
778	-79.46161846395577	1664.48571857
779	-79.46161846395577	1667.037665387
780	-79.46161846395577	1669.470461972
781	-79.46161846395577	1671.806821308
782	-79.46161846395577	1673.607269307
783	-79.46161846395577	1675.552333407
784	-79.46161846395577	1677.809827355
785	-79.46161846395577	1679.594672364
786	-79.46161846395577	1682.783522737
787	-79.46161846395577	1685.783397865
788	-79.46161846395577	1687.711340841
789	-79.46161846395577	1690.085223017
790	-79.46161846395577	1692.287861462
791	-79.46161846395577	1694.275963003
792	-79.46161846395577	1696.224670622
793	-79.46161846395577	1698.109243736
794	-79.46161846395577	1700.119748648
795	-79.46161846395577	1702.309981734
796	-79.46161846395577	1704.405374107
797	-79.46161846395577	1706.460288625
798	-79.46161846395577	1708.462211309
799	-79.46161846395577	1710.373203649
800	-79.46161846395577	1712.188063224
801	-79.46161846395577	1713.833964677
802	-79.46161846395577	1715.748712865
803	-79.46161846395577	1717.339154127
804	-79.46161846395577	1719.482309114
805	-79.46161846395577	1721.342160459
806	-79.46161846395577	1722.883180707
807	-79.46161846395577	1724.978480424
808	-79.46161846395577	1726.609029487
809	-79.46161846395577	1728.523767411
810	-79.46161846395577	1730.09556514
811	-79.46161846395577	1731.782662033
812	-79.46161846395577	1733.958859584
813	-79.46161846395577	1735.691745374
814	-79.46161846395577	1737.396966641
815	-79.46161846395577	1739.096835811
816	-79.46161846395577	1741.477558853
817	-79.46161846395577	1743.470285783
818	-79.46161846395577	1746.1176187
819	-79.46161846395577	1748.078028633
820	-79.46161846395577	1750.329705494
821	-79.46161846395577	1752.214477034
822	-79.46161846395577	1754.35500572
823	-79.46161846395577	1756.231079283
824	-79.46161846395577	1757.911733303
825	-79.46161846395577	1759.814930278
826	-79.46161846395577	1761.943013978
827	-79.46161846395577	1763.678838532
828	-79.46161846395577	1765.629814371
829	-79.46161846395577	1767.947774502
830	-79.46161846395577	1770.25246743
831	-79.46161846395577	1772.728898445
832	-79.46161846395577	1775.065068193
833	-79.46161846395577	1776.897875098
834	-79.46161846395577	1779.305264544
835	-79.46161846395577	1781.353040557
836	-79.46161846395577	1783.07265886
837	-79.46161846395577	1785.203471779
838	-79.46161846395577	1787.301863926
839	-79.46161846395577	1789.165149531
840	-79.46161846395577	1790.98533697
841	-79.46161846395577	1792.953793438
842	-79.46161846395577	1795.468715192
843	-79.46161846395577	1798.045155416
844	-79.46161846395577	1799.73627244
845	-79.46161846395577	1801.605166158
846	-79.46161846395577	1803.694397903
847	-79.46161846395577	1805.739775408
848	-79.46161846395577	1807.818610576
849	-79.46161846395577	1809.532891321
850	-79.46161846395577	1811.170107911
851	-79.46161846395577	1813.389815022
852	-79.46161846395577	1815.093895336
853	-79.46161846395577	1816.547074251
854	-79.46161846395577	1818.406262179
855	-79.46161846395577	1820.086545575
856	-79.46161846395577	1821.998877579
857	-79.46161846395577	1823.771143606
858	-79.46161846395577	1825.614939516
859	-79.46161846395577	1827.712953056
860	-79.46161846395577	1829.689673586
861	-79.46161846395577	1831.408288923
862	-79.46161846395577	1833.432954527
863	-79.46161846395577	1835.338401475
864	-79.46161846395577	1837.167573698
865	-79.46161846395577	1838.455482771
866	-79.46161846395577	1840.131658797
867	-79.46161846395577	1841.424471511
868	-79.46161846395577	1842.193158165
869	-79.46161846395577	1842.829287401
870	-79.46161846395577	1844.143141872
871	-79.46161846395577	1845.590035856
872	-79.46161846395577	1846.357681341
873	-79.46161846395577	1847.25673759
874	-79.46161846395577	1848.264114435
875	-79.46161846395577	1849.197065398
876	-79.46161846395577	1850.528241129
877	-79.46161846395577	1851.729208914
878	-79.46161846395577	1853.518133355
879	-79.46161846395577	1854.98090288
880	-79.46161846395577	1856.894337348
881	-79.46161846395577	1859.347977262
882	-79.46161846395577	1861.327624297
883	-79.46161846395577	1863.068808076
884	-79.46161846395577	1865.027889179
885	-79.46161846395577	1866.952196048
886	-79.46161846395577	1868.60500793
887	-79.46161846395577	1870.091423274
888	-79.46161846395577	1872.440353895
889	-79.46161846395577	1874.811527379
890	-79.46161846395577	1877.007802778
891	-79.46161846395577	1879.520826937
892	-79.46161846395577	1881.721877114
893	-79.46161846395577	1884.411853756
894	-79.46161846395577	1886.626454521
895	-79.46161846395577	1889.078934382
896	-79.46161846395577	1891.233875784
897	-79.46161846395577	1893.14243455
898	-79.46161846395577	1895.359909933
899	-79.46161846395577	1897.406285272
900	-79.46161846395577	1899.860903633
901	-79.46161846395577	1902.026347953
902	-79.46161846395577	1904.021571748
903	-79.46161846395577	1906.179130328
904	-79.46161846395577	1907.891428519
905	-79.46161846395577	1909.958671136
906	-79.46161846395577	1912.286041412
907	-79.46161846395577	1914.618991863
908	-79.46161846395577	1916.594499026
909	-79.46161846395577	1918.845856009
910	-79.46161846395577	1920.536157945
911	-79.46161846395577	1922.063378433
912	-79.46161846395577	1924.332049834
913	-79.46161846395577	1926.408471669
914	-79.46161846395577	1927.793167801
915	-79.46161846395577	1929.249306577
916	-79.46161846395577	1930.793381053
917	-79.46161846395577	1932.620138231
918	-79.46161846395577	1934.093649584
919	-79.46161846395577	1936.057564766
920	-79.46161846395577	1937.830787858
921	-79.46161846395577	1939.698415468
922	-79.46161846395577	1941.408081658
923	-79.46161846395577	1943.182100737
924	-79.46161846395577	1944.955076367
925	-79.46161846395577	1947.023558294
926	-79.46161846395577	1948.082978176
927	-79.46161846395577	1948.937760239
928	-79.46161846395577	1949.788576624
929	-79.46161846395577	1950.621862204
930	-79.46161846395577	1951.578715286
931	-79.46161846395577	1952.510290378
932	-79.46161846395577	1953.737022811
933	-79.46161846395577	1955.998270326
934	-79.46161846395577	1957.678055375
935	-79.46161846395577	1959.061121617
936	-79.46161846395577	1961.092423674
937	-79.46161846395577	1963.091625976
938	-79.46161846395577	1965.174017996
939	-79.46161846395577	1968.226423104
940	-79.46161846395577	1969.896019412
941	-79.46161846395577	1971.459215526
942	-79.46161846395577	1973.304693783
943	-79.46161846395577	1974.983696531
944	-79.46161846395577	1976.637284728
945	-79.46161846395577	1977.646844549
946	-79.46161846395577	1979.232642176
947	-79.46161846395577	1980.941183665
948	-79.46161846395577	1982.317117673
949	-79.46161846395577	1983.093239047
950	-79.46161846395577	1983.936967673
951	-79.46161846395577	1984.693471913
952	-79.46161846395577	1985.592053192
953	-79.46161846395577	1986.299925562
954	-79.46161846395577	1986.951795203
955	-79.46161846395577	1987.851479802
956	-79.46161846395577	1988.537565176
957	-79.46161846395577	1989.295021349
958	-79.46161846395577	1990.854755549
959	-79.46161846395577	1991.580301842
960	-79.46161846395577	1992.353029154
961	-79.46161846395577	1993.148905362
962	-79.46161846395577	1994.018721934
963	-79.46161846395577	1995.311183411
964	-79.46161846395577	1996.985240608
965	-79.46161846395577	1999.122334179
966	-79.46161846395577	2001.159402292
967	-79.46161846395577	2001.970766881
968	-79.46161846395577	2002.836662821
969	-79.46161846395577	2003.607271303
970	-79.46161846395577	2004.44314612
971	-79.46161846395577	2005.102419691
972	-79.46161846395577	2006.001908429
973	-79.46161846395577	2006.892911301
974	-79.46161846395577	2007.707523413
975	-79.46161846395577	2008.803170091
976	-79.46161846395577	2010.249878193
977	-79.46161846395577	2011.401513914
978	-79.46161846395577	2013.135738798
979	-79.46161846395577	2014.904630435
980	-79.46161846395577	2016.948207277
981	-79.46161846395577	2018.873816462
982	-79.46161846395577	2021.023260369
983	-79.46161846395577	2023.283023962
984	-79.46161846395577	2025.212692906
985	-79.46161846395577	2027.471344912
986	-79.46161846395577	2029.857311145
987	-79.46161846395577	2031.635248291
988	-79.46161846395577	2033.497885019
989	-79.46161846395577	2035.416365392
990	-79.46161846395577	2037.313037387
991	-79.46161846395577	2038.858734627
992	-79.46161846395577	2040.723890743
993	-79.46161846395577	2042.558844132
994	-79.46161846395577	2044.452159128
995	-79.46161846395577	2046.717248304
996	-79.46161846395577	2049.123446052
997	-79.46161846395577	2051.577991999
998	-79.46161846395577	2053.941321936
999	-79.46161846395577	2055.710329607
1000	-79.46161846395577	2057.999615406
1001	-79.46161846395577	2059.670711886
1002	-79.46161846395577	2061.957870303
1003	-79.46161846395577	2064.266621565
1004	-79.46161846395577	2066.317591217
1005	-79.46161846395577	2068.419539075
1006	-79.46161846395577	2070.361809239
1007	-79.46161846395577	2071.991088486
1008	-79.46161846395577	2073.896823096
1009	-79.46161846395577	2075.804083821
1010	-79.46161846395577	2078.029718922
1011	-79.46161846395577	2079.917612827
1012	-79.46161846395577	2082.436996325
1013	-79.46161846395577	2084.713092753
1014	-79.46161846395577	2086.758026934
1015	-79.46161846395577	2088.548609205
1016	-79.46161846395577	2090.706269563
1017	-79.46161846395577	2093.334324325
1018	-79.46161846395577	2095.503795618
1019	-79.46161846395577	2097.579183983
1020	-79.46161846395577	2099.144764065
1021	-79.46161846395577	2101.152788647
1022	-79.46161846395577	2103.16310112
1023	-79.46161846395577	2105.26571154
1024	-79.46161846395577	2107.268956496
1025	-79.46161846395577	2109.03489597
1026	-79.46161846395577	2110.68110105
1027	-79.46161846395577	2112.767120624
1028	-79.46161846395577	2115.03396941
1029	-79.46161846395577	2116.813000182
1030	-79.46161846395577	2119.016010391
1031	-79.46161846395577	2120.993856478
1032	-79.46161846395577	2122.778170354
1033	-79.46161846395577	2124.337610906
1034	-79.46161846395577	2126.88395018
1035	-79.46161846395577	2128.771144176
1036	-79.46161846395577	2130.787144019
1037	-79.46161846395577	2132.411055204
1038	-79.46161846395577	2134.440157179
1039	-79.46161846395577	2136.525314339
1040	-79.46161846395577	2138.473110508
1041	-79.46161846395577	2140.453759939
1042	-79.46161846395577	2142.314458873
1043	-79.46161846395577	2143.929351918
1044	-79.46161846395577	2145.72328178
1045	-79.46161846395577	2147.546994994
1046	-79.46161846395577	2149.267679839
1047	-79.46161846395577	2150.487188523
1048	-79.46161846395577	2152.13241601
1049	-79.46161846395577	2154.307673316
1050	-79.46161846395577	2156.225746857
1051	-79.46161846395577	2158.256078449
1052	-79.46161846395577	2159.946207617
1053	-79.46161846395577	2161.393910703
1054	-79.46161846395577	2162.920742035
1055	-79.46161846395577	2163.725006607
1056	-79.46161846395577	2164.674300953
1057	-79.46161846395577	2166.179390335
1058	-79.46161846395577	2168.145993682
1059	-79.46161846395577	2169.70391781
1060	-79.46161846395577	2171.368190245
1061	-79.46161846395577	2172.928766617
1062	-79.46161846395577	2174.381758224
1063	-79.46161846395577	2176.161691893
1064	-79.46161846395577	2177.771531336
1065	-79.46161846395577	2179.745697981
1066	-79.46161846395577	2181.397268272
1067	-79.46161846395577	2183.191073832
1068	-79.46161846395577	2184.681766748
1069	-79.46161846395577	2186.328983347
1070	-79.46161846395577	2187.682822742
1071	-79.46161846395577	2189.124885784
1072	-79.46161846395577	2191.434032188
1073	-79.46161846395577	2193.561654603
1074	-79.46161846395577	2195.093285232
1075	-79.46161846395577	2196.231055335
1076	-79.46161846395577	2197.965773149
1077	-79.46161846395577	2199.548333232
1078	-79.46161846395577	2200.862875638
1079	-79.46161846395577	2202.17050619
1080	-79.46161846395577	2203.504574784
1081	-79.46161846395577	2205.38149337
1082	-79.46161846395577	2207.067167351
1083	-79.46161846395577	2208.733342228
1084	-79.46161846395577	2210.043446553
1085	-79.46161846395577	2211.581140023
1086	-79.46161846395577	2212.904752456
1087	-79.46161846395577	2214.327821583
1088	-79.46161846395577	2215.589545492
1089	-79.46161846395577	2216.862331676
1090	-79.46161846395577	2218.175663852
1091	-79.46161846395577	2219.961089886
1092	-79.46161846395577	2221.44638623
1093	-79.46161846395577	2223.254030894
1094	-79.46161846395577	2225.296123814
1095	-79.46161846395577	2227.054163292
1096	-79.46161846395577	2228.595577827
1097	-79.46161846395577	2230.076233102
1098	-79.46161846395577	2231.75513179
1099	-79.46161846395577	2233.12482962
1100	-79.46161846395577	2234.576200174
1101	-79.46161846395577	2235.887795263
1102	-79.46161846395577	2237.447679138
1103	-79.46161846395577	2239.039998894
1104	-79.46161846395577	2240.622708367
1105	-79.46161846395577	2241.914429166
1106	-79.46161846395577	2243.62355339
1107	-79.46161846395577	2245.306631862
1108	-79.46161846395577	2246.8518299
1109	-79.46161846395577	2248.558195254
1110	-79.46161846395577	2250.024675583
1111	-79.46161846395577	2251.674525323
1112	-79.46161846395577	2253.557189438
1113	-79.46161846395577	2255.294722284
1114	-79.46161846395577	2256.980380585
1115	-79.46161846395577	2258.892407822
1116	-79.46161846395577	2260.88574286
1117	-79.46161846395577	2262.640450713
1118	-79.46161846395577	2264.011754201
1119	-79.46161846395577	2266.057488645
1120	-79.46161846395577	2268.187805498
1121	-79.46161846395577	2269.989626801
1122	-79.46161846395577	2271.726771063
1123	-79.46161846395577	2274.022883188
1124	-79.46161846395577	2275.717015096
1125	-79.46161846395577	2277.445091896
1126	-79.46161846395577	2279.182863083
1127	-79.46161846395577	2281.372079233
1128	-79.46161846395577	2282.98778651
1129	-79.46161846395577	2284.717843013
1130	-79.46161846395577	2286.912135288
1131	-79.46161846395577	2288.919069665
1132	-79.46161846395577	2290.603370056
1133	-79.46161846395577	2292.500706039
1134	-79.46161846395577	2294.239815178
1135	-79.46161846395577	2296.286160012
1136	-79.46161846395577	2298.372067544
1137	-79.46161846395577	2300.536831056
1138	-79.46161846395577	2302.951544604
1139	-79.46161846395577	2305.000749231
1140	-79.46161846395577	2306.971125246
1141	-79.46161846395577	2308.808551838
1142	-79.46161846395577	2310.249558886
1143	-79.46161846395577	2312.155106758
1144	-79.46161846395577	2313.810263836
1145	-79.46161846395577	2315.213349766
1146	-79.46161846395577	2316.836438166
1147	-79.46161846395577	2317.959842023
1148	-79.46161846395577	2319.780360173
1149	-79.46161846395577	2321.352740922
1150	-79.46161846395577	2322.417475554
1151	-79.46161846395577	2324.132898677
1152	-79.46161846395577	2326.187288334
1153	-79.46161846395577	2328.129613237
1154	-79.46161846395577	2329.967874588
1155	-79.46161846395577	2332.442427109
1156	-79.46161846395577	2334.354744573
1157	-79.46161846395577	2336.558812486
1158	-79.46161846395577	2338.513327785
1159	-79.46161846395577	2340.526537399
1160	-79.46161846395577	2342.727055873
1161	-79.46161846395577	2344.73292884
1162	-79.46161846395577	2346.115077359
1163	-79.46161846395577	2347.622531038
1164	-79.46161846395577	2349.405482443
1165	-79.46161846395577	2350.800770442
1166	-79.46161846395577	2352.157294581
1167	-79.46161846395577	2353.322338627
1168	-79.46161846395577	2354.80364734
1169	-79.46161846395577	2356.043731649
1170	-79.46161846395577	2358.144793145
1171	-79.46161846395577	2360.124361208
1172	-79.46161846395577	2361.664474283
1173	-79.46161846395577	2363.589979122
1174	-79.46161846395577	2365.362181003
1175	-79.46161846395577	2367.158852057
1176	-79.46161846395577	2368.748720278
1177	-79.46161846395577	2370.641151763
1178	-79.46161846395577	2371.86128452
1179	-79.46161846395577	2373.451067212
1180	-79.46161846395577	2375.315417079
1181	-79.46161846395577	2376.698970834
1182	-79.46161846395577	2378.465463108
1183	-79.46161846395577	2380.311770423
1184	-79.46161846395577	2381.800414073
1185	-79.46161846395577	2383.638849902
1186	-79.46161846395577	2385.474338985
1187	-79.46161846395577	2387.154665431
1188	-79.46161846395577	2388.647552156
1189	-79.46161846395577	2390.32939702
1190	-79.46161846395577	2391.696290937
1191	-79.46161846395577	2393.216747249
1192	-79.46161846395577	2394.867481926
1193	-79.46161846395577	2396.819715606
1194	-79.46161846395577	2397.808596883
1195	-79.46161846395577	2398.599868514
1196	-79.46161846395577	2399.799216387
1197	-79.46161846395577	2401.136195236
1198	-79.46161846395577	2402.650178741
1199	-79.46161846395577	2404.446195501
1200	-79.46161846395577	2406.339766227
1201	-79.46161846395577	2407.924427179
1202	-79.46161846395577	2408.902419235
1203	-79.46161846395577	2409.828468037
1204	-79.46161846395577	2410.656233028
1205	-79.46161846395577	2412.106691846
1206	-79.46161846395577	2412.904190818
1207	-79.46161846395577	2414.213213776
1208	-79.46161846395577	2416.415699124
1209	-79.46161846395577	2418.698254959
1210	-79.46161846395577	2419.681858549
1211	-79.46161846395577	2421.337553887
1212	-79.46161846395577	2422.05823303
1213	-79.46161846395577	2422.934199681
1214	-79.46161846395577	2423.665382882
1215	-79.46161846395577	2424.473675568
1216	-79.46161846395577	2425.408434036
1217	-79.46161846395577	2426.911473581
1218	-79.46161846395577	2427.787177945
1219	-79.46161846395577	2429.023547175
1220	-79.46161846395577	2430.521724132
1221	-79.46161846395577	2431.791623154
1222	-79.46161846395577	2433.133184057
1223	-79.46161846395577	2435.263216669
1224	-79.46161846395577	2437.041562642
1225	-79.46161846395577	2439.185170645
1226	-79.46161846395577	2440.820652715
1227	-79.46161846395577	2442.1889761
1228	-79.46161846395577	2443.097637214
1229	-79.46161846395577	2443.974751375
1230	-79.46161846395577	2444.819527728
1231	-79.46161846395577	2445.713396379
1232	-79.46161846395577	2447.148689544
1233	-79.46161846395577	2448.811995506
1234	-79.46161846395577	2450.362563316
1235	-79.46161846395577	2451.469340691
1236	-79.46161846395577	2452.956333638
1237	-79.46161846395577	2454.470250716
1238	-79.46161846395577	2456.330222657
1239	-79.46161846395577	2457.680900628
1240	-79.46161846395577	2459.473821251
1241	-79.46161846395577	2461.18775418
1242	-79.46161846395577	2462.375749552
1243	-79.46161846395577	2463.267730016
1244	-79.46161846395577	2464.314712893
1245	-79.46161846395577	2465.604523838
1246	-79.46161846395577	2467.282370523
1247	-79.46161846395577	2468.979504487
1248	-79.46161846395577	2470.623735281
1249	-79.46161846395577	2471.963216983
1250	-79.46161846395577	2473.395259775
1251	-79.46161846395577	2474.623996999
1252	-79.46161846395577	2476.211255455
1253	-79.46161846395577	2477.61510259
1254	-79.46161846395577	2479.144904902
1255	-79.46161846395577	2480.962370249
1256	-79.46161846395577	2482.275295309
1257	-79.46161846395577	2483.297522492
1258	-79.46161846395577	2484.698591087
1259	-79.46161846395577	2485.771838669
1260	-79.46161846395577	2487.151224328
1261	-79.46161846395577	2488.811461807
1262	-79.46161846395577	2491.013341613
1263	-79.46161846395577	2492.533000228
1264	-79.46161846395577	2494.34962939
1265	-79.46161846395577	2495.879756996
1266	-79.46161846395577	2497.487706256
1267	-79.46161846395577	2498.863137926
1268	-79.46161846395577	2500.406522471
1269	-79.46161846395577	2501.92080276
1270	-79.46161846395577	2503.601284013
1271	-79.46161846395577	2505.199780362
1272	-79.46161846395577	2506.743850277
1273	-79.46161846395577	2508.225762823
1274	-79.46161846395577	2509.489953378
1275	-79.46161846395577	2510.815597117
1276	-79.46161846395577	2511.91491953
1277	-79.46161846395577	2514.045470731
1278	-79.46161846395577	2516.011207958
1279	-79.46161846395577	2517.811596372
1280	-79.46161846395577	2519.00150901
1281	-79.46161846395577	2519.957590054
1282	-79.46161846395577	2520.777520051
1283	-79.46161846395577	2521.638844485
1284	-79.46161846395577	2522.413886202
1285	-79.46161846395577	2523.281470477
1286	-79.46161846395577	2524.206617522
1287	-79.46161846395577	2525.173394777
1288	-79.46161846395577	2526.20553701
1289	-79.46161846395577	2527.072960491
1290	-79.46161846395577	2528.048085627
1291	-79.46161846395577	2528.761340314
1292	-79.46161846395577	2529.874907807
1293	-79.46161846395577	2530.81684555
1294	-79.46161846395577	2531.79659807
1295	-79.46161846395577	2532.857337659
1296	-79.46161846395577	2534.039078321
1297	-79.46161846395577	2535.199694549
1298	-79.46161846395577	2536.112903791
1299	-79.46161846395577	2537.200028396
1300	-79.46161846395577	2538.046858576
1301	-79.46161846395577	2539.050806863
1302	-79.46161846395577	2539.872956899
1303	-79.46161846395577	2540.668070192
1304	-79.46161846395577	2541.518395357
1305	-79.46161846395577	2542.497659794
1306	-79.46161846395577	2543.429059553
1307	-79.46161846395577	2544.569552317
1308	-79.46161846395577	2545.327403063
1309	-79.46161846395577	2546.075154586
1310	-79.46161846395577	2546.772786897
1311	-79.46161846395577	2547.50111173
1312	-79.46161846395577	2548.382978432
1313	-79.46161846395577	2549.312241116
1314	-79.46161846395577	2550.122020859
1315	-79.46161846395577	2550.781679024
1316	-79.46161846395577	2551.547702886
1317	-79.46161846395577	2552.28707973
1318	-79.46161846395577	2553.021552647
1319	-79.46161846395577	2553.690126032
1320	-79.46161846395577	2554.434294191
1321	-79.46161846395577	2555.254153199
1322	-79.46161846395577	2556.190912468
1323	-79.46161846395577	2557.033668349
1324	-79.46161846395577	2557.85214436
1325	-79.46161846395577	2558.759559607
1326	-79.46161846395577	2559.749358606
1327	-79.46161846395577	2560.701838324
1328	-79.46161846395577	2561.77809908
1329	-79.46161846395577	2562.74590496
1330	-79.46161846395577	2563.889735052
1331	-79.46161846395577	2564.640632889
1332	-79.46161846395577	2565.277795311
1333	-79.46161846395577	2566.090118392
1334	-79.46161846395577	2566.74335022
1335	-79.46161846395577	2567.554669194
1336	-79.46161846395577	2568.304057165
1337	-79.46161846395577	2569.315788843
1338	-79.46161846395577	2570.231779763
1339	-79.46161846395577	2571.01588837
1340	-79.46161846395577	2572.018706254
1341	-79.46161846395577	2572.726415834
1342	-79.46161846395577	2573.599128406
1343	-79.46161846395577	2574.386087968
1344	-79.46161846395577	2575.424472937
1345	-79.46161846395577	2576.432033098
1346	-79.46161846395577	2577.310733531
1347	-79.46161846395577	2578.167471919
1348	-79.46161846395577	2579.084210643
1349	-79.46161846395577	2580.058364174
1350	-79.46161846395577	2581.019483424
1351	-79.46161846395577	2581.865905348
1352	-79.46161846395577	2582.875638792
1353	-79.46161846395577	2584.186969883
1354	-79.46161846395577	2584.967934743
1355	-79.46161846395577	2585.868830427
1356	-79.46161846395577	2586.957168968
1357	-79.46161846395577	2587.784456424
1358	-79.46161846395577	2588.66549692
1359	-79.46161846395577	2589.440303148
1360	-79.46161846395577	2590.302414445
1361	-79.46161846395577	2591.165263569
1362	-79.46161846395577	2592.137118375
1363	-79.46161846395577	2593.205558392
1364	-79.46161846395577	2594.00097018
1365	-79.46161846395577	2594.709235411
1366	-79.46161846395577	2595.428726276
1367	-79.46161846395577	2596.158416717
1368	-79.46161846395577	2596.980777153
1369	-79.46161846395577	2597.926264334
1370	-79.46161846395577	2598.823259913
1371	-79.46161846395577	2599.657271916
1372	-79.46161846395577	2600.571718758
1373	-79.46161846395577	2601.405751858
1374	-79.46161846395577	2602.175142412
1375	-79.46161846395577	2602.891735852
1376	-79.46161846395577	2603.667209488
1377	-79.46161846395577	2604.329749968
1378	-79.46161846395577	2605.163673022
1379	-79.46161846395577	2605.982371977
1380	-79.46161846395577	2606.911004599
1381	-79.46161846395577	2607.638997582
1382	-79.46161846395577	2608.570149022
1383	-79.46161846395577	2609.313750981
1384	-79.46161846395577	2610.03335674
1385	-79.46161846395577	2611.017388828
1386	-79.46161846395577	2611.893082928
1387	-79.46161846395577	2612.844531741
1388	-79.46161846395577	2613.930104285
1389	-79.46161846395577	2614.881140564
1390	-79.46161846395577	2615.684135321
1391	-79.46161846395577	2616.425703409
1392	-79.46161846395577	2617.496281072
1393	-79.46161846395577	2618.319037791
1394	-79.46161846395577	2619.059836121
1395	-79.46161846395577	2619.780284052
1396	-79.46161846395577	2620.578137397
1397	-79.46161846395577	2621.422701924
1398	-79.46161846395577	2622.262854313
1399	-79.46161846395577	2623.002909684
1400	-79.46161846395577	2623.8368832
1401	-79.46161846395577	2624.621153171
1402	-79.46161846395577	2625.382478375
1403	-79.46161846395577	2626.223913123
1404	-79.46161846395577	2627.108417529
1405	-79.46161846395577	2627.773478538
1406	-79.46161846395577	2628.576930303
1407	-79.46161846395577	2629.632439531
1408	-79.46161846395577	2630.500170915
1409	-79.46161846395577	2631.623029385
1410	-79.46161846395577	2632.649357951
1411	-79.46161846395577	2633.722023938
1412	-79.46161846395577	2634.546407412
1413	-79.46161846395577	2635.398463678
1414	-79.46161846395577	2636.461774828
1415	-79.46161846395577	2637.695603571
1416	-79.46161846395577	2638.627413012
1417	-79.46161846395577	2639.647576104
1418	-79.46161846395577	2640.435221036
1419	-79.46161846395577	2641.295832161
1420	-79.46161846395577	2642.143519623
1421	-79.46161846395577	2643.021754495
1422	-79.46161846395577	2644.169008298
1423	-79.46161846395577	2644.969429213
1424	-79.46161846395577	2645.857184277
1425	-79.46161846395577	2646.699038116
1426	-79.46161846395577	2648.088222792
1427	-79.46161846395577	2649.144609258
1428	-79.46161846395577	2649.818187209
1429	-79.46161846395577	2650.697211795
1430	-79.46161846395577	2651.626316535
1431	-79.46161846395577	2652.791159304
1432	-79.46161846395577	2653.614178596
1433	-79.46161846395577	2654.898659966
1434	-79.46161846395577	2655.847154619
1435	-79.46161846395577	2657.117698527
1436	-79.46161846395577	2658.100891294
1437	-79.46161846395577	2658.981059113
1438	-79.46161846395577	2659.924612776
1439	-79.46161846395577	2660.834766936
1440	-79.46161846395577	2661.75204335
1441	-79.46161846395577	2662.797342454
1442	-79.46161846395577	2663.643459896
1443	-79.46161846395577	2664.550115364
1444	-79.46161846395577	2665.567254448
1445	-79.46161846395577	2666.292382791
1446	-79.46161846395577	2666.971247552
1447	-79.46161846395577	2667.779520566
1448	-79.46161846395577	2668.931435966
1449	-79.46161846395577	2669.915966686
1450	-79.46161846395577	2670.640089212
1451	-79.46161846395577	2671.396691809
1452	-79.46161846395577	2672.664179494
1453	-79.46161846395577	2673.565249372
1454	-79.46161846395577	2674.442051353
1455	-79.46161846395577	2675.251737301
1456	-79.46161846395577	2676.060076742
1457	-79.46161846395577	2676.820694909
1458	-79.46161846395577	2677.629497916
1459	-79.46161846395577	2678.38964767
1460	-79.46161846395577	2679.129656286
1461	-79.46161846395577	2680.169593314
1462	-79.46161846395577	2680.900445234
1463	-79.46161846395577	2681.721077421
1464	-79.46161846395577	2682.598884364
1465	-79.46161846395577	2683.338800609
1466	-79.46161846395577	2684.176344945
1467	-79.46161846395577	2685.04343686
1468	-79.46161846395577	2685.997180976
1469	-79.46161846395577	2686.789260283
1470	-79.46161846395577	2687.623796576
1471	-79.46161846395577	2688.409872913
1472	-79.46161846395577	2689.211835909
1473	-79.46161846395577	2690.072350387
1474	-79.46161846395577	2691.068544362
1475	-79.46161846395577	2691.972430983
1476	-79.46161846395577	2692.706396715
1477	-79.46161846395577	2693.5828486
1478	-79.46161846395577	2694.42849763
1479	-79.46161846395577	2695.349678997
1480	-79.46161846395577	2696.169864155
1481	-79.46161846395577	2696.971224744
1482	-79.46161846395577	2697.971440847
1483	-79.46161846395577	2699.026032637
1484	-79.46161846395577	2699.797041393
1485	-79.46161846395577	2700.677565866
1486	-79.46161846395577	2701.605073217
1487	-79.46161846395577	2702.422821949
1488	-79.46161846395577	2703.21446734
1489	-79.46161846395577	2704.117769516
1490	-79.46161846395577	2704.932807275
1491	-79.46161846395577	2705.845963775
1492	-79.46161846395577	2706.573529969
1493	-79.46161846395577	2707.452516352
1494	-79.46161846395577	2708.269140668
1495	-79.46161846395577	2709.170840892
1496	-79.46161846395577	2710.023434847
1497	-79.46161846395577	2710.924226472
1498	-79.46161846395577	2711.762291107
1499	-79.46161846395577	2712.556571921
1500	-79.46161846395577	2713.340644036
1501	-79.46161846395577	2714.191614373
1502	-79.46161846395577	2715.12816039
1503	-79.46161846395577	2715.887714581
1504	-79.46161846395577	2716.810517571
1505	-79.46161846395577	2717.782827389
1506	-79.46161846395577	2718.669598874
1507	-79.46161846395577	2719.576112079
1508	-79.46161846395577	2720.484176204
1509	-79.46161846395577	2721.521098347
1510	-79.46161846395577	2722.415670044
1511	-79.46161846395577	2723.387218942
1512	-79.46161846395577	2724.307526207
1513	-79.46161846395577	2725.090306555
1514	-79.46161846395577	2725.945900284
1515	-79.46161846395577	2726.89831386
1516	-79.46161846395577	2727.737069852
1517	-79.46161846395577	2728.59486965
1518	-79.46161846395577	2729.561696227
1519	-79.46161846395577	2730.390240384
1520	-79.46161846395577	2731.268094368
1521	-79.46161846395577	2732.159100946
1522	-79.46161846395577	2733.233640581
1523	-79.46161846395577	2734.313928025
1524	-79.46161846395577	2735.232315742
1525	-79.46161846395577	2736.018315103
1526	-79.46161846395577	2736.795100463
1527	-79.46161846395577	2737.645513153
1528	-79.46161846395577	2738.421044094
1529	-79.46161846395577	2739.144070998
1530	-79.46161846395577	2740.060898102
1531	-79.46161846395577	2741.220449499
1532	-79.46161846395577	2741.942521903
1533	-79.46161846395577	2742.682412204
1534	-79.46161846395577	2743.634771897
1535	-79.46161846395577	2744.455867935
1536	-79.46161846395577	2745.352337227
1537	-79.46161846395577	2746.244514692
1538	-79.46161846395577	2746.97034608
1539	-79.46161846395577	2747.705819112
1540	-79.46161846395577	2748.431443806
1541	-79.46161846395577	2749.125239587
1542	-79.46161846395577	2749.894020037
1543	-79.46161846395577	2750.998902668
1544	-79.46161846395577	2751.932241361
1545	-79.46161846395577	2752.725363547
1546	-79.46161846395577	2753.394440695
1547	-79.46161846395577	2754.168704101
1548	-79.46161846395577	2755.172438282
1549	-79.46161846395577	2756.10807798
1550	-79.46161846395577	2756.964121306
1551	-79.46161846395577	2757.745991344
1552	-79.46161846395577	2758.551050477
1553	-79.46161846395577	2759.43859343
1554	-79.46161846395577	2760.329613123
1555	-79.46161846395577	2761.139512607
1556	-79.46161846395577	2762.350840191
1557	-79.46161846395577	2763.620041869
1558	-79.46161846395577	2764.659642485
1559	-79.46161846395577	2765.532407799
1560	-79.46161846395577	2766.392220087
1561	-79.46161846395577	2767.328125209
1562	-79.46161846395577	2768.646943192
1563	-79.46161846395577	2769.873013348
1564	-79.46161846395577	2770.900933602
1565	-79.46161846395577	2771.869562552
1566	-79.46161846395577	2772.608814525
1567	-79.46161846395577	2773.635132827
1568	-79.46161846395577	2774.558328679
1569	-79.46161846395577	2775.474522301
1570	-79.46161846395577	2776.484340134
1571	-79.46161846395577	2777.800156061
1572	-79.46161846395577	2778.968242076
1573	-79.46161846395577	2779.957434677
1574	-79.46161846395577	2780.864212736
1575	-79.46161846395577	2781.847563446
1576	-79.46161846395577	2782.75227941
1577	-79.46161846395577	2783.503329487
1578	-79.46161846395577	2784.465806933
1579	-79.46161846395577	2785.317305836
1580	-79.46161846395577	2786.127744721
1581	-79.46161846395577	2786.966382683
1582	-79.46161846395577	2787.708049414
1583	-79.46161846395577	2788.623013419
1584	-79.46161846395577	2789.331529534
1585	-79.46161846395577	2790.014785906
1586	-79.46161846395577	2790.955774566
1587	-79.46161846395577	2791.892615942
1588	-79.46161846395577	2792.926139177
1589	-79.46161846395577	2793.83121094
1590	-79.46161846395577	2794.612463747
1591	-79.46161846395577	2795.478061191
1592	-79.46161846395577	2796.358850518
1593	-79.46161846395577	2797.553066387
1594	-79.46161846395577	2798.354221138
1595	-79.46161846395577	2799.367468669
1596	-79.46161846395577	2800.176806229
1597	-79.46161846395577	2800.937456042
1598	-79.46161846395577	2801.864835955
1599	-79.46161846395577	2802.911510929
1600	-79.46161846395577	2803.810349079
1601	-79.46161846395577	2804.955462101
1602	-79.46161846395577	2805.952303244
1603	-79.46161846395577	2806.731811266
1604	-79.46161846395577	2807.857522971
1605	-79.46161846395577	2808.782936295
1606	-79.46161846395577	2809.664300659
1607	-79.46161846395577	2810.551225811
1608	-79.46161846395577	2811.312488293
1609	-79.46161846395577	2812.208863789
1610	-79.46161846395577	2813.474930843
1611	-79.46161846395577	2814.600801631
1612	-79.46161846395577	2815.384411892
1613	-79.46161846395577	2816.139646601
1614	-79.46161846395577	2816.942544711
1615	-79.46161846395577	2817.815244739
1616	-79.46161846395577	2818.787740724
1617	-79.46161846395577	2820.071347706
1618	-79.46161846395577	2821.155545235
1619	-79.46161846395577	2822.080806604
1620	-79.46161846395577	2823.006661541
1621	-79.46161846395577	2824.029411304
1622	-79.46161846395577	2825.145067407
1623	-79.46161846395577	2825.905685573
1624	-79.46161846395577	2826.725669169
1625	-79.46161846395577	2827.644337135
1626	-79.46161846395577	2828.684815274
1627	-79.46161846395577	2829.544641246
1628	-79.46161846395577	2830.621042839
1629	-79.46161846395577	2831.656787824
1630	-79.46161846395577	2832.883880617
1631	-79.46161846395577	2833.680305634
1632	-79.46161846395577	2834.703907262
1633	-79.46161846395577	2835.577969191
1634	-79.46161846395577	2836.292772231
1635	-79.46161846395577	2837.14579383
1636	-79.46161846395577	2837.88395075
1637	-79.46161846395577	2838.752829359
1638	-79.46161846395577	2839.697605797
1639	-79.46161846395577	2840.560871731
1640	-79.46161846395577	2841.386145558
1641	-79.46161846395577	2842.353483026
1642	-79.46161846395577	2843.234211342
1643	-79.46161846395577	2844.034053513
1644	-79.46161846395577	2845.074753171
1645	-79.46161846395577	2845.983542579
1646	-79.46161846395577	2847.283701919
1647	-79.46161846395577	2848.210955249
1648	-79.46161846395577	2849.315718425
1649	-79.46161846395577	2850.453997708
1650	-79.46161846395577	2851.365500655
1651	-79.46161846395577	2852.403664389
1652	-79.46161846395577	2853.756848349
1653	-79.46161846395577	2854.530331734
1654	-79.46161846395577	2855.520838055
1655	-79.46161846395577	2856.39267852
1656	-79.46161846395577	2857.457083012
1657	-79.46161846395577	2858.190072577
1658	-79.46161846395577	2859.209577098
1659	-79.46161846395577	2859.958183337
1660	-79.46161846395577	2860.782303668
1661	-79.46161846395577	2861.724261653
1662	-79.46161846395577	2862.737296502
1663	-79.46161846395577	2863.54813167
1664	-79.46161846395577	2864.180958645
1665	-79.46161846395577	2865.086403883
1666	-79.46161846395577	2865.970975001
1667	-79.46161846395577	2866.791751447
1668	-79.46161846395577	2867.685380333
1669	-79.46161846395577	2868.793968919
1670	-79.46161846395577	2869.711864847
1671	-79.46161846395577	2870.648260333
1672	-79.46161846395577	2871.588043324
1673	-79.46161846395577	2872.4968869
1674	-79.46161846395577	2873.443707473
1675	-79.46161846395577	2874.313695102
1676	-79.46161846395577	2875.045319916
1677	-79.46161846395577	2875.962424133
1678	-79.46161846395577	2876.950895442
1679	-79.46161846395577	2877.918022224
1680	-79.46161846395577	2878.780615333
1681	-79.46161846395577	2879.59570441
1682	-79.46161846395577	2880.593979582
1683	-79.46161846395577	2881.404840123
1684	-79.46161846395577	2882.388822319
1685	-79.46161846395577	2883.441616297
1686	-79.46161846395577	2884.39808222
1687	-79.46161846395577	2885.229656086
1688	-79.46161846395577	2886.046051756
1689	-79.46161846395577	2887.247373914
1690	-79.46161846395577	2888.272164676
1691	-79.46161846395577	2889.349542721
1692	-79.46161846395577	2890.040405725
1693	-79.46161846395577	2890.92631052
1694	-79.46161846395577	2891.778985727
1695	-79.46161846395577	2892.552976297
1696	-79.46161846395577	2893.614203114
1697	-79.46161846395577	2894.40056198
1698	-79.46161846395577	2895.120719399
1699	-79.46161846395577	2895.867441727
1700	-79.46161846395577	2896.946221017
1701	-79.46161846395577	2897.73039149
1702	-79.46161846395577	2898.475020078
1703	-79.46161846395577	2899.333871594
1704	-79.46161846395577	2900.040187057
1705	-79.46161846395577	2900.78856579
1706	-79.46161846395577	2901.397852718
1707	-79.46161846395577	2902.054875175
1708	-79.46161846395577	2902.829530873
1709	-79.46161846395577	2903.71330971
1710	-79.46161846395577	2904.497659794
1711	-79.46161846395577	2905.419269089
1712	-79.46161846395577	2906.283474698
1713	-79.46161846395577	2907.208583255
1714	-79.46161846395577	2908.194035974
1715	-79.46161846395577	2909.347210925
1716	-79.46161846395577	2910.060402606
1717	-79.46161846395577	2911.00464449
1718	-79.46161846395577	2911.786123092
1719	-79.46161846395577	2912.804541115
1720	-79.46161846395577	2913.609340241
1721	-79.46161846395577	2914.383878764
1722	-79.46161846395577	2915.24480606
1723	-79.46161846395577	2916.104889758
1724	-79.46161846395577	2916.951057661
1725	-79.46161846395577	2917.764310438
1726	-79.46161846395577	2918.605995786
1727	-79.46161846395577	2919.464924562
1728	-79.46161846395577	2920.208681613
1729	-79.46161846395577	2920.898992387
1730	-79.46161846395577	2921.926371245
1731	-79.46161846395577	2922.850993429
1732	-79.46161846395577	2923.819595581
1733	-79.46161846395577	2924.530014423
1734	-79.46161846395577	2925.395299688
1735	-79.46161846395577	2926.499017418
1736	-79.46161846395577	2927.405598192
1737	-79.46161846395577	2928.129127719
1738	-79.46161846395577	2928.993750992
1739	-79.46161846395577	2929.688353023
1740	-79.46161846395577	2930.40804089
1741	-79.46161846395577	2931.14315242
1742	-79.46161846395577	2931.978421409
1743	-79.46161846395577	2932.862304877
1744	-79.46161846395577	2933.818315502
1745	-79.46161846395577	2934.767045644
1746	-79.46161846395577	2935.645635459
1747	-79.46161846395577	2936.475630182
1748	-79.46161846395577	2937.421614855
1749	-79.46161846395577	2938.393771576
1750	-79.46161846395577	2939.719537051
1751	-79.46161846395577	2940.656572862
1752	-79.46161846395577	2941.740956558
1753	-79.46161846395577	2942.666405234
1754	-79.46161846395577	2943.686634753
1755	-79.46161846395577	2944.60497714
1756	-79.46161846395577	2945.351416369
1757	-79.46161846395577	2946.150939518
1758	-79.46161846395577	2946.949117872
1759	-79.46161846395577	2947.893633448
1760	-79.46161846395577	2948.681731966
1761	-79.46161846395577	2949.460876492
1762	-79.46161846395577	2950.360412556
1763	-79.46161846395577	2951.125647559
1764	-79.46161846395577	2951.993348438
1765	-79.46161846395577	2952.910801611
1766	-79.46161846395577	2953.915842099
1767	-79.46161846395577	2954.854592189
1768	-79.46161846395577	2955.787063337
1769	-79.46161846395577	2956.772838214
1770	-79.46161846395577	2957.665425931
1771	-79.46161846395577	2958.765005216
1772	-79.46161846395577	2959.812894412
1773	-79.46161846395577	2960.624197706
1774	-79.46161846395577	2961.547447441
1775	-79.46161846395577	2962.691665548
1776	-79.46161846395577	2963.837680041
1777	-79.46161846395577	2964.756027275
1778	-79.46161846395577	2965.596052226
1779	-79.46161846395577	2966.516271681
1780	-79.46161846395577	2967.438146401
1781	-79.46161846395577	2968.356951212
1782	-79.46161846395577	2969.152251527
1783	-79.46161846395577	2970.110006081
1784	-79.46161846395577	2971.116010762
1785	-79.46161846395577	2971.91223165
1786	-79.46161846395577	2972.633668007
1787	-79.46161846395577	2973.711525298
1788	-79.46161846395577	2974.515406702
1789	-79.46161846395577	2975.352385408
1790	-79.46161846395577	2976.326374438
1791	-79.46161846395577	2977.265031017
1792	-79.46161846395577	2978.198555592
1793	-79.46161846395577	2979.034988056
1794	-79.46161846395577	2979.978179078
1795	-79.46161846395577	2981.002104005
1796	-79.46161846395577	2981.865358535
1797	-79.46161846395577	2982.910144466
1798	-79.46161846395577	2984.082059883
1799	-79.46161846395577	2985.115291466
1800	-79.46161846395577	2986.147176543
1801	-79.46161846395577	2986.922439208
1802	-79.46161846395577	2987.801228876
1803	-79.46161846395577	2988.814147977
1804	-79.46161846395577	2989.79150655
1805	-79.46161846395577	2990.679724039
1806	-79.46161846395577	2991.395303109
1807	-79.46161846395577	2992.356130422
1808	-79.46161846395577	2993.104773154
1809	-79.46161846395577	2993.988874435
1810	-79.46161846395577	2994.970877783
1811	-79.46161846395577	2995.718423183
1812	-79.46161846395577	2996.557745089
1813	-79.46161846395577	2997.394713532
1814	-79.46161846395577	2998.517185697
1815	-79.46161846395577	2999.388517552
1816	-79.46161846395577	3000.109852985
1817	-79.46161846395577	3000.973384343
1818	-79.46161846395577	3001.787783488
1819	-79.46161846395577	3002.481300731
1820	-79.46161846395577	3003.452875288
1821	-79.46161846395577	3004.352204943
1822	-79.46161846395577	3005.372266825
1823	-79.46161846395577	3006.24518096
1824	-79.46161846395577	3006.93095444
1825	-79.46161846395577	3007.667666782
1826	-79.46161846395577	3008.628726162
1827	-79.46161846395577	3009.757039934
1828	-79.46161846395577	3010.614372176
1829	-79.46161846395577	3011.500888215
1830	-79.46161846395577	3012.338274323
1831	-79.46161846395577	3013.341205674
1832	-79.46161846395577	3014.120817471
1833	-79.46161846395577	3015.074422746
1834	-79.46161846395577	3015.888633158
1835	-79.46161846395577	3017.224056241
1836	-79.46161846395577	3018.182358464
1837	-79.46161846395577	3018.973220413
1838	-79.46161846395577	3019.893337519
1839	-79.46161846395577	3020.791873468
1840	-79.46161846395577	3021.857156623
1841	-79.46161846395577	3022.708582257
1842	-79.46161846395577	3023.585352023
1843	-79.46161846395577	3024.437012006
1844	-79.46161846395577	3025.326580277
1845	-79.46161846395577	3026.354505378
1846	-79.46161846395577	3027.130283211
1847	-79.46161846395577	3027.986912978
1848	-79.46161846395577	3028.948343838
1849	-79.46161846395577	3029.726869136
1850	-79.46161846395577	3030.733000114
1851	-79.46161846395577	3031.928735542
1852	-79.46161846395577	3033.01691671
1853	-79.46161846395577	3034.0869028
1854	-79.46161846395577	3035.162046552
1855	-79.46161846395577	3036.131177841
1856	-79.46161846395577	3037.140217933
1857	-79.46161846395577	3038.155945509
1858	-79.46161846395577	3039.14231538
1859	-79.46161846395577	3039.932424107
1860	-79.46161846395577	3040.811951316
1861	-79.46161846395577	3041.646604214
1862	-79.46161846395577	3042.383252124
1863	-79.46161846395577	3043.058557183
1864	-79.46161846395577	3043.788396158
1865	-79.46161846395577	3044.901431664
1866	-79.46161846395577	3045.816558174
1867	-79.46161846395577	3046.827163155
1868	-79.46161846395577	3047.819105787
1869	-79.46161846395577	3048.644456875
1870	-79.46161846395577	3049.642637395
1871	-79.46161846395577	3050.556119474
1872	-79.46161846395577	3051.327778248
1873	-79.46161846395577	3052.293558239
1874	-79.46161846395577	3053.210815838
1875	-79.46161846395577	3054.101521925
1876	-79.46161846395577	3054.878954452
1877	-79.46161846395577	3056.031879945
1878	-79.46161846395577	3056.799800262
1879	-79.46161846395577	3057.732931691
1880	-79.46161846395577	3058.716223386
1881	-79.46161846395577	3059.730650927
1882	-79.46161846395577	3060.681853702
1883	-79.46161846395577	3061.379840957
1884	-79.46161846395577	3062.247184896
1885	-79.46161846395577	3063.521174468
1886	-79.46161846395577	3064.812038555
1887	-79.46161846395577	3066.002167011
1888	-79.46161846395577	3066.957328051
1889	-79.46161846395577	3067.906477283
1890	-79.46161846395577	3068.814076418
1891	-79.46161846395577	3069.746083715
1892	-79.46161846395577	3070.733573441
1893	-79.46161846395577	3072.887468258
1894	-79.46161846395577	3073.799161933
1895	-79.46161846395577	3074.593770892
1896	-79.46161846395577	3075.516607239
1897	-79.46161846395577	3076.404703847
1898	-79.46161846395577	3077.344403305
1899	-79.46161846395577	3078.213033025
1900	-79.46161846395577	3079.212274101
1901	-79.46161846395577	3080.060597326
1902	-79.46161846395577	3081.247418959
1903	-79.46161846395577	3082.314504203
1904	-79.46161846395577	3083.295299888
1905	-79.46161846395577	3084.159093818
1906	-79.46161846395577	3085.138958666
1907	-79.46161846395577	3086.070566259
1908	-79.46161846395577	3086.820288363
1909	-79.46161846395577	3087.724161299
1910	-79.46161846395577	3088.697079511
1911	-79.46161846395577	3089.658704235
1912	-79.46161846395577	3090.498591201
1913	-79.46161846395577	3091.317066071
1914	-79.46161846395577	3092.255934761
1915	-79.46161846395577	3093.113277837
1916	-79.46161846395577	3094.026103056
1917	-79.46161846395577	3094.828755983
1918	-79.46161846395577	3095.659005581
1919	-79.46161846395577	3096.715460185
1920	-79.46161846395577	3097.652950154
1921	-79.46161846395577	3098.596232977
1922	-79.46161846395577	3099.513873743
1923	-79.46161846395577	3100.346275527
1924	-79.46161846395577	3101.242453167
1925	-79.46161846395577	3102.205392182
1926	-79.46161846395577	3103.025259458
1927	-79.46161846395577	3103.998199337
1928	-79.46161846395577	3104.930785378
1929	-79.46161846395577	3105.942741142
1930	-79.46161846395577	3106.876869264
1931	-79.46161846395577	3107.636717103
1932	-79.46161846395577	3108.962777651
1933	-79.46161846395577	3109.935119685
1934	-79.46161846395577	3110.849932589
1935	-79.46161846395577	3111.697330965
1936	-79.46161846395577	3112.4041462
1937	-79.46161846395577	3113.097629517
1938	-79.46161846395577	3114.006559191
1939	-79.46161846395577	3114.703599929
1940	-79.46161846395577	3115.476063527
1941	-79.46161846395577	3116.213620892
1942	-79.46161846395577	3117.297281301
1943	-79.46161846395577	3118.27084953
1944	-79.46161846395577	3119.17398521
1945	-79.46161846395577	3120.316431164
1946	-79.46161846395577	3121.099168747
1947	-79.46161846395577	3121.925880026
1948	-79.46161846395577	3122.869314234
1949	-79.46161846395577	3123.821549625
1950	-79.46161846395577	3124.641688027
1951	-79.46161846395577	3125.474911171
1952	-79.46161846395577	3126.350854445
1953	-79.46161846395577	3127.41737463
1954	-79.46161846395577	3128.194091568
1955	-79.46161846395577	3128.859930317
1956	-79.46161846395577	3129.599908142
1957	-79.46161846395577	3130.386732569
1958	-79.46161846395577	3131.376125022
1959	-79.46161846395577	3132.203967274
1960	-79.46161846395577	3133.161779988
1961	-79.46161846395577	3134.029704952
1962	-79.46161846395577	3134.835896199
1963	-79.46161846395577	3135.58226615
1964	-79.46161846395577	3136.434079514
1965	-79.46161846395577	3137.278018826
1966	-79.46161846395577	3138.189264901
1967	-79.46161846395577	3139.409348052
1968	-79.46161846395577	3140.275176424
1969	-79.46161846395577	3141.151969568
1970	-79.46161846395577	3142.054868903
1971	-79.46161846395577	3142.808393895
1972	-79.46161846395577	3143.536209547
1973	-79.46161846395577	3144.407796563
1974	-79.46161846395577	3145.278795141
1975	-79.46161846395577	3146.065443094
1976	-79.46161846395577	3146.97288286
1977	-79.46161846395577	3147.806042712
1978	-79.46161846395577	3148.648078727
1979	-79.46161846395577	3149.51713324
1980	-79.46161846395577	3150.3189152
1981	-79.46161846395577	3151.072955645
1982	-79.46161846395577	3151.896272006
1983	-79.46161846395577	3152.704883429
1984	-79.46161846395577	3153.902937538
1985	-79.46161846395577	3155.649830069
1986	-79.46161846395577	3157.28007693
1987	-79.46161846395577	3158.827752732
1988	-79.46161846395577	3160.271412594
1989	-79.46161846395577	3161.845727716
1990	-79.46161846395577	3163.271585362
1991	-79.46161846395577	3164.632017589
1992	-79.46161846395577	3166.283010848
1993	-79.46161846395577	3167.23108584
1994	-79.46161846395577	3168.074508845
1995	-79.46161846395577	3168.81532314
1996	-79.46161846395577	3169.67000656
1997	-79.46161846395577	3170.405012891
1998	-79.46161846395577	3171.374771389
1999	-79.46161846395577	3173.206665703
2000	-79.46161846395577	3174.631823439
2001	-79.46161846395577	3176.130875069
2002	-79.46161846395577	3177.641624451
2003	-79.46161846395577	3179.738880778
2004	-79.46161846395577	3181.186052731
2005	-79.46161846395577	3182.258853283
2006	-79.46161846395577	3183.073069968
2007	-79.46161846395577	3184.157595642
2008	-79.46161846395577	3185.760205919
2009	-79.46161846395577	3187.347029034
2010	-79.46161846395577	3188.864736741
2011	-79.46161846395577	3190.305094342
2012	-79.46161846395577	3191.580212892
2013	-79.46161846395577	3193.021756205
2014	-79.46161846395577	3194.703461658
2015	-79.46161846395577	3196.336388131
2016	-79.46161846395577	3197.46206477
2017	-79.46161846395577	3198.428798405
2018	-79.46161846395577	3199.461922507
2019	-79.46161846395577	3200.390603025
2020	-79.46161846395577	3201.18976838
2021	-79.46161846395577	3201.946719649
2022	-79.46161846395577	3202.838337757
2023	-79.46161846395577	3203.885352565
2024	-79.46161846395577	3205.132410308
2025	-79.46161846395577	3206.844986753
2026	-79.46161846395577	3207.788336573
2027	-79.46161846395577	3208.574147486
2028	-79.46161846395577	3209.700773493
2029	-79.46161846395577	3210.564380116
2030	-79.46161846395577	3211.438543539
2031	-79.46161846395577	3213.183356583
2032	-79.46161846395577	3214.505324015
2033	-79.46161846395577	3216.068958036
2034	-79.46161846395577	3217.746366244
2035	-79.46161846395577	3218.73599048
2036	-79.46161846395577	3219.823993463
2037	-79.46161846395577	3220.787454488
2038	-79.46161846395577	3221.711813529
2039	-79.46161846395577	3223.318117788
2040	-79.46161846395577	3224.665710171
2041	-79.46161846395577	3226.613925431
2042	-79.46161846395577	3228.450080212
2043	-79.46161846395577	3230.342628871
2044	-79.46161846395577	3232.307583226
2045	-79.46161846395577	3234.024583497
2046	-79.46161846395577	3235.346147519
2047	-79.46161846395577	3237.212326844
2048	-79.46161846395577	3239.017882898
2049	-79.46161846395577	3240.907972894
2050	-79.46161846395577	3243.248202117
2051	-79.46161846395577	3244.851325851
2052	-79.46161846395577	3246.426186076
2053	-79.46161846395577	3248.025508347
2054	-79.46161846395577	3249.680973612
2055	-79.46161846395577	3251.256089853
2056	-79.46161846395577	3252.955531665
2057	-79.46161846395577	3254.961662643
2058	-79.46161846395577	3256.837016624
2059	-79.46161846395577	3258.18609635
2060	-79.46161846395577	3258.846768885
2061	-79.46161846395577	3260.588747795
2062	-79.46161846395577	3261.788227667
2063	-79.46161846395577	3263.04106344
2064	-79.46161846395577	3263.809488661
2065	-79.46161846395577	3264.676049444
2066	-79.46161846395577	3265.713320829
2067	-79.46161846395577	3267.107956815
2068	-79.46161846395577	3267.816358607
2069	-79.46161846395577	3268.641134657
2070	-79.46161846395577	3269.302077747
2071	-79.46161846395577	3270.029234259
2072	-79.46161846395577	3270.900043249
2073	-79.46161846395577	3271.922614542
2074	-79.46161846395577	3272.763507894
2075	-79.46161846395577	3273.762827086
2076	-79.46161846395577	3274.745214174
2077	-79.46161846395577	3275.518345466
2078	-79.46161846395577	3276.365648049
2079	-79.46161846395577	3277.247708046
2080	-79.46161846395577	3278.045272305
2081	-79.46161846395577	3279.069746325
2082	-79.46161846395577	3280.084060113
2083	-79.46161846395577	3281.056478837
2084	-79.46161846395577	3282.216288815
2085	-79.46161846395577	3283.372881206
2086	-79.46161846395577	3284.312241686
2087	-79.46161846395577	3285.288307636
2088	-79.46161846395577	3286.116247106
2089	-79.46161846395577	3286.81466514
2090	-79.46161846395577	3287.635226624
2091	-79.46161846395577	3288.526790849
2092	-79.46161846395577	3289.377045881
2093	-79.46161846395577	3290.30792534
2094	-79.46161846395577	3291.161064968
2095	-79.46161846395577	3292.118362229
2096	-79.46161846395577	3294.632934171
2097	-79.46161846395577	3295.831415924
2098	-79.46161846395577	3296.620547058
2099	-79.46161846395577	3297.757539706
2100	-79.46161846395577	3298.715504375
2101	-79.46161846395577	3299.760773259
2102	-79.46161846395577	3302.941785502
2103	-79.46161846395577	3303.737155665
2104	-79.46161846395577	3304.461167289
2105	-79.46161846395577	3305.303832795
2106	-79.46161846395577	3306.164542278
2107	-79.46161846395577	3307.067100924
2108	-79.46161846395577	3307.838931896
2109	-79.46161846395577	3308.654742549
2110	-79.46161846395577	3309.415383238
2111	-79.46161846395577	3310.212370178
2112	-79.46161846395577	3310.944226204
2113	-79.46161846395577	3311.787798028
2114	-79.46161846395577	3312.910652221
2115	-79.46161846395577	3313.658736736
2116	-79.46161846395577	3314.393067676
2117	-79.46161846395577	3315.104467817
2118	-79.46161846395577	3315.956212758
2119	-79.46161846395577	3316.864623559
2120	-79.46161846395577	3317.656182851
2121	-79.46161846395577	3318.437535726
2122	-79.46161846395577	3319.248951348
2123	-79.46161846395577	3319.930023603
2124	-79.46161846395577	3320.765752451
2125	-79.46161846395577	3321.826014505
2126	-79.46161846395577	3322.742128871
2127	-79.46161846395577	3323.612312931
2128	-79.46161846395577	3324.483838366
2129	-79.46161846395577	3325.635626043
2130	-79.46161846395577	3326.604400392
2131	-79.46161846395577	3327.481620608
2132	-79.46161846395577	3328.362422764
2133	-79.46161846395577	3329.196393428
2134	-79.46161846395577	3330.104434746
2135	-79.46161846395577	3331.133478276
2136	-79.46161846395577	3332.041492794
2137	-79.46161846395577	3332.945890591
2138	-79.46161846395577	3333.808331174
2139	-79.46161846395577	3334.825254726
2140	-79.46161846395577	3335.829759804
2141	-79.46161846395577	3336.755331642
2142	-79.46161846395577	3337.594352487
2143	-79.46161846395577	3338.409198662
2144	-79.46161846395577	3339.329936991
2145	-79.46161846395577	3340.300958748
2146	-79.46161846395577	3341.29211195
2147	-79.46161846395577	3342.166290768
2148	-79.46161846395577	3342.940570995
2149	-79.46161846395577	3343.708421749
2150	-79.46161846395577	3344.567108764
2151	-79.46161846395577	3345.403181722
2152	-79.46161846395577	3346.088705744
2153	-79.46161846395577	3347.062011115
2154	-79.46161846395577	3348.103528997
2155	-79.46161846395577	3349.227330563
2156	-79.46161846395577	3350.048416623
2157	-79.46161846395577	3350.876079265
2158	-79.46161846395577	3351.664069732
2159	-79.46161846395577	3352.457639518
2160	-79.46161846395577	3353.350149974
2161	-79.46161846395577	3354.329764223
2162	-79.46161846395577	3355.19662293
2163	-79.46161846395577	3356.158342307
2164	-79.46161846395577	3357.054651375
2165	-79.46161846395577	3357.939121855
2166	-79.46161846395577	3358.81057516
2167	-79.46161846395577	3359.589407791
2168	-79.46161846395577	3360.487721651
2169	-79.46161846395577	3361.379880015
2170	-79.46161846395577	3362.286996197
2171	-79.46161846395577	3363.111221158
2172	-79.46161846395577	3363.847444276
2173	-79.46161846395577	3364.661983118
2174	-79.46161846395577	3365.596188217
2175	-79.46161846395577	3366.302042966
2176	-79.46161846395577	3367.117559971
2177	-79.46161846395577	3368.080324507
2178	-79.46161846395577	3368.914851393
2179	-79.46161846395577	3369.600228019
2180	-79.46161846395577	3371.022923386
2181	-79.46161846395577	3372.218223758
2182	-79.46161846395577	3373.094476931
2183	-79.46161846395577	3374.112879843
2184	-79.46161846395577	3375.016997107
2185	-79.46161846395577	3376.056593161
2186	-79.46161846395577	3376.940133373
2187	-79.46161846395577	3377.74376874
2188	-79.46161846395577	3378.494043073
2189	-79.46161846395577	3379.986372437
2190	-79.46161846395577	3380.963638639
2191	-79.46161846395577	3381.864276312
2192	-79.46161846395577	3382.804611248
2193	-79.46161846395577	3383.599368742
2194	-79.46161846395577	3384.897099068
2195	-79.46161846395577	3387.644026951
2196	-79.46161846395577	3388.634842885
2197	-79.46161846395577	3389.589460249
2198	-79.46161846395577	3390.322649381
2199	-79.46161846395577	3391.316447699
2200	-79.46161846395577	3392.261853343
2201	-79.46161846395577	3393.157147472
2202	-79.46161846395577	3394.104663677
2203	-79.46161846395577	3394.928069559
2204	-79.46161846395577	3395.778596002
2205	-79.46161846395577	3396.80394384
2206	-79.46161846395577	3397.738062269
2207	-79.46161846395577	3398.562724566
2208	-79.46161846395577	3399.500386732
2209	-79.46161846395577	3400.412019682
2210	-79.46161846395577	3401.225402747
2211	-79.46161846395577	3402.031083388
2212	-79.46161846395577	3402.811672778
2213	-79.46161846395577	3403.536707609
2214	-79.46161846395577	3404.765231011
2215	-79.46161846395577	3405.555287281
2216	-79.46161846395577	3406.403794107
2217	-79.46161846395577	3407.198152182
2218	-79.46161846395577	3407.882921556
2219	-79.46161846395577	3408.661022062
2220	-79.46161846395577	3409.542600247
2221	-79.46161846395577	3410.315878934
2222	-79.46161846395577	3411.232165497
2223	-79.46161846395577	3412.130033752
2224	-79.46161846395577	3412.914057117
2225	-79.46161846395577	3413.796780531
2226	-79.46161846395577	3414.549048252
2227	-79.46161846395577	3415.241603867
2228	-79.46161846395577	3416.053199384
2229	-79.46161846395577	3416.851537962
2230	-79.46161846395577	3417.696532983
2231	-79.46161846395577	3418.507695724
2232	-79.46161846395577	3419.386674125
2233	-79.46161846395577	3420.201361502
2234	-79.46161846395577	3420.891168797
2235	-79.46161846395577	3421.75555088
2236	-79.46161846395577	3422.541053605
2237	-79.46161846395577	3423.348959416
2238	-79.46161846395577	3424.192371302
2239	-79.46161846395577	3424.929292903
2240	-79.46161846395577	3425.722238615
2241	-79.46161846395577	3426.633104088
2242	-79.46161846395577	3427.658723337
2243	-79.46161846395577	3428.538276204
2244	-79.46161846395577	3429.552377026
2245	-79.46161846395577	3430.322361434
2246	-79.46161846395577	3431.188699557
2247	-79.46161846395577	3431.978932585
2248	-79.46161846395577	3432.864530903
2249	-79.46161846395577	3433.720372095
2250	-79.46161846395577	3434.431376524
2251	-79.46161846395577	3435.222239898
2252	-79.46161846395577	3435.92117424
2253	-79.46161846395577	3436.770566003
2254	-79.46161846395577	3437.44946298
2255	-79.46161846395577	3438.387648296
2256	-79.46161846395577	3439.280201517
2257	-79.46161846395577	3440.131573553
2258	-79.46161846395577	3441.030051628
2259	-79.46161846395577	3442.061275854
2260	-79.46161846395577	3442.729844677
2261	-79.46161846395577	3443.50332236
2262	-79.46161846395577	3444.381647607
2263	-79.46161846395577	3445.137573387
2264	-79.46161846395577	3445.779431902
2265	-79.46161846395577	3446.669248491
2266	-79.46161846395577	3447.472509242
2267	-79.46161846395577	3448.375527177
2268	-79.46161846395577	3449.076480565
2269	-79.46161846395577	3449.754662523
2270	-79.46161846395577	3450.57866739
2271	-79.46161846395577	3451.324604851
2272	-79.46161846395577	3452.137139757
2273	-79.46161846395577	3452.939086503
2274	-79.46161846395577	3453.904952308
2275	-79.46161846395577	3454.821465807
2276	-79.46161846395577	3455.71581855
2277	-79.46161846395577	3456.559040563
2278	-79.46161846395577	3457.698977676
2279	-79.46161846395577	3458.479756084
2280	-79.46161846395577	3459.270518249
2281	-79.46161846395577	3460.003435115
2282	-79.46161846395577	3460.756868591
2283	-79.46161846395577	3461.496605226
2284	-79.46161846395577	3462.168078887
2285	-79.46161846395577	3463.163229983
2286	-79.46161846395577	3463.914521822
2287	-79.46161846395577	3464.771209463
2288	-79.46161846395577	3465.726871131
2289	-79.46161846395577	3466.806808194
2290	-79.46161846395577	3467.648252636
2291	-79.46161846395577	3468.401976909
2292	-79.46161846395577	3469.161338945
2293	-79.46161846395577	3470.325860981
2294	-79.46161846395577	3471.410717651
2295	-79.46161846395577	3472.221653457
2296	-79.46161846395577	3473.00940758
2297	-79.46161846395577	3473.77667902
2298	-79.46161846395577	3474.606709665
2299	-79.46161846395577	3475.360015703
2300	-79.46161846395577	3476.092968491
2301	-79.46161846395577	3476.885902229
2302	-79.46161846395577	3477.658333896
2303	-79.46161846395577	3478.483602877
2304	-79.46161846395577	3479.529517216
2305	-79.46161846395577	3480.428679235
2306	-79.46161846395577	3481.177253829
2307	-79.46161846395577	3481.911863022
2308	-79.46161846395577	3482.653281149
2309	-79.46161846395577	3483.461058668
2310	-79.46161846395577	3484.51525218
2311	-79.46161846395577	3485.5283469
2312	-79.46161846395577	3486.485721991
2313	-79.46161846395577	3487.269516709
2314	-79.46161846395577	3488.14772136
2315	-79.46161846395577	3489.033215903
2316	-79.46161846395577	3489.802096706
2317	-79.46161846395577	3490.530320045
2318	-79.46161846395577	3492.053475927
2319	-79.46161846395577	3492.850540128
2320	-79.46161846395577	3493.711696925
2321	-79.46161846395577	3494.506942502
2322	-79.46161846395577	3495.428610527
2323	-79.46161846395577	3496.402684231
2324	-79.46161846395577	3497.188913379
2325	-79.46161846395577	3497.983118927
2326	-79.46161846395577	3498.908735525
2327	-79.46161846395577	3499.652269631
2328	-79.46161846395577	3500.378185977
2329	-79.46161846395577	3501.243718705
2330	-79.46161846395577	3502.057693914
2331	-79.46161846395577	3502.78714744
2332	-79.46161846395577	3503.864929751
2333	-79.46161846395577	3504.657474904
2334	-79.46161846395577	3505.526891772
2335	-79.46161846395577	3506.685000016
2336	-79.46161846395577	3507.656905568
2337	-79.46161846395577	3508.556082412
2338	-79.46161846395577	3509.733597389
2339	-79.46161846395577	3510.681355355
2340	-79.46161846395577	3511.40135312
2341	-79.46161846395577	3512.212365332
2342	-79.46161846395577	3513.181969593
2343	-79.46161846395577	3514.153793323
2344	-79.46161846395577	3514.900571531
2345	-79.46161846395577	3515.680363793
2346	-79.46161846395577	3516.354758258
2347	-79.46161846395577	3517.189816846
2348	-79.46161846395577	3517.974800982
2349	-79.46161846395577	3518.882686637
2350	-79.46161846395577	3519.908630039
2351	-79.46161846395577	3520.886404567
2352	-79.46161846395577	3521.866893204
2353	-79.46161846395577	3522.7039754
2354	-79.46161846395577	3523.725722197
2355	-79.46161846395577	3524.624720286
2356	-79.46161846395577	3525.411986611
2357	-79.46161846395577	3526.091308095
2358	-79.46161846395577	3526.911556544
2359	-79.46161846395577	3527.736837214
2360	-79.46161846395577	3528.583494056
2361	-79.46161846395577	3529.279125852
2362	-79.46161846395577	3530.192973138
2363	-79.46161846395577	3530.98001994
2364	-79.46161846395577	3531.882117301
2365	-79.46161846395577	3532.880289554
2366	-79.46161846395577	3533.838604606
2367	-79.46161846395577	3534.831394257
2368	-79.46161846395577	3535.7090692
2369	-79.46161846395577	3536.883826449
2370	-79.46161846395577	3538.071742278
2371	-79.46161846395577	3538.958248054
2372	-79.46161846395577	3539.786709249
2373	-79.46161846395577	3540.714063788
2374	-79.46161846395577	3541.625460394
2375	-79.46161846395577	3542.477512097
2376	-79.46161846395577	3543.56454262
2377	-79.46161846395577	3544.59235967
2378	-79.46161846395577	3545.694425557
2379	-79.46161846395577	3546.640803376
2380	-79.46161846395577	3547.591859042
2381	-79.46161846395577	3548.352706426
2382	-79.46161846395577	3549.333118371
2383	-79.46161846395577	3550.157569128
2384	-79.46161846395577	3550.947795314
2385	-79.46161846395577	3551.917972333
2386	-79.46161846395577	3552.80510988
2387	-79.46161846395577	3553.680649744
2388	-79.46161846395577	3554.65553768
2389	-79.46161846395577	3555.636307991
2390	-79.46161846395577	3556.746875995
2391	-79.46161846395577	3557.592503358
2392	-79.46161846395577	3558.592183766
2393	-79.46161846395577	3559.4612283
2394	-79.46161846395577	3560.5369947
2395	-79.46161846395577	3561.4857639
2396	-79.46161846395577	3562.504415131
2397	-79.46161846395577	3563.473764803
2398	-79.46161846395577	3564.46951631
2399	-79.46161846395577	3565.434939362
2400	-79.46161846395577	3566.324108214
2401	-79.46161846395577	3567.153409015
2402	-79.46161846395577	3568.086445792
2403	-79.46161846395577	3569.336983125
2404	-79.46161846395577	3570.42893126
2405	-79.46161846395577	3571.281505258
2406	-79.46161846395577	3572.182706565
2407	-79.46161846395577	3573.117270884
2408	-79.46161846395577	3574.26514363
2409	-79.46161846395577	3575.514501523
2410	-79.46161846395577	3576.527952042
2411	-79.46161846395577	3577.693933197
2412	-79.46161846395577	3578.603727851
2413	-79.46161846395577	3579.591265758
2414	-79.46161846395577	3580.42710893
2415	-79.46161846395577	3581.264649274
2416	-79.46161846395577	3582.305631462
2417	-79.46161846395577	3583.199222716
2418	-79.46161846395577	3584.035976482
2419	-79.46161846395577	3584.891992153
2420	-79.46161846395577	3585.759952469
2421	-79.46161846395577	3586.579926941
2422	-79.46161846395577	3587.47174205
2423	-79.46161846395577	3588.317850939
2424	-79.46161846395577	3589.347147064
2425	-79.46161846395577	3590.11606436
2426	-79.46161846395577	3590.943628359
2427	-79.46161846395577	3591.843165848
2428	-79.46161846395577	3592.815068835
2429	-79.46161846395577	3593.719364283
2430	-79.46161846395577	3594.748650429
2431	-79.46161846395577	3595.554397213
2432	-79.46161846395577	3596.368645828
2433	-79.46161846395577	3597.599867659
2434	-79.46161846395577	3598.538819882
2435	-79.46161846395577	3599.551502353
2436	-79.46161846395577	3600.368889299
2437	-79.46161846395577	3601.209736751
2438	-79.46161846395577	3602.010858431
2439	-79.46161846395577	3603.165900188
2440	-79.46161846395577	3603.981817181
2441	-79.46161846395577	3604.988998451
2442	-79.46161846395577	3606.007595228
2443	-79.46161846395577	3606.827861924
2444	-79.46161846395577	3607.80071884
2445	-79.46161846395577	3608.800999944
2446	-79.46161846395577	3609.750070205
2447	-79.46161846395577	3610.623022542
2448	-79.46161846395577	3611.524564823
2449	-79.46161846395577	3612.449001981
2450	-79.46161846395577	3613.223626602
2451	-79.46161846395577	3614.025068159
2452	-79.46161846395577	3614.922790446
2453	-79.46161846395577	3615.776073762
2454	-79.46161846395577	3616.682614622
2455	-79.46161846395577	3617.445003802
2456	-79.46161846395577	3618.209362706
2457	-79.46161846395577	3618.993310235
2458	-79.46161846395577	3619.752080983
2459	-79.46161846395577	3620.675003713
2460	-79.46161846395577	3621.467559415
2461	-79.46161846395577	3622.51192369
2462	-79.46161846395577	3623.425320526
2463	-79.46161846395577	3624.368026886
2464	-79.46161846395577	3625.10822623
2465	-79.46161846395577	3625.728892173
2466	-79.46161846395577	3626.441929047
2467	-79.46161846395577	3627.299092228
2468	-79.46161846395577	3628.02204073
2469	-79.46161846395577	3628.835381032
2470	-79.46161846395577	3629.842132092
2471	-79.46161846395577	3630.919364739
2472	-79.46161846395577	3631.989611121
2473	-79.46161846395577	3633.023175125
2474	-79.46161846395577	3634.03773324
2475	-79.46161846395577	3635.056769635
2476	-79.46161846395577	3635.874235267
2477	-79.46161846395577	3636.58634387
2478	-79.46161846395577	3637.33946089
2479	-79.46161846395577	3638.070128923
2480	-79.46161846395577	3638.944010387
2481	-79.46161846395577	3639.805074528
2482	-79.46161846395577	3640.672013917
2483	-79.46161846395577	3641.374466907
2484	-79.46161846395577	3642.272677848
2485	-79.46161846395577	3643.207440593
2486	-79.46161846395577	3643.955299312
2487	-79.46161846395577	3644.620937354
2488	-79.46161846395577	3645.458395306
2489	-79.46161846395577	3646.270338924
2490	-79.46161846395577	3647.249953743
2491	-79.46161846395577	3648.092175355
2492	-79.46161846395577	3649.229179407
2493	-79.46161846395577	3650.047542805
2494	-79.46161846395577	3650.951541468
2495	-79.46161846395577	3651.853733197
2496	-79.46161846395577	3652.891392312
2497	-79.46161846395577	3653.849227263
2498	-79.46161846395577	3655.066685255
2499	-79.46161846395577	3656.04899109
2500	-79.46161846395577	3657.027901153
2501	-79.46161846395577	3657.995165636
