1	-287.9316869819327	71.818725184
2	-287.7625341372747	126.899339063
3	-287.9321531023796	141.046249897
4	-287.96409548823493	148.170757359
5	-287.96409548866166	154.936114668
6	-287.96409548866166	161.548097458
7	-287.96409548866166	168.543937915
8	-287.96409548866166	175.564191668
9	-287.96409548866166	182.353026018
10	-287.96409548866166	188.847317123
11	-287.96409548866166	195.366030362
12	-287.96409548866166	202.352387974
13	-287.96409548866166	209.191583868
14	-287.96409548866166	216.528569844
15	-287.96409548866166	222.983412291
16	-287.96409548866166	229.946534622
17	-287.96409548866166	236.813622831
18	-287.96409548866166	243.773609682
19	-287.96409548866166	250.613679394
20	-287.96409548866166	257.231326461
21	-287.96409548866166	264.176872372
22	-287.96409548866166	271.629635332
23	-287.96409548866166	278.204240966
24	-287.96409548866166	285.597190897
25	-287.96409548866166	292.91584324
26	-287.96409548866166	299.296154604
27	-287.96409548866166	305.563203242
28	-287.96409548866166	311.822443114
29	-287.96409548866166	318.025805416
30	-287.96409548866166	324.192182568
31	-287.96409548866166	330.90851201
32	-287.96409548866166	338.141397943
33	-287.96409548866166	344.62571869
34	-287.96409548866166	351.031317737
35	-287.96409548866166	357.12232078
36	-287.96409548866166	363.34989681
37	-287.96409548866166	369.78156299
38	-287.96409548866166	376.256924328
39	-287.96409548866166	382.924619048
40	-287.96409548866166	390.106528487
41	-287.96409548866166	397.068329115
42	-287.96409548866166	403.965331251
43	-287.96409548866166	411.184427972
44	-287.96409548866166	418.457853055
45	-287.96409548866166	424.823127343
46	-287.96409548866166	431.724673616
47	-287.96409548866166	438.04177903
48	-287.96409548866166	444.486607213
49	-287.96409548866166	451.55782292
50	-287.96409548866166	458.423594558
51	-287.96409548866166	464.868709547
52	-287.96409548866166	471.346321428
53	-287.96409548866166	478.014926173
54	-287.96409548866166	484.32022892
55	-287.96409548866166	490.706787867
56	-287.96409548866166	497.607810704
57	-287.96409548866166	504.367924536
58	-287.96409548866166	511.373918669
59	-287.96409548866166	518.053621611
60	-287.96409548866166	524.668026287
61	-287.96409548866166	531.133506215
62	-287.96409548866166	537.756129054
63	-287.96409548866166	548.600602065
64	-287.96409548866166	554.959637324
65	-287.96409548866166	566.10437231
66	-287.96409548866166	572.517853676
67	-287.96409548866166	578.789289078
68	-287.96409548866166	584.825307468
69	-287.96409548866166	591.253313308
70	-287.96409548866166	597.680829639
71	-287.96409548866166	604.051208848
72	-287.96409548866166	610.864616431
73	-287.96409548866166	628.442386625
74	-287.96409548866166	635.733768161
75	-287.96409548866166	642.354428687
76	-287.96409548866166	649.107297674
77	-287.96409548866166	655.38119573
78	-287.96409548866166	661.56767924
79	-287.96409548866166	667.589292043
80	-287.96409548866166	674.048716828
81	-287.96409548866166	680.563389409
82	-287.96409548866166	686.770926649
83	-287.96409548866166	693.206681668
84	-287.96409548866166	699.864523775
85	-287.96409548866166	706.643487835
86	-287.96409548866166	712.911407725
87	-287.96409548866166	719.46297508
88	-287.96409548866166	725.366601694
89	-287.96409548866166	731.186805953
90	-287.96409548866166	737.418400404
91	-287.96409548866166	743.949619925
92	-287.96409548866166	750.310899741
93	-287.96409548866166	756.272080573
94	-287.96409548866166	761.705442501
95	-287.96409548866166	779.901894089
96	-287.96409548866166	792.226298232
97	-287.96409548866166	805.786015611
98	-287.96409548866166	812.087134583
99	-287.96409548866166	818.288473277
100	-287.96409548866166	824.39297559
101	-287.96409548866166	830.524247512
102	-287.96409548866166	836.577481963
103	-287.96409548866166	842.762876978
104	-287.96409548866166	848.51816557
105	-287.96409548866166	854.463447198
106	-287.96409548866166	860.444762896
107	-287.96409548866166	866.529427412
108	-287.96409548866166	872.741149568
109	-287.96409548866166	878.610305289
110	-287.96409548866166	884.283974185
111	-287.96409548866166	890.32125897
112	-287.96409548866166	896.092733287
113	-287.96409548866166	902.33884822
114	-287.96409548866166	908.134543393
115	-287.96409548866166	914.107833084
116	-287.96409548866166	920.308259187
117	-287.96409548866166	926.283091245
118	-287.96409548866166	932.228115716
119	-287.96409548866166	938.796958146
120	-287.96409548866166	944.873354322
121	-287.96409548866166	951.369077463
122	-287.96409548866166	957.425940323
123	-287.96409548866166	963.322166429
124	-287.96409548866166	969.376495932
125	-287.96409548866166	975.698231581
126	-287.96409548866166	981.687049852
127	-287.96409548866166	987.725165405
128	-287.96409548866166	993.865056048
129	-287.96409548866166	1000.1746874
130	-287.96409548866166	1006.399812464
131	-287.96409548866166	1012.455948332
132	-287.96409548866166	1019.125510998
133	-287.96409548866166	1025.272781907
134	-287.96409548866166	1031.363344478
135	-287.96409548866166	1038.08258788
136	-287.96409548866166	1044.103835475
137	-287.96409548866166	1050.221465864
138	-287.96409548866166	1056.514959957
139	-287.96409548866166	1061.652375686
140	-287.96409548866166	1066.83957222
141	-287.96409548866166	1072.143724892
142	-287.96409548866166	1076.997752307
143	-287.96409548866166	1081.911757822
144	-287.96409548866166	1086.891396019
145	-287.96409548866166	1091.866046755
146	-287.96409548866166	1096.645337535
147	-287.96409548866166	1101.646804921
148	-287.96409548866166	1106.804864698
149	-287.96409548866166	1111.695301655
150	-287.96409548866166	1117.044980652
151	-287.96409548866166	1121.710915194
152	-287.96409548866166	1126.809658863
153	-287.96409548866166	1131.997142773
154	-287.96409548866166	1137.20249162
155	-287.96409548866166	1142.170784728
156	-287.96409548866166	1147.053940347
157	-287.96409548866166	1152.090643252
158	-287.96409548866166	1156.918397695
159	-287.96409548866166	1161.875131892
160	-287.96409548866166	1166.753412664
161	-287.96409548866166	1171.871903186
162	-287.96409548866166	1176.9484402
163	-287.96409548866166	1181.740936887
164	-287.96409548866166	1186.43536672
165	-287.96409548866166	1191.483489124
166	-287.96409548866166	1196.528137925
167	-287.96409548866166	1201.813799875
168	-287.96409548866166	1206.888902574
169	-287.96409548866166	1211.966318252
170	-287.96409548866166	1216.966980528
171	-287.96409548866166	1221.967727193
172	-287.96409548866166	1226.93874838
173	-287.96409548866166	1232.122303674
174	-287.96409548866166	1237.625191264
175	-287.96409548866166	1242.74859341
176	-287.96409548866166	1247.73386823
177	-287.96409548866166	1252.657939039
178	-287.96409548866166	1257.784307319
179	-287.96409548866166	1262.956439979
180	-287.96409548866166	1268.149458732
181	-287.96409548866166	1272.983522623
182	-287.96409548866166	1278.0626828
183	-287.96409548866166	1282.973492109
184	-287.96409548866166	1287.739876331
185	-287.96409548866166	1292.481001666
186	-287.96409548866166	1297.346353928
187	-287.96409548866166	1302.051800421
188	-287.96409548866166	1307.110565724
189	-287.96409548866166	1312.144543971
190	-287.96409548866166	1317.473838927
191	-287.96409548866166	1322.371263289
192	-287.96409548866166	1327.586241236
193	-287.96409548866166	1332.648593325
194	-287.96409548866166	1337.518289302
195	-287.96409548866166	1342.539663479
196	-287.96409548866166	1347.576973638
197	-287.96409548866166	1352.426226274
198	-287.96409548866166	1357.239714825
199	-287.96409548866166	1361.982464063
200	-287.96409548866166	1366.898602377
201	-287.96409548866166	1371.742736124
202	-287.96409548866166	1376.712056146
203	-287.96409548866166	1381.560841511
204	-287.96409548866166	1386.380933443
205	-287.96409548866166	1391.282344865
