0.0
0.0
1.0
0.0
0.0
1.0
0.0
1.0
0.0
1.0
0.0
0.0
0.0
1.0
0.0
0.0
5.80901
7.183145
7.615712
3.86374
5.39599
7.602175
5.106409
4.870708
6.246943
4.982037
5.361662
7.349501
7.089051
8.728536
6.754346
7.074001
5.095814
6.598019
5.445326
3.613777
5.009147
4.164461
2.564444
1.301644
3.365981
3.082906
5.339341
3.625798
1.699913
3.04428
2.759262
1.366159
-11.359241
-9.84353
-7.633927
-7.885484
-6.478246
-9.937563
-6.030513
-8.202582
-7.955824
-10.107536
-8.946586
-5.848438
-9.468648
-7.877073
-11.77995
-6.952186
