0.0
0.0
0.0
0.0
0.0
0.0
0.0
0.0
0.0
0.0
0.0
0.0
0.0
1.0
0.0
1.0
0.659545
-0.703697
-2.080673
1.286325
-1.950048
0.578014
-0.441795
-2.715413
-0.613301
-1.793769
1.346791
1.466965
-0.940451
0.363166
-2.512854
-0.492164
9.19056
11.2383
13.008219
12.664744
10.134884
10.408871
7.462695
10.754003
9.785948
9.038935
11.027721
8.692081
11.996625
13.262725
8.384923
8.11435
-15.99435
-15.950525
-15.137161
-12.774672
-12.140481
-12.148412
-14.674361
-14.48312
-14.09105
-15.993794
-14.507721
-13.709389
-13.302507
-14.977436
-13.743024
-12.258987
