0.0
0.0
0.0
0.0
0.0
0.0
0.0
0.0
0.0
0.0
0.0
0.0
0.0
0.0
0.0
1.0
1.0
-9.666948
-13.172702
-10.550789
-10.952867
-12.407247
-11.288298
-9.659313
-9.916829
-11.881333
-11.474153
-9.323155
-9.983395
-10.648883
-12.954973
-13.722042
-11.142565
-12.134681
7.291222
8.67599
9.59811
8.133522
6.306141
10.118072
4.907885
6.383216
5.782176
7.925775
8.758302
8.3141
5.968895
9.625083
7.310995
4.267498
7.858744
-3.026655
-5.839353
-2.942825
-6.67007
-5.816525
-5.26809
-3.352928
-5.30203
-3.412511
-4.375598
-4.941881
-0.912526
-1.324292
-3.569842
-3.89483
-5.209747
-1.975252
