0.0
0.0
0.0
0.0
0.0
0.0
0.0
1.0
0.0
0.0
0.0
0.0
0.0
0.0
0.0
0.0
0.0
-16.29863
-16.058262
-16.694893
-18.793914
-20.647902
-16.649877
-18.894929
-21.029684
-17.941857
-17.93893
-18.744806
-17.683494
-19.431813
-15.598842
-19.712961
-17.289473
-17.328074
-6.107297
-8.47139
-9.836008
-10.097687
-8.881593
-10.774424
-9.651829
-6.510658
-9.212161
-7.959915
-5.783272
-6.908365
-7.219208
-7.708505
-7.910601
-8.171341
-6.042881
-5.055629
-5.720004
-3.659541
-5.017654
-4.039247
-5.814601
-2.687896
-4.448896
-7.017478
-4.390397
-4.868112
-6.731181
-2.716973
-3.487361
-5.9985
-1.924307
-2.933758
