0.287739
-3.582078
-0.862665
-1.512962
0.61062
-1.462313
-2.158295
-3.267272
-3.285608
-0.600156
-2.803224
0.229136
-2.023585
-0.762657
-3.134871
-1.431849
-4.439188
-0.972336
5.947763
5.804126
3.228047
2.42066
3.636001
4.699175
5.19846
7.297005
3.453866
4.837752
6.041447
5.448923
6.16318
4.077304
3.985084
7.017276
5.195541
7.083122
-5.01855
-3.946951
-2.319048
-4.56867
-4.243474
-4.114076
-2.026743
-2.021337
-3.180952
-0.375666
0.007126
-2.591208
-5.840748
-6.243845
-5.575843
-3.592379
-1.741302
-1.204975
