0.0
0.0
0.0
1.0
0.0
1.0
1.0
1.0
1.0
1.0
0.0
0.0
1.0
1.0
0.0
1.0
0.0
1.0
1.0
1.0
1.0
1.0
1.0
1.0
1.0
0.0
0.0
0.0
0.0
0.0
0.0
1.0
0.0
0.0
1.0
0.0
0.0
0.0
2.677248
-2.469122
1.592563
1.936806
1.630479
-0.102198
-1.174764
0.249683
-0.741172
4.940118
-1.419538
3.883712
-0.520255
0.564345
4.317255
-2.159902
4.463027
2.973876
0.967679
3.069675
-1.497292
0.559651
-1.983174
-2.148915
2.341584
0.218607
-0.33441
2.556323
1.258557
2.242407
3.573667
0.894303
4.673196
3.258597
-0.142091
2.001601
1.29326
3.9431
4.508243
0.012354
-3.008532
-0.549906
0.495719
-2.548145
3.126582
3.689034
-0.501119
1.90065
0.538133
-2.012106
-1.65528
-1.024225
0.4508
2.584146
-0.549676
-0.023728
5.155119
3.655345
4.170834
2.584265
1.586911
-1.007352
2.038026
0.013038
2.010482
1.002111
4.073909
-1.554568
-0.955889
1.56532
2.930809
2.484581
1.011467
2.942801
-1.948462
1.440573
-4.69704
-4.804724
-5.806713
-5.470944
-3.087119
-7.673211
-8.856986
-4.465306
-2.898852
-7.512838
-9.114383
-5.878757
-5.246333
-9.666051
-5.527223
-4.380004
-7.754908
-9.725368
-6.549839
-7.085246
-6.425429
-6.975512
-6.838299
-7.195029
-5.069348
-7.330135
-2.60996
-7.441044
-8.899709
-7.792396
-3.642596
-9.442027
-5.198454
-9.331937
-4.930986
-2.768764
-3.477341
-3.278351
