0.0
1.0
1.0
1.0
1.0
1.0
0.0
0.0
0.0
1.0
1.0
1.0
1.0
0.0
1.0
1.0
1.0
1.0
0.0
1.0
0.0
0.0
1.0
1.0
1.0
1.0
0.0
1.0
0.0
0.0
0.0
0.0
0.0
0.0
0.0
0.0
0.0
0.0
-8.64185
-3.45523
-1.6168
-5.6436
-8.11941
-5.04104
-5.30197
-4.94963
-7.27062
-4.04773
-1.71135
-6.30656
-1.93267
-8.07437
-6.6831
-5.84797
-6.21244
-2.79374
-1.96793
-5.62453
-6.1714
-3.87769
-8.63502
-4.12668
-2.32802
-2.81563
-1.77421
-3.92505
-5.56476
-3.72328
-7.59802
-7.38448
-3.40554
-4.8436
-3.82369
-4.00351
-6.24798
-6.31821
-3.03083
-5.21878
-1.6083
-3.78091
-0.1398
2.35493
-5.92098
-1.67152
-1.91734
-5.03787
1.04305
-3.83127
-3.11078
-2.97142
-1.70769
-6.04137
-1.53363
-2.86733
-0.43749
2.78405
0.22305
-2.89106
-0.35735
-1.71714
-1.89832
-0.20671
-4.21632
-0.27498
0.39767
0.22336
-5.12072
1.7228
1.62648
-1.93359
-3.94458
2.06315
0.90033
-3.92256
1.25788
3.56191
5.13654
3.16971
3.47797
1.19817
1.89755
6.71528
-0.52047
6.13367
4.98396
5.74381
2.94478
3.68489
1.8988
4.40175
4.54359
7.13216
2.84343
3.63219
0.3435
4.80744
0.93763
2.52613
0.66376
7.03044
5.24456
4.71148
2.79883
0.98088
2.53708
1.94498
3.06847
0.09189
1.30022
5.51483
5.14166
0.70798
