-3.506169
-1.437668
-2.641405
-3.190703
1.902193
-0.37142
0.764835
-1.661817
-3.666627
0.624807
-5.304905
-3.510478
0.809792
-3.568518
-1.671422
-1.585604
-1.32373
0.349296
-0.577313
-1.411628
-3.64699
0.437196
-4.936481
-1.802643
-9.285544
-9.251107
-11.312306
-11.275581
-11.470224
-11.391557
-9.446008
-9.332687
-12.661231
-13.416977
-11.206786
-11.291427
-11.442288
-9.878727
-11.337099
-13.446597
-10.118322
-12.656114
-11.3664
-12.611097
-13.279417
-10.163342
-11.230966
-13.326553
-2.325597
-3.721965
-3.017832
-6.782317
-3.516817
-3.189236
-2.672883
-6.206477
-4.739827
-2.691172
-5.536051
-0.898847
-1.2182
-4.727
-5.058868
-3.741303
-1.385914
-5.102729
-7.070804
-1.397398
-2.344003
-5.09124
-3.108831
-6.224893
