0.0
1.0
1.0
1.0
0.0
1.0
1.0
1.0
1.0
1.0
1.0
1.0
1.0
1.0
1.0
1.0
1.0
1.0
8.997645
6.317513
7.525126
5.698662
7.988844
7.175745
6.350271
8.44911
5.038368
8.885974
7.405656
9.748064
6.659235
7.615157
4.528704
8.549547
4.925593
9.482349
8.941591
6.222115
7.967296
9.901737
9.895953
7.489067
5.668478
4.761591
7.852192
5.823363
4.77884
8.146754
8.912217
11.062746
7.900731
7.288033
5.633168
6.372551
-13.923026
-12.89291
-17.660976
-15.094751
-16.05092
-15.094955
-17.231514
-12.510514
-16.601739
-16.813473
-14.901364
-16.220112
-12.815764
-13.848081
-13.964605
-12.0221
-15.087919
-14.282581
