1.0
1.0
1.0
0.0
0.0
1.0
1.0
1.0
1.0
1.0
1.0
1.0
1.0
1.0
1.0
1.0
-1.165108
-2.867075
-1.33067
-3.023705
-1.135806
-2.497614
-0.211924
-3.334625
-1.663036
-0.944474
-1.228535
-3.711235
-3.34124
0.792111
0.978282
0.291347
-14.56771
-11.535787
-12.240241
-15.62808
-14.664549
-12.527892
-11.722161
-10.660674
-13.95746
-10.379587
-9.746045
-13.267612
-14.961681
-13.564787
-11.012908
-12.802226
7.634604
12.777187
10.794551
11.358969
10.162281
8.48368
13.105746
10.262526
12.686784
9.019329
11.614818
10.894699
8.942186
11.486612
10.780205
8.862736
