1.0
1.0
1.0
1.0
1.0
0.0
1.0
1.0
1.0
0.0
1.0
1.0
1.0
1.0
1.0
1.0
1.0
-14.534271
-11.27887
-13.794665
-15.445955
-15.227463
-12.769264
-12.251903
-13.654319
-12.195205
-13.316015
-15.402497
-14.533963
-14.106689
-12.608271
-11.34184
-12.974166
-11.191507
-11.509075
-9.777847
-6.260129
-8.203242
-7.359736
-6.757846
-12.25753
-9.017234
-10.591452
-8.639838
-9.979077
-12.442146
-10.480141
-10.927606
-7.152341
-8.204565
-8.75473
0.089799
-3.549572
-3.301641
-3.8437
-1.361026
-0.98819
-3.789834
0.025958
-5.81606
-2.471144
-1.792821
-2.364129
-4.07491
-1.539474
-3.12717
-4.964422
-1.050809
