-0.988888
0.852951
-3.196727
0.906353
-1.359061
0.673634
0.723642
-1.364724
-3.266087
0.534387
-1.207726
-2.97602
1.004282
1.073624
-3.218145
0.63411
2.661253
-1.149111
2.863368
2.551343
2.91131
-1.028414
-1.428403
-1.078419
1.009948
-0.889163
-3.155317
2.800542
2.841949
-3.01603
0.864534
-0.999058
0.644283
0.794334
-2.90612
-1.219311
-1.26113
2.621242
1.074685
1.092399
-1.31082
-0.074906
-2.383518
-1.177229
-2.387858
-3.683061
-3.036344
-4.641693
-3.016522
-0.218358
0.459394
2.184908
-0.750193
-2.998805
-2.900634
-1.294708
-1.173926
-3.444729
1.112224
-0.746893
-4.109028
0.463737
1.758941
2.717573
-2.487983
0.563866
-0.613305
0.97651
-1.858184
2.173449
-4.097572
-0.629413
1.520612
-0.065939
-1.849215
-1.705756
-3.608654
1.496868
0.738035
-2.473341
1.794439
2.175339
-1.781921
-2.186404
-0.893359
-1.100216
-4.474738
-3.899742
-4.772307
-3.140901
-1.583728
0.630787
-3.032135
-2.858495
-1.39414
-0.72225
-2.084517
-5.153206
0.16303
-1.195947
-0.791466
-1.877651
-3.221254
0.24338
-3.715905
0.05427
-4.211329
0.432228
-3.410095
-0.119373
-2.255613
1.233462
-0.504528
0.921876
