1.0
1.0
1.0
1.0
1.0
1.0
1.0
0.0
1.0
0.0
1.0
1.0
1.0
0.0
1.0
1.0
1.0
1.0
-11.139727
-9.884202
-6.673637
-8.35718
-7.36775
-8.243749
-6.105916
-10.276508
-5.661773
-7.441216
-8.482251
-5.480005
-9.34135
-9.804854
-7.593531
-10.067627
-7.843218
-9.064804
7.856184
6.187938
6.884924
7.250846
9.356945
8.291224
9.448642
8.512686
7.078883
10.710517
10.175999
9.092548
6.297961
8.792524
5.498273
10.229385
7.499559
11.23473
-0.71732
0.780353
-2.100117
-4.039614
-2.920305
-0.46823
1.26984
1.554603
0.406001
-0.648682
1.648825
-1.206004
-1.851547
-2.609214
-0.038062
-0.418891
1.940135
-2.536528
