1.0
1.0
1.0
1.0
1.0
1.0
0.0
1.0
1.0
1.0
0.0
1.0
1.0
0.0
1.0
1.0
11.356419
13.173916
12.818586
9.976349
11.769646
10.461583
11.397083
11.990159
11.653391
9.646533
9.379324
13.814852
12.523448
13.862396
13.778095
10.15584
1.119135
-2.618928
-0.166777
1.293128
-2.552955
-3.049453
-0.759306
-4.053425
-1.463635
-2.906436
-0.734179
-0.529429
1.520187
-2.323895
-0.1006
-0.497787
-4.744218
-2.909222
-6.585517
-2.596359
-7.038717
-2.976035
-2.239513
-4.858317
-4.645034
-5.486599
-3.998458
-1.521431
-2.420589
-5.462212
-4.058591
-6.534415
