-4.887582
-0.080014
-1.385807
2.58596
1.052093
1.155999
0.753161
-0.404649
-0.466793
-0.01261
-2.494018
-4.11678
1.989953
-0.924333
-1.043557
-0.217419
-2.741033
-0.047782
1.931789
-2.726232
-2.339491
-2.430892
2.056537
-1.876408
-1.795452
-3.295283
2.861002
0.570768
-2.129147
-4.027434
1.845015
-4.438797
-3.664104
0.332835
-1.46307
-0.855413
1.329506
-3.382296
-0.014357
-1.964711
1.083731
2.409229
-0.926649
0.095704
-1.970554
0.398724
-0.533489
1.471374
-1.067126
-2.447688
2.038018
2.851402
-1.587728
3.10826
0.191034
1.555632
-0.28749
-2.940931
0.597826
1.008952
-2.894111
2.494197
-2.183404
0.828889
3.292836
2.709274
-0.591919
3.577401
0.259596
0.901482
1.598178
0.748957
-0.818238
-0.100633
-2.140319
1.188438
2.110548
-1.191761
-0.865242
-1.49211
0.973985
-1.578256
0.783607
1.521661
-1.747898
-2.240882
0.002348
0.603836
-3.296924
2.335484
-2.003581
-0.426911
3.167336
2.252168
-1.340549
3.986579
-2.77847
0.112866
3.865779
0.162155
0.987703
4.008973
0.895023
2.398212
-0.039912
1.802119
-0.80345
0.402725
4.658832
3.237203
-0.240946
-1.418308
1.658232
2.281049
-1.481038
-3.467906
2.130473
-0.625401
4.395965
3.104562
