0.022124
1.280922
1.921318
0.052795
0.056699
0.640791
-0.863292
-0.859792
-0.689902
-1.580887
-2.959922
2.243817
0.705914
-0.664254
-1.942815
-2.187415
-1.361989
1.896687
-3.19102
1.148963
0.264781
0.838928
-1.254888
3.671134
-3.404771
2.722206
-0.753971
0.984132
3.157831
1.15267
1.561668
3.618561
2.858311
2.667491
1.513628
-1.535171
-2.658817
-2.73931
-0.160192
2.419002
-2.389043
1.684399
-3.645747
-0.083902
0.883386
3.140256
3.915331
-3.040505
2.705821
-3.239652
3.558983
1.963881
2.443378
-4.549741
-1.879316
1.623567
-1.280814
0.384334
2.048089
-0.007711
-2.04582
-1.54816
-1.42132
-4.076718
-1.23338
-0.499455
-1.654225
-0.541053
-0.116361
0.718169
-3.383109
0.127617
0.649363
-3.481676
-1.834658
2.187248
-0.932187
-2.164753
-2.700766
0.825925
0.349132
1.307776
-0.668364
1.334681
2.78043
-3.977266
1.092416
-1.13837
0.343377
-2.681884
-4.045246
-0.59781
-1.646302
-0.198455
-0.660208
-2.09768
0.636961
1.45973
-2.086831
2.019092
-0.34164
-0.480929
1.866895
-3.983149
-1.843193
-0.395305
-2.640405
-2.440171
-0.055679
-1.950453
-1.482561
-2.564549
0.397336
1.091039
-0.595286
1.511022
-2.526383
-4.151289
-0.850917
-3.12022
1.901967
-3.745754
-3.914368
