-0.474909
0.54466
1.391127
-2.504707
1.157567
-4.509352
-0.513625
1.829517
0.771352
1.041343
-4.220119
-2.860474
1.793734
-1.127985
1.183718
-1.482776
-4.748768
-1.156297
-1.465567
-0.145015
0.889579
-2.799205
-0.815372
-4.69618
-3.47763
2.770127
-2.733096
-2.503494
-3.121958
-1.516903
-0.870067
-0.548429
-4.511693
-3.152846
2.975689
-1.258867
-0.257943
-2.87895
0.790854
3.042825
-0.461425
-1.852127
-2.072488
-0.241566
3.835834
0.144635
2.966693
1.509667
-1.443999
-1.164883
3.411028
1.565015
-0.066865
-1.98502
1.278561
-1.741545
-0.895663
3.976567
0.651939
2.170087
-3.828321
0.058116
0.67204
-0.749634
0.365641
3.049718
2.164277
1.935168
1.703414
3.978642
3.553782
0.760275
4.436316
2.568847
-0.932382
-2.839448
2.768414
3.055291
4.79874
1.96839
-2.984039
0.366248
1.879751
-0.146616
-1.313727
-2.550469
1.98198
0.327458
4.272855
0.518971
3.412881
-0.685853
-0.373655
1.191941
-1.329763
-0.702562
-1.095839
1.057395
1.665709
-1.14582
2.806834
0.387074
0.038344
-0.277079
3.576023
2.686097
1.976067
2.419623
4.337215
2.736587
2.158927
2.97975
0.623781
4.192535
1.17996
2.702691
0.938721
1.523118
0.454152
4.891926
3.517397
-1.27391
0.512777
0.810675
-1.893264
-1.997402
