-2.906071
0.729456
-0.907519
1.420826
-0.45984
1.649618
3.629925
3.984807
-2.252248
-0.534451
-2.27062
3.170789
0.532471
0.082625
2.807291
-1.577245
1.183501
-0.692857
2.346472
1.156734
2.269569
1.728717
-4.486821
-2.984235
-2.420736
3.482122
3.609689
-0.475543
2.999825
-0.989116
1.117694
-2.683504
-3.402933
1.621519
4.67191
-2.20036
-1.762922
1.620699
-0.390197
3.193122
-1.188001
-0.067775
-4.18472
-3.902353
-2.409779
-1.187919
-2.888574
-0.86994
-1.210203
-1.188417
0.09224
-0.743218
-0.267532
-1.750752
-1.118122
-2.206959
2.612118
1.155984
-1.23231
-0.636328
-3.318363
3.088262
0.556981
0.523013
1.086246
2.591401
-1.000015
2.650837
1.197735
1.067897
2.48215
0.284442
3.059001
-3.373241
-2.958784
-1.980485
0.310966
1.43013
1.446927
1.635588
2.484985
3.415004
2.490794
-2.978426
1.02265
0.578768
-0.351008
1.368473
-0.597035
3.462357
2.9778
-2.133309
1.319574
0.179659
-1.9319
0.286204
-0.023512
-1.075273
-2.467109
-1.424351
0.629533
3.816237
2.3196
3.450369
-0.573223
2.612616
3.846204
1.760446
-0.32511
2.68831
0.619269
1.929112
-1.884526
1.855068
-1.818708
-2.877873
0.634326
0.60722
1.803799
1.738213
2.213437
-2.583556
-0.121309
3.834162
-0.028832
-1.247366
-1.925864
0.738666
1.713204
-0.560051
-1.518172
0.121504
