-0.468985
2.177303
0.074552
-2.246498
0.485703
-3.182923
3.752234
0.526487
2.007856
1.481902
-0.379622
-2.161581
-1.362191
0.928987
2.46432
-1.488414
0.624287
-0.003323
-2.240489
-0.948996
0.021895
3.063525
3.235221
-3.155516
0.976756
1.516711
-3.374451
2.360755
0.974125
2.137816
-1.254134
-1.451606
2.613465
-1.597736
3.322882
2.654827
-1.339215
-3.493182
-2.127708
-1.125905
-0.53959
1.180969
-3.001127
0.296411
-3.347044
0.024591
-2.70575
-3.466066
2.0958
-3.39078
-2.305164
-2.43702
-2.180148
3.305508
-1.800412
3.614048
0.947877
-0.231623
-0.86038
1.121115
-2.693604
0.222334
-2.325868
-1.312468
-1.743695
1.585415
1.713714
-0.55453
0.742418
2.653215
-0.437367
-1.482276
1.732841
2.866696
-4.078216
0.667275
-0.891241
-1.075028
-4.032718
-0.307391
-2.725456
2.931038
0.048229
-2.829196
1.768529
-0.846599
0.471961
-0.721314
1.472438
1.672681
-4.677192
-3.099172
-1.992486
0.808613
0.559756
0.001229
-1.232886
2.767033
0.885049
-1.143085
0.914793
-3.202982
1.396798
0.920154
1.727799
1.738566
3.041015
-4.101016
-4.039694
-0.402743
-2.909499
-0.525937
0.238966
2.660432
2.809122
-3.511561
2.220531
-2.784101
-1.113847
-1.052644
-0.845984
3.543209
2.569198
-0.309103
-2.077971
0.895015
-1.273643
0.39471
-2.273159
2.841109
-2.472005
-1.144726
-1.792612
0.833164
-1.306181
