1.776035
-1.645388
2.573271
-2.070356
2.581583
-3.689345
3.488153
-1.294477
-2.437961
-0.479811
-2.936816
-1.250687
-1.13124
4.121918
1.136195
-0.36166
1.978232
1.865869
2.256741
1.40231
1.542931
-1.574761
1.061401
0.026216
-0.310164
3.045974
0.801484
2.683964
3.026457
3.254133
-0.827519
3.784213
0.910408
0.628565
-1.343948
-2.055788
-0.51276
0.338452
-0.592179
-3.236765
1.091612
1.234805
-1.214505
-2.502756
-2.805291
-0.683337
0.330277
0.350554
0.280068
-1.093815
-4.057342
-2.835542
0.480384
0.724218
-0.192408
-0.5222
0.003807
2.840467
-1.576708
-1.798451
-3.445032
2.704267
-2.105602
2.645582
1.856378
-1.238867
-1.217333
-3.506676
3.363609
1.065656
-1.083719
-2.991123
-2.580112
-0.371729
1.818727
-0.73133
1.058745
-1.630993
2.488531
3.492549
0.205519
-3.457778
-4.216094
-3.36534
-1.841329
4.076539
0.836282
-1.47027
-2.588415
2.661655
0.349049
2.312777
0.524947
2.083321
1.176357
0.730927
-1.914122
-4.76739
-3.938412
0.133838
1.861837
-3.278552
-2.5637
-1.636652
1.890162
2.401113
0.805247
3.972831
-3.237167
2.468568
-3.120268
0.161616
2.578789
0.8587
0.183676
3.601019
-0.51277
0.221377
-0.426161
-1.508498
-2.601925
-0.458047
0.279395
1.270692
-1.872992
3.54781
-1.94045
-1.054111
-0.853329
-0.461794
3.48682
1.186587
-2.260861
0.915521
1.493036
-3.614761
-3.670585
-1.00259
-2.145075
1.900347
2.943566
0.289331
-1.491155
-1.452112
3.989078
1.856477
-1.143062
