-4.571395
-0.143172
2.671615
-2.865978
-3.040067
2.794555
-3.504401
-1.205695
-4.837581
0.766152
-2.722829
-1.351589
-0.832008
0.935533
2.3768
-4.457754
-0.582648
-1.594242
-2.755941
-3.64724
-1.27389
0.602347
1.150316
-0.724411
-2.35976
-1.110875
-2.937412
-1.128034
-0.52678
0.803363
1.75496
-4.793003
0.984604
0.028703
0.577848
2.983758
-4.583941
-2.600924
-0.389632
-0.826989
-1.657773
-3.311898
-1.484853
-1.785779
1.187448
-2.338261
-0.348816
1.22393
2.820589
-2.780183
1.829923
-2.994616
-0.548074
1.211614
0.702222
-3.833059
2.161593
-1.641133
-2.177626
1.841789
-0.165708
-1.738203
-4.515812
-0.507284
1.971601
0.134526
-1.915674
3.718001
-0.334888
2.850964
0.839022
1.43673
2.799553
3.02892
1.65922
-3.615936
-2.491244
1.325744
3.601994
1.386995
-3.675166
0.785264
-0.58123
0.854848
-0.007666
-0.619002
-0.244846
0.566114
-0.613398
-2.610268
-4.427326
3.308791
2.648974
1.813205
-0.682945
-1.922863
-0.206401
-2.455228
-1.729652
-1.16943
-2.69512
-1.683023
-1.559408
1.749268
-1.579522
-0.836348
0.121359
0.638042
-3.265741
-4.009033
-1.230849
-2.110538
-1.003584
1.754645
-0.465239
-3.193266
-3.749656
0.597195
-2.525601
-2.666957
-1.907877
-3.091504
0.862621
1.443362
-0.948122
-1.5027
-2.306012
0.653807
2.529456
-0.170689
3.130484
1.168247
2.346704
-1.422152
0.085014
-4.399858
3.935547
0.461676
0.772391
1.238269
2.949759
-0.57159
2.162424
0.494112
-3.760188
3.448565
-3.545144
-4.839347
-1.80881
-0.130457
-1.802345
2.306227
2.164967
