0.965586
2.438301
-0.115343
2.191475
1.549561
2.742547
0.872484
1.024221
-0.05311
3.179287
3.056338
4.541997
-2.478862
0.962975
1.646382
2.316711
-1.644017
-2.510633
-0.773627
-1.400372
-2.962144
-1.257376
1.894737
-0.221275
2.074976
0.083178
0.249928
3.050144
-2.095533
-0.399422
1.496409
0.651301
-0.692506
3.592094
-3.015481
2.432859
-2.387422
-0.757464
-0.727072
3.599923
-3.358985
-0.815119
3.949153
0.126996
3.138627
-1.936546
0.780736
1.605887
1.584805
4.088519
0.677852
-1.458012
1.670469
-4.074465
0.189932
-0.170479
-0.312355
-1.956537
-2.090462
3.773194
-2.727529
0.403516
2.587981
-0.024979
2.517275
-0.465323
-1.059069
-3.114384
0.956113
1.570507
0.042157
-3.523104
-0.869355
-1.348859
-3.689082
2.848389
3.028251
-0.565287
-2.196806
0.848825
-1.483748
-3.919897
1.294136
-4.664835
-0.676294
0.648495
0.154338
-0.938594
0.525335
3.228525
2.218375
2.202595
-2.238677
1.040988
-1.41662
-4.387457
-1.801981
-3.14297
-2.573138
1.872752
3.490166
-2.475453
1.22234
-1.731498
0.807912
-0.52223
3.750737
4.316108
2.099185
0.511725
3.574434
1.732485
-3.359865
0.234243
1.161736
-1.668162
-1.371957
-0.124929
-4.099014
-2.860708
-3.013007
0.848374
1.457892
-1.453749
1.135258
-0.482662
1.899794
-2.202915
-2.949309
-2.359793
1.26263
-3.326695
-2.726124
2.637048
-1.557251
-2.044754
-4.524726
2.564331
-1.116414
-1.836545
3.027335
0.186155
2.435602
-1.260283
-0.812744
-0.763663
-3.515614
0.311515
2.852444
0.935326
-1.102537
3.10844
-0.614744
-1.380052
-3.824292
2.900034
