3.061987
0.897474
3.100834
-0.341472
-0.503122
-2.188059
1.403914
-4.170325
-2.06716
-4.190232
0.767573
-0.861244
-2.687926
0.210509
0.286723
-1.450519
-2.168155
-0.309265
-2.343644
0.254854
3.166142
-0.969669
-3.061282
-0.937794
-0.373679
0.178308
-0.893457
1.485208
3.507288
2.057095
0.834623
-4.410736
-1.517558
3.727796
-3.849089
1.384216
-1.580424
-3.029069
-2.740044
1.505115
-2.404749
2.004989
-0.259508
3.487385
2.378336
0.819688
-3.744932
2.346134
-0.179821
1.721808
-3.783782
-2.086858
-0.423435
1.660703
-1.502629
0.325649
-1.406655
-3.159931
-0.071632
3.162503
3.167838
-1.637522
-1.080137
-0.27307
0.705796
0.815968
-3.934386
-2.480851
0.90143
-0.748542
-0.959223
1.381909
-2.961327
-2.533669
2.111049
-1.45045
0.605281
-0.192535
-2.254314
2.818068
3.791124
-1.044685
-1.525166
-0.849069
-2.338043
4.233124
-1.64263
-4.37639
1.499354
1.307181
0.129805
1.263401
-3.082237
2.19478
-3.3111
-0.868189
2.337585
-1.711462
0.936861
0.049271
-3.859666
-0.468914
2.938964
-3.305759
0.724921
3.016663
1.494255
1.568202
2.390403
3.7164
3.000759
-4.3784
-0.402743
-0.118017
-3.431984
-1.670132
-0.262385
-0.915455
-1.69936
0.82842
3.662893
0.941257
-2.354738
-3.998942
-2.2782
-3.898931
-3.414007
-2.939672
2.38054
0.514057
1.334087
2.042161
2.865456
-0.750093
2.703631
-1.177291
3.762908
3.177979
-1.06446
-2.446828
1.12858
1.444411
-1.364618
-1.680449
-1.57012
1.463325
4.14236
0.043807
2.210789
1.434101
0.674195
2.1187
1.562297
0.679418
-3.101496
-0.902634
-3.236793
-0.279842
3.195956
-0.910232
0.166707
0.026349
-1.79833
-2.616573
0.666597