2.034084
-3.07952
1.302773
-2.45501
1.146789
-1.065667
-0.403404
-2.640594
-4.086448
-3.374092
1.252741
0.459512
-1.421444
-0.054942
-1.261473
-0.128954
-1.775463
-1.862705
3.032601
2.93356
2.697719
-1.933182
-2.163048
-3.570355
-1.347288
-2.556812
2.40653
-4.607583
1.129018
-4.441488
1.961227
-0.93379
0.595609
-2.067691
3.536687
3.871659
1.338911
0.606874
2.659779
-0.507113
-1.437936
-3.405837
-0.064807
-3.748721
0.595764
1.752335
-2.144349
0.825133
-0.286268
-0.589921
3.419865
0.13745
0.342442
-1.013508
2.219499
-3.716284
-1.215029
-0.072249
4.147174
2.356295
-1.192386
4.045592
0.479513
-2.255567
1.475931
-2.330571
-1.937777
2.340574
1.516512
2.521316
-1.38248
4.510909
4.285853
-0.659784
-0.317186
-1.594766
-2.784337
2.153245
3.194739
-1.096396
-3.456299
-0.25459
1.107866
-0.93463
-3.210018
0.424261
3.339751
0.646463
0.148832
-3.089482
0.839253
1.956199
0.071004
4.41002
3.102345
-1.527155
0.814757
3.798776
-1.984028
1.248869
2.49624
1.220093
0.896106
0.250019
2.506161
-3.468591
-0.424597
0.318438
-3.271875
-1.363973
1.945424
2.657929
3.41278
-2.410794
-1.766061
-2.401829
1.19225
-1.288111
0.590161
-1.428701
-0.825459
0.830476
-2.255418
-0.596837
4.470528
-2.941541
1.76163
2.85143
1.027054
4.138806
-2.487751
-0.42638
1.672158
-0.040191
3.102266
2.748005
0.430049
-0.030087
3.43914
-0.738764
-0.184789
1.275815
2.260185
-1.713745
5.030086
2.895112
-0.424566
1.702524
-0.963716
0.544312
-0.058697
-0.635178
-3.963077
-0.69905
3.904429
3.596409
4.012728
1.176035
2.130043
-3.308711
1.790067
-1.873945
1.651597
2.88301
2.056722
-3.003262
-2.190956
1.418579
