0.0
1.0
0.0
1.0
1.0
1.0
1.0
1.0
1.0
1.0
1.0
0.0
1.0
0.0
0.0
1.0
-0.788549
0.621753
0.675464
2.99779
-1.559997
1.275702
1.99554
0.493197
2.888646
-0.562886
2.636911
2.703392
0.536424
0.888391
-1.695632
-1.459577
-0.894972
-2.354265
0.223754
-3.246854
-0.695567
-1.861821
-4.81374
-1.09003
-2.426771
-4.851435
0.105221
-0.823232
-4.233133
-3.632366
-2.957327
-2.88055
0.047334
1.744453
1.747249
0.446712
2.381152
-0.832892
2.16239
4.019715
3.026743
2.253742
3.331557
1.001746
-0.036664
4.08848
1.012434
3.622092
