0.0
0.0
1.0
1.0
0.0
0.0
1.0
1.0
1.0
1.0
1.0
1.0
1.0
0.0
0.0
0.0
-2.001844
-6.288641
-3.974229
-3.464412
-4.989832
-5.011469
-1.254224
-4.94523
-2.745413
-2.942662
-4.407048
-4.402512
-5.895098
-6.313055
-2.932959
-1.990795
-6.641418
-6.712605
-5.501797
-5.183342
-4.310386
-6.807036
-5.434055
-8.769267
-7.603295
-5.552654
-3.251502
-7.436886
-5.262883
-4.2565
-3.470934
-4.023956
8.137308
9.374531
9.450168
6.693793
11.505855
11.430507
10.207105
9.857303
10.399641
12.06736
8.270069
7.74639
7.36738
9.581846
10.494165
8.30812
