1.0
1.0
0.0
1.0
0.0
0.0
0.0
0.0
0.0
1.0
1.0
0.0
0.0
1.0
1.0
1.0
-5.796821
-5.333342
-6.267997
-7.255559
-6.385317
-8.597589
-7.066908
-5.309923
-4.777027
-7.817028
-3.843123
-6.718453
-5.396097
-7.903751
-7.121207
-4.700411
3.512078
2.824276
1.469338
1.788462
5.323924
0.879757
4.308037
3.361214
1.027492
1.898581
1.974901
-0.513371
1.081788
3.373186
-0.537223
-0.468318
6.501853
11.454633
7.906872
10.200929
8.160313
8.190376
10.371647
9.027473
9.73968
5.964459
7.475226
9.176263
5.658
8.159475
6.648845
7.612468
