-4.67242
0.674167
1.324663
1.725616
-3.0867
-2.69615
-4.67645
-2.81569
3.689655
-2.41966
-1.02079
-1.44743
-1.29154
-4.55231
3.435214
1.950805
-3.20489
-0.15764
3.206671
-2.90747
-2.53337
0.024929
-1.30381
-1.92098
-0.83963
1.080821
-4.61328
0.177721
3.405272
-0.7048
1.684043
-3.45106
1.791816
-0.27981
-0.5171
-0.2861
2.241755
-1.86691
-0.27336
-2.27867
1.531141
0.63943
-0.9091
-3.39566
2.189841
3.518103
1.211839
-0.60848
-0.95701
1.544052
-2.95543
-4.71495
-4.41756
3.636944
0.065988
-1.19128
5.476691
-1.09209
-2.77518
2.008089
0.261407
1.939483
-0.24367
1.857877
-2.03187
1.460722
2.186208
-1.8446
1.580391
1.448297
0.698891
0.590249
-0.2226
-2.76189
3.249716
2.330492
-2.7493
4.026805
-4.25764
-2.73107
1.807149
-0.03554
-1.06081
-0.73289
-0.28737
-0.71444
-2.77058
-1.95689
-1.1091
1.496778
4.8508
4.022027
4.732065
3.845424
-0.59375
0.911777
-3.47652
-3.62211
-2.23626
3.460311
-0.21559
3.257318
0.611768
2.340842
1.510697
4.065324
-0.70795
3.995767
2.37178
3.074357
-3.52107
-2.16688
-0.81135
-2.78609
2.33148
0.383322
0.018884
-2.30804
-1.47137
-4.2692
-3.57663
-5.84218
-0.62841
-2.70971
-4.04815
2.370143
-4.77461
1.30141
-0.5161
-3.8946
-1.44571
-4.82015
2.672588
-0.12948
1.823779
-5.10858
1.823824
3.544232
-2.15609
-5.54051
-4.57299
-1.81789
1.64161
-3.06545
3.259279
0.287292
-0.46868
-1.85344
-4.0331
2.849905
-2.66463
-0.33905
-2.55128
0.927655
-3.16645
0.403422
1.994995
-1.14869
0.786661
0.020478
0.510833
-0.73045
-1.76258
1.18918
-1.66096