-1.658987
-1.403831
1.815418
-0.690671
0.639270
0.162817
-1.725102
-1.459836
0.869703
0.058017
0.217284
2.321550
0.449463
2.092251
-1.914908
2.122400
0.711474
-0.564969
-3.047453
-2.175537
1.513009
-0.098616
-1.521139
1.057296
-1.763781
0.991662
-0.132482
-0.072430
1.911335
1.322214
2.162704
2.629768
-1.648984
-0.989826
3.635581
2.227749
-2.276077
0.219521
-2.024708
-2.165801
-0.414426
0.502024
-0.014795
0.291818
0.583990
-3.333626
-1.596328
2.489595
-2.070843
3.413958
1.057836
1.422026
2.096863
-0.278039
1.116080
-1.424893
-2.743627
-0.617960
0.183561
0.143692
1.481220
-1.421725
0.500438
-0.502257
3.315890
-2.523986
1.756621
-0.597682
-3.722146
-0.841068
3.033466
-2.135164
