-0.972007
0.958268
-2.844396
-0.841733
-0.429231
1.348397
-2.70118
2.791452
-4.73443
-0.901178
-2.406925
1.101484
1.015931
-0.629296
-2.498592
-3.091308
-4.80515
-1.113616
-2.949579
1.304073
3.062239
-4.463653
-0.500234
-1.242678
2.991519
-2.758844
2.72074
0.805723
-0.770905
-3.046984
-1.313681
-1.04309
0.755679
-0.699822
0.664011
-2.548636
-4.534365
1.206668
-4.005027
-1.965823
-2.314152
-2.182743
-7.811416
-7.6202
-6.082863
-3.660436
-4.349817
-5.865945
-7.964193
-5.734534
-3.851455
-7.772985
-6.121779
-0.428485
-2.488931
-0.275702
-4.157828
-5.77345
-5.559754
-6.249135
-5.942964
-2.105721
-3.698868
-4.19723
-1.799549
-3.813838
-4.043659
-2.275235
-0.237269
-2.134492
-1.926906
-5.914194
-0.084493
-4.234849
-4.388249
-3.890858
-1.911772
-5.645398
-5.843614
-7.613345
-5.63559
-3.652415
-1.9683
-1.725393
-2.117684
-0.000354
-3.848163
-1.770084
-3.708468
-1.864988
-5.786456
-3.961284
-4.031217
-5.748712
-0.126446
-5.58824
-3.58248
-3.974771
-7.556898
-0.056799
-5.496013
-3.90523
-3.638926
0.069301
-5.701926
-2.025457
-1.978108
-3.835218
-1.827241
-3.77848
-3.765536
-7.682999
-5.888304
-7.487251
