-4.482101
-3.048237
-7.192175
-7.457888
-5.02159
-4.0226
-6.200239
-4.818308
-5.912808
-5.094558
-6.697873
-2.708105
-5.353533
-4.530353
-5.606953
-7.596487
-6.966643
-3.202393
-3.650415
-3.521041
-5.828355
-4.304626
-5.169724
-2.530888
-1.491711
-5.010251
-1.118915
-2.597207
-5.526496
-3.043528
-4.289676
-2.587843
-3.504623
-0.617048
-4.001353
-3.404293
-1.656246
-3.467923
-6.7482
-1.665931
3.016926
4.838315
3.009067
2.552644
2.096817
7.337882
4.570337
8.586267
5.374271
6.092258
7.657291
6.910807
3.656885
6.716507
1.169992
5.151509
7.172335
2.262582
5.364998
4.389002
