-1.530606
-4.777914
-1.097509
-1.845354
0.354824
1.237753
-2.660534
0.161292
0.038072
1.45784
-3.234161
-2.272859
-2.527008
0.368489
-3.720026
-5.500996
-1.248353
2.412775
-0.956292
-0.710019
-3.399286
-3.511554
-2.11286
-2.006571
-5.769134
1.004362
2.131236
-3.155793
-4.392053
1.278795
-4.648543
-0.842736
-0.216317
-1.394175
-2.395811
-4.232152
-4.601222
-0.133917
0.862395
-4.837686
-2.192063
0.592152
3.522245
2.015891
-1.601618
-3.780348
-1.068184
-0.502937
0.875566
2.142067
-1.923459
-4.313161
1.346374
-3.339453
0.770859
-2.431509
0.328148
0.048889
2.501713
-0.818059
-0.293572
1.110515
0.557961
-1.658293
-1.03733
-2.100216
1.694054
-0.295693
1.392393
-2.721765
2.983793
-3.018246
-1.881858
-1.360959
2.673072
0.270949
-3.489783
-4.00243
0.262981
-1.665586
-2.328029
1.213338
0.993602
2.153615
-1.910604
4.55017
-0.063654
3.154575
-1.975181
3.822023
2.668873
5.451932
0.494833
1.794405
1.321046
0.720618
2.414067
3.405422
1.569942
-3.028689
0.185241
4.801019
0.75345
-2.465645
-0.307708
2.66201
3.954585
-1.427669
2.914368
-1.182178
-1.170299
-3.273705
-0.886885
0.42863
-0.662897
3.46186
1.058066
