-1.425099
-3.075366
-0.485222
-5.224156
-1.80984
-5.448753
-4.034879
1.290916
-2.730044
1.021648
-5.117757
0.163087
1.344435
-0.57402
-3.129047
0.014307
0.306954
1.671869
-2.587115
0.636986
-5.208218
3.072248
-0.893752
-1.588812
-2.069903
-5.394674
-0.982605
-3.471933
-3.526111
-1.003948
-1.406376
-3.458359
-1.976643
-0.159597
1.813998
-3.889514
1.589538
3.20558
3.259808
1.501126
-1.379066
0.082885
-0.087506
-0.724866
-4.018674
1.476246
1.429383
1.995627
-0.962309
-0.394869
-1.107472
2.769042
1.80328
0.231763
0.275918
-1.66606
2.251681
0.680395
-1.476239
-3.096215
-0.908413
-2.12501
-2.895869
1.220086
2.551682
1.281807
-2.576398
-2.603347
-2.408538
1.513356
0.564067
2.509449
2.216218
-1.04079
0.16939
0.906619
-1.971467
0.201816
0.006871
-1.653579
-1.173643
-2.653375
-3.465754
1.359793
-0.990292
-0.110915
2.201192
-0.027342
2.339347
-1.195629
-3.924937
2.151269
-2.684176
0.944407
0.012898
-5.466741
-4.994821
2.288813
-4.75944
-1.007808
-1.283884
-1.029081
-3.272031
3.191261
0.858768
-2.796659
1.140846
-2.479231
0.211596
-1.374568
-5.870306
-1.496089
-3.774998
3.170209
-4.769709
-5.019448
-3.277938
0.159058
-2.533557
1.113036
