-1.161805
1.693591
1.708926
-0.044056
0.985072
-3.906461
0.926799
-0.789716
2.095039
-1.428352
-1.039231
1.32313
0.404959
-3.223833
-1.367322
-4.068206
-2.192329
-3.228607
-2.536108
0.933792
2.435188
0.604189
-1.628556
2.817736
-3.383393
-4.834277
-2.284738
3.082386
0.719959
3.396689
2.664988
-1.500426
-0.778651
-0.472297
-3.097663
0.331576
0.986263
-3.142165
-4.099023
-4.747302
-1.169232
-3.011378
3.064012
2.955428
3.727934
1.294565
-4.477657
-2.011035
2.014162
-1.243234
-2.29881
-5.454055
0.548474
-3.042844
-1.443708
-4.798351
-2.016826
-2.843483
1.102795
2.728518
-4.480935
-2.033843
-1.29308
1.334133
0.544262
2.107452
-0.055895
-0.297346
-0.226792
-3.840632
2.313492
-2.777017
0.300273
2.129122
-1.046625
-0.821182
-0.507055
1.176277
-4.016215
0.551597
-2.554518
-0.445445
1.733544
1.706593
-2.012475
-0.158692
-0.088175
-2.308354
3.134749
-2.066327
-3.801791
-0.872941
0.809878
2.465957
-2.796914
1.040521
-1.714204
-1.435724
-3.419457
1.82796
-0.164147
2.270113
-1.270894
0.629983
-4.494882
-1.974723
-2.639143
-3.129561
-2.516812
0.605546
-0.256411
-0.094439
1.296622
-0.021103
1.828457
-4.45608
-4.966028
-1.958445
-3.889054
0.162681
-0.620821
-3.904883
2.540772
