1.572843
2.909576
-5.630687
-0.547767
0.520734
-5.592805
-3.399047
1.450167
-3.51397
-4.307018
-0.809785
-1.299312
-5.503901
2.665479
-1.104328
-1.779796
-1.304637
-0.808843
-3.332625
-3.019878
-3.974598
-5.530974
1.03869
-1.944258
-1.018042
-5.536948
-0.400786
-2.110888
0.736096
1.113797
-1.483963
-1.881287
0.522619
-4.316498
0.862828
2.215136
0.174204
-3.102486
-3.221919
-3.388138
-1.277078
-3.636868
-2.459505
-0.833052
-1.047555
-1.674097
-0.260328
-2.199842
-3.938903
-2.742508
-3.176885
0.057255
2.71398
-4.282458
0.055106
0.308322
-2.416294
0.345694
0.637262
-2.041944
-1.1614
2.312075
-4.260632
-3.717606
-1.543668
2.536282
0.276542
-2.593319
1.997768
0.074271
2.168859
0.849703
-4.007414
-4.468441
-4.585234
1.230755
0.060955
1.658599
-4.796529
-1.929654
1.486116
-2.231378
-1.791001
-0.641848
2.412792
0.766603
-0.573853
3.851624
-0.317942
1.890061
-1.787251
-0.299218
-4.283271
1.53265
-3.636499
-3.330646
-3.058068
-1.699806
-1.383577
2.580921
-5.108737
1.27275
-2.245822
1.173698
1.924649
-0.245163
-2.702321
-1.238569
-2.463263
-2.704241
0.913304
-0.03832
-1.556198
-3.863123
2.946282
0.328711
1.344386
-0.955676
2.316075
0.580768
-1.276387
2.950881
-3.37877
0.300813
-4.101436
-4.850428
