-1.596192
-1.075315
3.03038
-1.815539
-3.12744
1.720542
0.773761
1.967733
3.347642
0.483097
0.040893
-2.345252
-3.745522
2.652082
0.643053
2.149119
3.931814
1.026849
2.84768
-0.566651
2.030042
1.253591
2.573189
3.527585
2.94447
0.968011
-0.070712
-1.961571
-1.35286
-1.875168
-0.337392
1.481188
-2.564046
-1.464704
-0.79825
0.556508
-1.269482
2.236961
0.202158
0.135812
-3.55145
3.714289
-3.252363
2.064558
-0.468786
-1.242553
1.420265
-2.081854
-4.610023
0.457377
-4.019382
-0.543124
3.563676
2.255796
-0.025017
-0.23533
-1.925336
-3.514255
0.568573
-2.412033
-2.785942
1.970585
-3.017721
3.718358
-2.114693
1.292846
0.116155
2.627697
1.094641
-5.503594
0.655724
-5.01384
-2.55666
1.514109
-1.440939
-4.555461
-1.838487
-3.753657
-0.241023
-1.155251
4.385326
2.97659
-1.01704
0.433608
-3.07205
-2.718992
-1.128068
-0.333908
3.96365
1.505518
0.462623
2.958811
1.488751
0.369346
1.410993
-1.94308
3.286557
-2.594576
2.288534
-2.686067
-1.899631
-3.447794
-0.408964
4.770505
0.615652
0.45379
2.375597
2.227379
3.240197
-1.221871
-1.988141
-1.137528
1.211886
4.05504
-1.029478
-1.853528
-3.402272
-0.380711
1.257528
4.816117
3.089648
4.128478
2.273569
-0.175597
0.664085
-2.732283
-0.271963
2.151964
3.049848
