0.879395
3.093543
2.307496
-0.247023
2.200569
1.520438
-1.749473
-0.86911
-0.959173
-3.901286
2.621148
1.604492
-2.327812
0.847972
-0.34664
-3.408222
-1.480686
3.521394
-1.935411
-2.962456
1.036324
0.914168
1.015943
0.765236
3.15442
-0.306509
2.103766
-0.53111
-1.235036
0.741168
-2.777252
-3.762902
-3.489581
0.588534
0.141377
-1.378082
2.968557
-1.35858
0.894202
3.510331
-2.683377
-1.807239
-3.131109
-1.028069
2.486237
3.027041
3.771076
-3.892635
1.322534
-2.115472
-4.433493
1.600541
-1.946567
-1.405945
-4.179005
-2.751458
-3.500783
3.245668
4.055258
-2.357352
-1.041707
-1.361418
-0.826663
1.103225
4.559971
2.01569
-0.684963
0.273932
0.634148
-2.739411
-2.26515
1.495411
3.223019
-5.202785
-3.242482
0.233248
1.867147
-0.289535
-3.278156
1.091748
0.938699
0.655637
-0.186784
-1.758808
2.701638
3.536329
-0.690073
-1.500532
-3.228153
-1.776116
0.71225
-2.84042
1.710611
-3.905112
-0.562243
4.232475
-1.149347
2.31481
0.681864
-1.303953
1.93002
2.925335
0.679508
-0.17093
1.406666
-2.383467
4.017293
2.597269
-1.503634
-0.607286
0.452753
-4.761061
-0.724834
3.420817
2.385329
1.584198
-1.741512
-0.801031
-2.656025
0.215466
-1.912734
3.165833
0.91458
-3.40065
-3.418621
-0.794968
-2.19439
0.252542
0.454615
2.808076
-2.28343
-3.779972
