-0.47836
2.836426
-2.362554
0.34619
-0.943863
-3.560947
-1.264255
2.271722
-3.324396
-2.844957
-1.450372
-0.854021
1.545566
3.563273
-0.035992
-5.758589
-0.040262
-2.503528
-2.044178
-1.798695
1.657117
-3.898557
-4.744566
-4.723781
-2.254111
0.370766
-4.173891
-0.094455
0.988088
3.982363
1.988354
-2.538449
1.166041
-0.575853
0.841731
2.047339
3.458356
-2.776753
-0.490284
-5.004717
1.956076
-5.374818
-3.025409
-1.938564
-4.511712
-3.952023
4.554332
3.432751
6.455182
-1.170192
3.540078
4.061496
-0.768118
0.870637
1.275931
3.893844
0.531031
1.932379
2.933761
2.486957
7.061394
0.589635
6.445612
2.22018
-2.040993
5.601368
2.978734
-1.291391
2.318622
5.778993
3.067435
2.506804
4.919706
0.986025
0.272011
4.072509
0.489294
5.785644
2.472189
4.043204
5.050152
4.812985
1.410539
1.550732
0.487118
1.375928
5.555572
3.213588
-0.299163
-0.937111
3.909052
-0.21725
0.093656
-1.365401
0.426793
-2.13352
-3.575756
-3.362643
1.032394
-2.216825
0.566041
1.189153
-1.27916
1.067449
1.058925
2.807633
-0.700367
0.125738
1.875227
3.225809
-1.125583
-2.062763
-3.697054
0.63098
-1.656905
1.467077
-1.269988
-1.409237
-0.952135
-3.587586
-0.024468
0.884278
2.328655
2.972089
3.784109
2.743602
-2.222093
2.747226
0.24982
-3.42497
3.241982
2.588797
0.192757
0.765843
2.880866
-3.46256
3.241762
-1.752399
