-2.231638
4.040029
-1.612753
-0.14983
0.77262
4.460533
-2.381678
-0.57402
5.402763
4.587623
2.756133
2.926162
-1.350387
1.946304
-2.571432
-0.161183
2.482126
-2.266375
-3.095372
1.124395
-2.196447
-3.818029
4.58671
2.449906
-0.727604
-3.152248
3.633893
1.522644
2.379971
2.768139
1.936342
1.013339
0.15952
4.420697
5.313281
-0.567001
1.857952
-1.526869
-0.136855
-1.899005
-0.843046
6.032827
0.172856
3.569525
0.25169
0.328404
2.104909
1.758323
1.549587
-2.101606
-4.553293
-4.395374
0.721359
-2.757232
-0.040564
-2.675994
-0.509127
-2.712253
-3.62068
-2.659377
3.128337
-3.815858
2.530508
1.105711
1.150178
-0.720983
-1.928066
0.431417
-3.211581
-4.372714
-5.10264
-2.414305
-1.305916
-1.017748
0.646974
2.398076
1.514925
-0.143706
-0.432239
-3.356093
-3.572884
-1.865279
-0.746667
-3.009381
-0.285401
1.833368
-4.918273
-5.437479
-0.167127
-2.153053
-1.006937
1.705668
-0.208968
-1.466107
0.72899
-1.895696
-4.705892
2.267397
-0.245367
0.682929
1.651829
-0.168942
-1.89643
-3.508284
0.742137
-1.914343
-0.924636
-2.43445
-2.948368
-0.840048
-4.129964
-1.861771
0.060209
-1.152533
-4.431273
-0.634579
0.020509
1.695281
3.752063
-2.54587
2.652434
-1.764725
0.10893
2.618629
0.789745
3.263191
-3.150514
2.556147
0.67013
-2.75784
3.254166
2.31184
-3.476795
0.292442
-1.985602
-1.305012
1.32747
-1.189113
1.720118
-5.119606
-3.556128
