2.323229
3.720996
2.280344
0.171485
0.301396
-0.000631
2.585612
-2.13037
-1.942916
0.378361
0.234947
-1.923921
0.242998
-2.026323
4.649929
1.55272
2.367213
-2.587535
0.038168
4.479433
-4.115072
-4.281665
-1.325804
0.112627
-3.429997
0.094533
-2.006302
0.110986
0.200375
1.718744
-2.181369
-3.504257
0.148623
-3.408597
1.544738
1.538948
-1.247345
3.788047
1.429498
2.817049
-1.186919
-4.260586
-1.130802
-3.453649
3.764885
-1.201691
-2.510105
-1.21986
2.453904
-2.528621
1.372044
-0.928293
-1.274263
1.330192
-0.750682
2.439297
-2.42197
2.464536
2.390298
6.484014
3.522252
3.903779
0.229879
1.212894
5.206111
0.147625
3.823627
-2.373822
-1.021322
3.600355
1.382068
1.542211
3.837437
3.758779
-3.8433
5.127094
0.277333
5.046001
0.02016
-0.845363
1.493841
-1.337239
1.213752
-2.61122
2.541841
-2.607891
3.649066
1.508873
3.754267
2.572361
-0.845266
0.069966
-1.055601
-1.256961
5.228835
-1.176498
1.082585
5.096027
0.355801
2.115983
2.600559
-0.590414
-0.832869
4.018278
-1.534116
0.174707
-1.564426
-3.243213
-0.894833
-3.923448
-0.831248
-0.003432
-0.380782
1.117151
0.147287
2.826603
1.85384
1.06042
-2.356554
-0.816301
3.513328
2.999295
0.256207
-0.417373
-1.638626
1.651516
-3.137321
-2.625756
2.435921
1.826524
-4.295434
-3.404549
-2.325588
1.131617
-2.408955
0.499386
3.60592
3.011057
1.053627
0.719735
-2.561278
-1.839356
-1.495305
0.996535
-4.351686
-4.925834
-1.392397
