-3.839563
-2.550838
-2.832586
-1.391584
1.535114
-1.321672
-0.648255
1.218903
-3.032878
-2.008159
-1.456756
1.815276
1.388352
-1.833065
-3.42393
2.616065
-0.392074
-0.357922
-0.975481
-1.474631
0.283424
1.537408
-3.90637
-0.864166
-2.106434
3.593947
1.867761
3.653897
-3.496651
2.045555
4.43013
0.467345
-4.329087
-3.177374
2.636099
3.935035
0.231437
0.634338
-0.388417
0.688678
2.274841
3.164898
-0.086437
0.436115
-2.234505
0.654113
1.384988
-0.917598
-1.766399
-4.618945
-0.732477
-2.921419
-0.234224
-4.857515
0.172531
2.991249
-1.532505
1.382608
3.222038
2.241024
1.15974
-2.529133
3.225135
-0.866658
-3.572279
1.392794
0.109244
-4.167725
-4.034231
-1.635968
0.836113
-4.607861
0.825252
-3.240887
-5.397202
1.847355
-3.066159
-2.92065
1.277937
-0.902535
-0.397095
-5.457826
-1.166866
-3.095515
-0.536111
-0.828739
-0.971861
0.058664
3.536283
2.473539
3.675234
1.472264
-2.590013
2.623553
-1.295361
-1.868687
-4.343156
1.134943
1.004812
-1.640076
-3.108838
3.253753
3.575824
1.806737
4.403445
-1.60896
4.628757
0.775364
0.440266
2.711139
0.322662
4.10641
-1.143756
-1.485894
0.65846
-2.643207
2.563396
4.218634
-2.916255
-3.941754
-1.716836
2.397383
1.315933
-0.402444
-0.823098
-0.135255
0.227554
2.194169
-1.365989
1.991752
1.174682
0.120327
-0.488757
-1.951657
-0.797544
3.770501
0.140742
-4.160799
0.910322
3.177183
1.348458
2.595172
2.190063
-3.593341
1.160768
-2.326691
-1.987886
4.892093
-3.431595
2.132123
