3.172411
1.832518
-0.766701
3.634462
-0.20281
1.090757
1.241245
-1.179645
-1.460364
3.102484
3.676281
1.622738
-0.693782
6.68607
5.445709
1.293376
1.24024
0.430435
5.491925
4.22485
4.294781
5.904862
5.418997
-1.960853
3.484976
1.806672
3.431837
-1.503589
-0.720493
1.12225
-0.809928
4.928033
0.500368
3.60297
4.118742
6.185585
1.048934
-2.533508
1.5528
-0.064726
2.405829
6.228801
2.892697
3.483975
2.918545
0.606474
7.258724
5.535138
3.629678
4.789943
1.095534
5.012383
2.319388
-0.287173
0.794931
-0.522786
3.182249
-1.786979
3.588086
1.776117
-4.880276
2.622642
1.308165
-4.344258
1.286372
4.333396
-1.06767
-0.824368
3.019801
-1.048978
-3.037763
-3.838124
-3.193104
-1.311932
3.827262
-2.6335
1.056801
0.813516
3.026893
-2.42222
1.038103
-1.868028
-3.030664
3.838742
0.006052
-3.598946
1.301065
-3.849606
-1.308342
-1.319024
-1.297233
-1.03512
-0.805798
-0.515918
3.170765
1.857173
0.51192
4.869411
2.411357
1.297482
1.024263
-0.016911
-1.886612
0.505057
1.875743
2.600233
-3.181626
-2.611092
4.938118
3.048914
0.614708
-0.670954
3.219976
1.908318
1.732187
-1.990367
2.519536
-0.143596
2.368023
1.380956
3.698297
1.387395
-0.519896
5.520643
3.70075
-0.618684
0.622658
-3.225666
1.856043
3.227735
-2.460935
-0.150021
-2.463395
1.170722
-4.283282
-0.621137
1.757253
-1.288604
-2.52596
-1.982609
4.463031
2.525961
1.912165
-1.282165
-1.130658
1.7274
-3.700754
1.168348
3.759354
1.858503
-1.811552
-0.494835
0.066637
-0.6748
-0.490032
3.763331
4.467005
0.069017
-3.229642
4.147234
-2.521988
-2.909867
