-0.558715
2.847155
2.825942
2.26061
1.264728
-0.5026
-1.752913
5.120201
-3.162578
1.486671
5.098763
2.10774
0.403556
2.204477
-3.053523
-1.395247
-2.008642
4.797343
-3.396872
0.885628
-0.405867
3.0757
4.864464
0.471853
-1.172112
-0.338002
2.874008
3.454803
3.097144
-2.043338
-1.809043
2.039902
-1.373816
3.510922
-1.377091
5.255655
-3.41831
1.077251
-3.553759
1.230053
1.298341
3.710543
0.215211
4.755405
1.452356
0.624641
0.850945
3.745221
0.249538
-1.145266
0.816254
-1.124056
0.437154
3.078983
-3.095454
-0.513341
-4.945261
-4.233931
-6.740191
-0.46723
-2.395463
-4.794017
-3.620246
-1.680593
-3.015611
-2.90134
-2.418544
1.345392
-4.858062
-2.426436
0.247644
-6.746722
-6.233356
-4.352205
-4.789981
-4.834981
-6.782267
-5.572943
-7.949519
-7.507705
-7.11036
0.254164
-2.459517
-7.501176
-5.5835
-2.91189
-0.143175
-0.471263
-4.341641
-4.951719
-1.007422
-3.633295
-6.141838
-6.246125
0.695985
-8.598923
-0.506823
-4.237919
-4.827097
-1.864658
-1.111695
-3.626767
-1.670036
-5.388876
-2.308273
-2.463546
-3.019603
-6.786299
-2.301821
-1.020178
-5.410588
-1.43779
-4.092659
0.427822
0.678543
1.613995
0.981333
-1.08577
-1.937874
-0.030555
-3.768926
2.37354
-1.155604
-6.59677
0.674239
-2.873329
-0.977787
-0.408486
-1.213839
1.850051
-7.356308
-4.792606
-3.044901
-1.31988
-3.515053
1.135986
-1.467712
-5.964105
-2.109449
-5.31922
-6.043251
-6.118752
-0.190178
1.060486
-2.82858
-1.824758
-3.896991
-3.167068
-3.158
-3.66289
-3.827174
-4.004977
-4.952213
-5.657017
-4.32622
-1.815705
-2.491385
0.336457
-0.656548
-3.544979
-6.832817
-0.890114
-5.661315
-2.154185
-4.574282