4.280552
-2.610264
2.458511
-0.73749
-0.900376
0.984196
-0.940444
-0.805027
1.094595
-0.355803
2.73097
0.881521
-3.575449
3.632287
-0.163573
0.034097
3.340833
4.322696
4.826053
1.57693
-1.008737
-3.180526
1.104896
-5.886648
1.710401
0.240394
-4.208552
-4.754113
-1.010831
3.272601
3.549841
1.813039
2.693046
-1.487247
0.814011
1.632558
-4.252288
-2.520737
0.44685
1.674681
0.116202
-1.57417
3.670322
1.854737
-1.531552
-1.620833
-3.477901
-2.631691
-3.248855
-1.740086
-1.781871
-2.386937
-0.020346
2.620615
1.036642
-3.560335
-0.503944
-1.278869
1.41677
1.98873
5.249506
-3.531695
0.428531
-1.5789
2.299965
-2.214617
3.619596
3.294606
2.518851
1.44478
-0.69558
0.858973
3.883884
1.722376
1.962104
-1.377057
-3.178536
1.423909
4.891287
1.893671
5.674186
2.412501
2.244493
-0.244826
-0.585747
0.279128
-2.910468
-1.047641
2.992662
3.092625
-0.271939
-2.638317
-0.065202
3.942995
3.930776
-0.413338
4.462831
2.120031
-0.76839
1.155122
4.371663
-3.963572
4.627774
-1.917484
-2.184935
2.768167
0.560696
0.298487
-2.750212
-2.210138
1.285311
0.272504
-0.235617
-3.776017
-0.026655
-3.064546
-1.056687
-0.621775
-5.206375
-0.408266
-4.963736
-4.975495
-3.147726
-1.268331
1.300136
-4.506341
-2.930403
-0.837468
-0.454241
-1.893218
0.765972
3.560494
-2.520728
-3.928315
0.840679
0.401591
-1.689494
1.254316
-1.495984
-2.441721
3.287939
2.22967
-1.263648
-1.053181
2.095884
-5.24326
1.387134
-3.170997
0.223743
-2.87901
3.298755
-4.827603
-3.525927
3.166216
-2.930721
-2.693244
1.489763
0.010436
-0.412075
1.484407
-1.24132
-0.623087
1.020486
-1.651811
1.844539
1.192791
3.5255
2.830647
