1	-263.3560420656375	65.20203943
2	-263.3560420662485	131.191677776
3	-263.6505658986119	179.735508395
4	-263.6759794486326	216.063733126
5	-263.93066482983176	256.573285668
6	-263.93066482983176	295.56463176
7	-263.93066482983176	325.326030891
8	-263.93066482983176	360.953710398
9	-263.93066482983176	392.740785586
10	-263.93066482983176	432.831400454
11	-263.93066482983176	459.97864263
12	-263.93066482983176	490.946829523
13	-263.93066482983176	521.022620645
14	-263.93066482983176	562.254936497
15	-263.9858921974071	601.414338164
16	-263.9858921974071	633.198831776
17	-263.9858921974071	672.387443023
18	-263.9858921974071	715.628411072
19	-263.9858921974071	752.916993866
20	-263.9858921974071	785.147416087
21	-263.9858921974071	828.692436426
22	-263.9858921974071	865.735654366
23	-263.9858921974071	910.428737967
24	-263.9858921974071	952.265348614
25	-263.9858921974071	985.44912885
26	-263.9858921974071	1025.039883417
27	-263.9858921974071	1062.114864287
28	-263.9858921974071	1106.171485608
29	-263.9858921974071	1148.080024849
30	-263.9858921974071	1186.378354908
31	-263.9858921974071	1216.303714732
32	-263.9858921974071	1253.58560168
33	-263.9858921974071	1285.843567073
34	-263.9858921974071	1327.647184301
35	-263.9858921974071	1364.701362034
36	-263.9858921974071	1401.883448494
37	-263.9858921974071	1442.512848292
38	-263.9858921974071	1484.661389381
39	-263.9858921974071	1535.363560527
40	-263.9858921974071	1576.223331512
41	-263.9858921974071	1620.499670995
42	-263.9858921974071	1661.943503838
43	-263.9858921974071	1709.946521331
44	-263.9858921974071	1750.030768503
45	-263.9858921974071	1780.094657008
46	-263.9858921974071	1820.365950801
47	-263.9858921974071	1861.412263211
48	-263.9858921974071	1894.752461549
49	-263.9858921974071	1938.316831872
50	-263.9858921974071	1983.209910456
51	-263.9858921974071	2022.91124284
52	-263.9858921974071	2068.592470866
53	-263.9858921974071	2117.471845289
54	-263.9858921974071	2162.530611413
55	-263.9858921974071	2215.549239526
56	-263.9858921974071	2254.304100756
57	-263.9858921974071	2285.799447933
58	-263.9858921974071	2332.030621106
59	-263.9858921974071	2370.810380072
60	-263.9858921974071	2402.439426631
61	-263.9858921974071	2437.231964039
62	-263.9858921974071	2474.53841658
63	-263.9858921974071	2515.294567601
64	-263.9858921974071	2556.100869895
65	-263.9858921974071	2597.155502932
66	-263.9858921974071	2625.405369221
67	-263.9858921974071	2664.954410888
68	-263.9858921974071	2698.069269473
69	-263.9858921974071	2729.526582958
70	-263.9858921974071	2763.508196609
71	-263.9858921974071	2796.592179779
72	-263.9858921974071	2842.294461829
73	-263.9858921974071	2884.600558567
74	-263.9858921974071	2933.910963157
75	-263.9858921974071	2971.302244189
76	-263.9858921974071	3019.342229101
77	-263.9858921974071	3053.657863556
78	-263.9858921974071	3089.602305086
79	-263.9858921974071	3134.062917742
80	-263.9858921974071	3179.028893689
81	-263.9858921974071	3212.362859182
82	-263.9858921974071	3257.915308358
83	-263.9858921974071	3299.655410845
84	-263.9858921974071	3341.430483346
85	-263.9858921974071	3384.954336192
86	-263.9858921974071	3417.570379935
87	-263.9858921974071	3459.628045575
88	-263.9858921974071	3492.750040484
89	-263.9858921974071	3528.943661783
90	-263.9858921974071	3575.040367516
91	-263.9858921974071	3617.777409461
92	-263.9858921974071	3659.645161805
93	-263.9858921974071	3702.43417738
94	-263.9858921974071	3734.682310834
95	-263.9858921974071	3773.730054443
96	-263.9858921974071	3821.820985201
97	-263.9858921974071	3868.519351695
98	-263.9858921974071	3907.187351392
99	-263.9858921974071	3945.234207771
100	-263.9858921974071	3982.94212025
101	-263.9858921974071	4016.632037537
102	-263.9858921974071	4055.931420183
103	-263.9858921974071	4088.054422349
104	-263.9858921974071	4132.379047414
105	-263.9858921974071	4173.533141385
106	-263.9858921974071	4207.083802702
107	-263.9858921974071	4251.769270727
108	-263.9858921974071	4287.821823964
109	-263.9858921974071	4326.970392707
110	-263.9858921974071	4374.319684292
111	-263.9858921974071	4426.516250098
112	-263.9858921974071	4473.845503754
113	-263.9858921974071	4527.693826285
114	-263.9858921974071	4580.211359331
115	-263.9858921974071	4624.748533733
116	-263.9858921974071	4674.575020784
117	-263.9858921974071	4718.729341124
118	-263.9858921974071	4765.088145622
119	-263.9858921974071	4813.528747148
120	-263.9858921974071	4855.882677871
121	-263.9858921974071	4898.714884301
122	-263.9858921974071	4932.474348462
123	-263.9858921974071	4972.348677766
124	-263.9858921974071	5021.51244231
125	-263.9858921974071	5058.246854498
126	-263.9858921974071	5099.603629658
127	-263.9858921974071	5135.525551468
128	-263.9858921974071	5185.758575791
129	-263.9858921974071	5226.876100056
130	-263.9858921974071	5267.425302519
131	-263.9858921974071	5305.983977411
132	-263.9858921974071	5351.107075085
133	-263.9858921974071	5403.408299473
134	-263.9858921974071	5443.988405861
135	-263.9858921974071	5480.128089195
136	-263.9858921974071	5520.128266527
137	-263.9858921974071	5570.598068793
138	-263.9858921974071	5620.939144097
139	-263.9858921974071	5664.421340777
140	-263.9858921974071	5707.874591025
141	-263.9858921974071	5753.46800785
142	-263.9858921974071	5800.108289609
143	-263.9858921974071	5841.878364601
144	-263.9858921974071	5878.601677867
145	-263.9858921974071	5922.567424594
146	-263.9858921974071	5969.315646429
147	-263.9858921974071	6012.948953229
148	-263.9858921974071	6055.592278138
149	-263.9858921974071	6107.376489217
150	-263.9858921974071	6141.699447876
151	-263.9858921974071	6185.660449408
152	-263.9858921974071	6234.076044861
153	-263.9858921974071	6283.114817816
154	-263.9858921974071	6331.141870332
155	-263.9858921974071	6372.209089655
156	-263.9858921974071	6413.624445339
157	-263.9858921974071	6454.958676546
158	-263.9858921974071	6498.299616427
159	-263.9858921974071	6542.029614705
160	-263.9858921974071	6586.237493542
161	-263.9858921974071	6631.592775352
162	-263.9858921974071	6675.710124851
163	-263.9858921974071	6717.513607512
164	-263.9858921974071	6756.6108441
165	-263.9858921974071	6805.659145363
166	-263.9858921974071	6861.926522745
167	-263.9858921974071	6906.797627003
168	-263.9858921974071	6950.20222503
169	-263.9858921974071	6995.386761065
170	-263.9858921974071	7040.095854426
171	-263.9858921974071	7094.065365606
172	-263.9858921974071	7148.937523307
173	-263.9858921974071	7191.202366439
174	-263.9858921974071	7230.565038312
175	-263.9858921974071	7278.065082502
176	-263.9858921974071	7323.472414348
177	-263.9858921974071	7374.607538086
178	-263.9858921974071	7425.607139232
179	-263.9858921974071	7480.190179578
180	-263.9858921974071	7531.099426722
181	-263.9858921974071	7580.819492135
182	-263.9858921974071	7628.32866578
183	-263.9858921974071	7674.334409394
184	-263.9858921974071	7723.50121766
185	-263.9858921974071	7775.952454535
186	-263.9858921974071	7825.413195771
187	-263.9858921974071	7880.148850992
188	-263.9858921974071	7927.087970001
189	-263.9858921974071	7980.279364958
190	-263.9858921974071	8028.270344411
191	-263.9858921974071	8075.959027788
192	-263.9858921974071	8115.319006041
193	-263.9858921974071	8155.058778383
194	-263.9858921974071	8209.09600838
195	-263.9858921974071	8261.972200523
196	-263.9858921974071	8311.117447573
197	-263.9858921974071	8362.905465299
198	-263.9858921974071	8418.762815505
199	-263.9858921974071	8463.372334178
200	-263.9858921974071	8508.269068306
201	-263.9858921974071	8557.138252135
202	-263.9858921974071	8613.624894371
203	-263.9858921974071	8677.435758826
204	-263.9858921974071	8723.904901943
205	-263.9858921974071	8769.438513742
206	-263.9858921974071	8832.158885923
207	-263.9858921974071	8882.432355879
208	-263.9858921974071	8931.526751166
209	-263.9858921974071	8974.88888192
210	-263.9858921974071	9022.286772982
211	-263.9858921974071	9080.955783927
212	-263.9858921974071	9138.971593831
213	-263.9858921974071	9193.335916144
214	-263.9858921974071	9244.843633216
215	-263.9858921974071	9298.852768373
216	-263.9858921974071	9338.317702281
