1	-254.86441622732266	71.996819145
2	-254.95100469307124	141.501056863
3	-254.9896949319134	185.650297586
4	-254.9896949319134	235.099474903
5	-254.9896949319134	271.974860215
6	-254.9896949319134	316.772174464
7	-254.9896949319134	356.179791409
8	-254.9896949319134	396.122612434
9	-255.32130059032406	436.576952902
10	-255.64419585134507	476.273675798
11	-255.6584931002139	515.056864795
12	-255.6584931002139	551.134014416
13	-255.6584931002139	576.64762649
14	-255.6584931002139	617.23045073
15	-255.6584931002139	657.24511425
16	-255.6584931002139	695.740166349
17	-255.89365331811354	730.674322917
18	-255.89365331811354	769.460047303
19	-255.89365331811354	805.068911672
20	-255.89365331811354	844.993444708
21	-255.89365331811354	898.25972075
22	-255.89365331811354	931.640859939
23	-255.89365331811354	984.873199454
24	-255.89365331811354	1030.46498209
25	-255.89365331811354	1077.187955802
26	-255.89365331811354	1119.857097607
27	-255.89365331811354	1163.19312266
28	-255.89365331811354	1207.406049183
29	-255.89365331811354	1259.884826095
30	-255.89365331811354	1310.365811672
31	-255.89365331811354	1355.531473268
32	-255.89365331811354	1396.621344027
33	-255.89365331811354	1444.539445504
34	-255.89365331811354	1488.27985818
35	-255.89365331811354	1540.272527418
36	-255.89365331811354	1597.027078745
37	-255.89365331811354	1658.304899034
38	-255.89365331811354	1708.538981647
39	-255.89365331811354	1761.254525383
40	-255.89365331811354	1818.174219711
41	-255.89365331811354	1867.688450735
42	-255.89365331811354	1913.563182599
43	-255.89365331811354	1963.082676559
44	-255.89365331811354	2011.945366107
45	-255.89365331811354	2053.146887227
46	-255.89365331811354	2097.736678728
47	-255.89365331811354	2150.957307783
48	-255.89365331811354	2190.558938323
49	-255.89365331811354	2251.718904773
50	-255.89365331811354	2298.595510596
51	-255.89365331811354	2350.640749321
52	-255.89365331811354	2397.544934809
53	-255.89365331811354	2444.818755153
54	-255.89365331811354	2497.57918181
55	-255.89365331811354	2554.429957052
56	-255.89365331811354	2603.631010609
57	-255.89365331811354	2658.762586855
58	-255.89365331811354	2708.987594182
59	-255.89365331811354	2764.34976599
60	-255.89365331811354	2810.468317468
61	-255.89365331811354	2868.48714287
62	-255.89365331811354	2909.272320435
63	-255.89365331811354	2961.963143198
64	-255.89365331811354	3006.537135343
65	-255.89365331811354	3069.402458355
66	-255.89365331811354	3118.552289519
67	-255.89365331811354	3158.190491762
68	-255.89365331811354	3204.360864056
69	-255.89365331811354	3246.574534689
70	-255.89365331811354	3308.945185069
71	-255.89365331811354	3362.294147079
72	-255.89365331811354	3422.052860573
73	-255.89365331811354	3462.851989766
74	-255.89365331811354	3513.066228887
75	-255.89365331811354	3558.504318686
76	-255.89365331811354	3607.344043189
77	-255.89365331811354	3669.257676302
78	-255.89365331811354	3719.710886921
79	-255.89365331811354	3774.842293248
80	-255.89365331811354	3834.761322724
81	-255.89365331811354	3882.90287517
82	-255.89365331811354	3945.348395517
83	-255.89365331811354	4001.650389959
84	-255.89365331811354	4053.039183783
85	-255.89365331811354	4101.082172788
86	-255.89365331811354	4139.160359316
87	-255.89365331811354	4202.174872874
88	-255.89365331811354	4260.106491486
89	-255.89365331811354	4312.177504057
90	-255.89365331811354	4358.141432134
91	-255.89365331811354	4401.457957239
92	-255.89365331811354	4453.447548543
93	-255.89365331811354	4514.333162653
94	-255.89365331811354	4560.511860992
95	-255.89365331811354	4616.582743842
96	-255.89365331811354	4664.421431438
97	-255.89365331811354	4723.714655366
98	-255.89365331811354	4775.278080585
99	-255.89365331811354	4827.637317008
100	-255.89365331811354	4885.002533963
101	-255.89365331811354	4930.474761001
102	-255.89365331811354	4986.256247384
103	-255.89365331811354	5039.094542398
104	-255.89365331811354	5100.460963613
105	-255.89365331811354	5161.068058085
106	-255.89365331811354	5218.939497905
107	-255.89365331811354	5274.978710198
108	-255.89365331811354	5330.106044165
109	-255.89365331811354	5380.588571845
110	-255.89365331811354	5439.242082503
111	-255.89365331811354	5488.36845825
112	-255.89365331811354	5541.909949913
113	-255.89365331811354	5594.508769944
114	-255.89365331811354	5651.704788929
115	-255.89365331811354	5710.355788146
116	-255.89365331811354	5762.627610228
117	-255.89365331811354	5814.029583629
118	-255.89365331811354	5881.607371873
119	-255.89365331811354	5934.913031838
120	-255.89365331811354	5992.273843722
121	-255.89365331811354	6050.273455701
122	-255.89365331811354	6104.912697987
123	-255.89365331811354	6158.270895223
124	-255.89365331811354	6220.95122262
125	-255.89365331811354	6281.108584401
126	-255.89365331811354	6344.952833717
127	-255.89365331811354	6396.695362971
128	-255.89365331811354	6450.168516867
129	-255.89365331811354	6509.966751702
130	-255.89365331811354	6563.422148178
131	-255.89365331811354	6614.410634152
132	-255.89365331811354	6665.471829038
133	-255.89365331811354	6715.44880013
134	-255.89365331811354	6767.698330571
135	-255.89365331811354	6818.398039599
136	-255.89365331811354	6867.908485072
137	-255.89365331811354	6914.182416605
138	-255.89365331811354	6972.928640463
139	-255.89365331811354	7030.42417552
140	-255.89365331811354	7086.187966066
141	-255.89365331811354	7139.426815826
142	-255.89365331811354	7191.544356342
143	-255.89365331811354	7238.503401806
144	-255.89365331811354	7284.564993836
145	-255.89365331811354	7333.149054268
146	-255.89365331811354	7385.82539854
147	-255.89365331811354	7435.054725694
148	-255.89365331811354	7483.047893286
149	-255.89365331811354	7551.154661319
150	-255.89365331811354	7606.811248769
151	-255.89365331811354	7658.333973476
152	-255.89365331811354	7700.571463027
153	-255.89365331811354	7752.976540591
154	-255.89365331811354	7809.332624671
155	-255.89365331811354	7861.520818246
156	-255.89365331811354	7920.32832252
157	-255.89365331811354	7968.72586291
158	-255.89365331811354	8023.168434188
159	-255.89365331811354	8067.791471136
160	-255.89365331811354	8117.054264403
161	-255.89365331811354	8172.28011762
162	-255.89365331811354	8229.325220923
163	-255.89365331811354	8287.833299216
164	-255.89365331811354	8343.79935328
165	-255.89365331811354	8389.526364001
166	-255.89365331811354	8446.644865872
167	-255.89365331811354	8494.821847912
168	-255.89365331811354	8547.427458441
169	-255.89365331811354	8592.138270666
170	-255.89365331811354	8640.360956143
171	-255.89365331811354	8695.322574345
172	-255.89365331811354	8743.128267097
173	-255.89365331811354	8796.540220404
174	-255.89365331811354	8849.083650173
175	-255.89365331811354	8896.492619345
176	-255.89365331811354	8940.738253047
177	-255.89365331811354	8991.064483223
178	-255.89365331811354	9046.492880781
179	-255.89365331811354	9086.73216874
180	-255.89365331811354	9136.893303242
181	-255.89365331811354	9185.312897214
182	-255.89365331811354	9242.264881906
183	-255.89365331811354	9284.899652121
184	-255.89365331811354	9334.66319406
185	-255.89365331811354	9383.560822831
186	-255.89365331811354	9431.753139515
187	-255.89365331811354	9482.628530814
188	-255.89365331811354	9532.137619214
189	-255.89365331811354	9582.281196151
190	-255.89365331811354	9642.21496755
191	-255.89365331811354	9698.90182857
192	-255.89365331811354	9758.055370019
193	-255.89365331811354	9810.553208395
194	-255.89365331811354	9855.61445973
195	-255.89365331811354	9915.447461303
196	-255.89365331811354	9982.1715087
197	-255.89365331811354	10036.957127315
198	-255.89365331811354	10097.081500524
199	-255.89365331811354	10139.197476983
200	-255.89365331811354	10187.906580323
201	-255.89365331811354	10245.962149912
202	-255.89365331811354	10307.014919539
203	-255.89365331811354	10354.729796997
204	-255.89365331811354	10408.816872641
205	-255.89365331811354	10462.670382557
206	-255.89365331811354	10513.394801154
207	-255.89365331811354	10563.524123404
208	-255.89365331811354	10621.607238446
209	-255.89365331811354	10679.655749258
210	-255.89365331811354	10732.400568716
211	-255.89365331811354	10786.229290376
212	-255.89365331811354	10830.142659202
213	-255.89365331811354	10886.519363669
214	-255.89365331811354	10941.437851456
215	-255.89365331811354	10989.469390297
216	-255.89365331811354	11057.316502012
217	-255.89365331811354	11109.4826574
218	-255.89365331811354	11163.204297988
