1	-83.46154953952751	3.167023179
2	-83.42691019600295	5.808073733
3	-83.67446120268342	7.013073338
4	-83.69093622566518	8.026082814
5	-83.77729454692603	8.999780192
6	-83.7772945469309	10.057994975
7	-83.7772945469309	10.832036862
8	-83.89466356578735	11.772536868
9	-83.89466356578735	12.645057001
10	-83.89466356578735	13.639053746
11	-83.89466356578735	14.666396967
12	-83.89466356578735	15.618811682
13	-83.89466356578735	16.59893169
14	-83.89466356578735	17.544586223
15	-83.89466356578735	18.639669552
16	-83.89466356578735	19.489239785
17	-83.89466356578735	20.377224636
18	-83.89466356578735	21.224139775
19	-83.89466356578735	22.222502756
20	-83.89466356578735	23.586550565
21	-83.89466356578735	24.707438169
22	-83.89466356578735	26.493942434
23	-83.89466356578735	27.862155202
24	-83.89466356578735	29.157955147
25	-83.89466356578735	30.365418262
26	-83.89466356578735	31.376914737
27	-83.89466356578735	32.541784019
28	-83.89466356578735	33.480588278
29	-83.89466356578735	34.838373109
30	-83.89466356578735	35.904896144
31	-83.89466356578735	36.861071554
32	-83.89466356578735	37.74223008
33	-83.89466356578735	39.109106035
34	-83.89466356578735	39.996768728
35	-83.89466356578735	40.805925823
36	-83.89466356578735	41.72568713
37	-83.89466356578735	42.564262941
38	-83.89466356578735	43.336676648
39	-83.89466356578735	44.044697837
40	-83.89466356578735	44.73031423
41	-83.89466356578735	45.514397179
42	-83.89466356578735	46.829646622
43	-83.89466356578735	48.373625876
44	-83.89466356578735	51.502658943
45	-83.89466356578735	52.371566631
46	-83.89466356578735	53.494857306
47	-83.89466356578735	54.752207281
48	-83.89466356578735	55.780707989
49	-83.89466356578735	56.835780165
50	-83.89466356578735	57.872110166
51	-83.89466356578735	59.155601114
52	-83.89466356578735	60.264285207
53	-83.89466356578735	61.231196743
54	-83.89466356578735	62.067336413
55	-83.89466356578735	63.09090497
56	-83.89466356578735	64.04697404
57	-83.89466356578735	65.226923162
58	-83.89466356578735	66.186993546
59	-83.89466356578735	67.244398658
60	-83.89466356578735	68.519010308
61	-83.89466356578735	70.137100414
62	-83.89466356578735	71.135468813
63	-83.89466356578735	72.302420717
64	-83.89466356578735	73.293013422
65	-83.89466356578735	74.138268735
66	-83.89466356578735	75.389702694
67	-83.89466356578735	77.041924714
68	-83.89466356578735	78.068877639
69	-83.89466356578735	78.871449885
70	-83.89466356578735	79.97216784
71	-83.89466356578735	82.400915499
72	-83.89466356578735	83.130430606
73	-83.89466356578735	84.011051441
74	-83.89466356578735	85.098695204
75	-83.89466356578735	86.19400775
76	-83.89466356578735	87.091430686
77	-83.89466356578735	88.146015634
78	-83.89466356578735	89.426663611
79	-83.89466356578735	90.571468159
80	-83.89466356578735	91.605962715
81	-83.89466356578735	92.648850481
82	-83.89466356578735	94.469955927
83	-83.89466356578735	95.927368224
84	-83.89466356578735	97.092799715
85	-83.89466356578735	97.992543043
86	-83.89466356578735	98.93844903
87	-83.89466356578735	100.234664644
88	-83.89466356578735	101.91711391
89	-83.89466356578735	103.157830275
90	-83.89466356578735	103.826874068
91	-83.89466356578735	104.480129274
92	-83.89466356578735	105.074865784
93	-83.89466356578735	105.805693756
94	-83.89466356578735	106.609846285
95	-83.89466356578735	107.397757781
96	-83.89466356578735	108.495850293
97	-83.89466356578735	109.598422795
98	-83.89466356578735	110.568578432
99	-83.89466356578735	111.742906041
100	-83.89466356578735	113.089936501
101	-83.89466356578735	114.895377947
102	-83.89466356578735	116.621210476
103	-83.89466356578735	118.602235947
104	-83.89466356578735	120.143298389
105	-83.89466356578735	121.467642092
106	-83.89466356578735	122.634297498
107	-83.89466356578735	123.825212247
108	-83.89466356578735	124.909907552
109	-83.89466356578735	126.158871729
110	-83.89466356578735	127.311094747
111	-83.89466356578735	128.379360001
112	-83.89466356578735	129.381657015
113	-83.89466356578735	130.234411194
114	-83.89466356578735	131.115454826
115	-83.89466356578735	131.980031058
116	-83.89466356578735	132.619983425
117	-83.89466356578735	133.35252368
118	-83.89466356578735	134.038087899
119	-83.89466356578735	134.900380802
120	-83.89466356578735	135.792832529
121	-83.89466356578735	136.707815921
122	-83.89466356578735	137.532476793
123	-83.89466356578735	138.430965131
124	-83.89466356578735	139.416383353
125	-83.89466356578735	140.302932179
126	-83.89466356578735	141.170766767
127	-83.89466356578735	142.140122711
128	-83.89466356578735	143.253618075
129	-83.89466356578735	144.323993321
130	-83.89466356578735	145.230032983
131	-83.89466356578735	146.048650116
132	-83.89466356578735	146.712957333
133	-83.89466356578735	147.601910938
134	-83.89466356578735	148.618554241
135	-83.89466356578735	150.793494521
136	-83.89466356578735	152.020675408
137	-83.89466356578735	153.225421564
138	-83.89466356578735	154.436948144
139	-83.89466356578735	155.573117436
140	-83.89466356578735	156.627465755
141	-83.89466356578735	159.749080924
142	-83.89466356578735	161.895695828
143	-83.89466356578735	163.017131102
144	-83.89466356578735	164.479109487
145	-83.89466356578735	165.613781458
146	-83.89466356578735	168.013135774
147	-83.89466356578735	169.848558999
148	-83.89466356578735	172.017744912
149	-83.89466356578735	173.67899448
150	-83.89466356578735	174.732334986
151	-83.89466356578735	175.882353076
152	-83.89466356578735	177.227968607
153	-83.89466356578735	178.450917537
154	-83.89466356578735	179.648185353
155	-83.89466356578735	180.525619106
156	-83.89466356578735	181.531963336
157	-83.89466356578735	182.498712367
158	-83.89466356578735	183.593487793
159	-83.89466356578735	184.827102144
160	-83.89466356578735	186.059536201
161	-83.89466356578735	187.538740055
162	-83.89466356578735	188.780540068
163	-83.89466356578735	189.746762812
164	-83.89466356578735	190.662935337
165	-83.89466356578735	191.470437454
166	-83.89466356578735	192.262600578
167	-83.89466356578735	193.007484897
168	-83.89466356578735	193.715170529
169	-83.89466356578735	194.648699951
170	-83.89466356578735	195.592353113
171	-83.89466356578735	197.037498037
172	-83.89466356578735	198.321238158
173	-83.89466356578735	200.034864325
174	-83.89466356578735	200.932950393
175	-83.89466356578735	202.011163198
176	-83.89466356578735	204.851108323
177	-83.89466356578735	205.873801067
178	-83.89466356578735	206.671315148
179	-83.89466356578735	208.249183701
180	-83.89466356578735	210.224986793
181	-83.89466356578735	211.226577341
182	-83.89466356578735	212.119241749
183	-83.89466356578735	213.075783792
184	-83.89466356578735	214.955595241
185	-83.89466356578735	216.104829318
186	-83.89466356578735	217.129168203
187	-83.89466356578735	218.351802103
188	-83.89466356578735	219.418050021
189	-83.89466356578735	220.916981341
190	-83.89466356578735	221.912557515
191	-83.89466356578735	223.013682302
192	-83.89466356578735	223.853450097
193	-83.89466356578735	224.55879367
194	-83.89466356578735	225.373044566
195	-83.89466356578735	226.302028426
196	-83.89466356578735	227.085403768
197	-83.89466356578735	227.981587395
198	-83.89466356578735	228.914986813
199	-83.89466356578735	229.755140913
200	-83.89466356578735	230.660294498
201	-83.89466356578735	232.390085577
202	-83.89466356578735	233.61937275
203	-83.89466356578735	235.154987589
204	-83.89466356578735	237.154628368
205	-83.89466356578735	238.494032239
206	-83.89466356578735	239.822219029
207	-83.89466356578735	240.619004692
208	-83.89466356578735	241.329546696
209	-83.89466356578735	242.151769431
210	-83.89466356578735	243.160409534
211	-83.89466356578735	243.934215362
212	-83.89466356578735	244.997753448
213	-83.89466356578735	246.192082785
214	-83.89466356578735	247.592668428
215	-83.89466356578735	248.733864523
216	-83.89466356578735	249.935932207
217	-83.89466356578735	250.81236556
218	-83.89466356578735	252.378921524
219	-83.89466356578735	253.233826463
220	-83.89466356578735	254.207769308
221	-83.89466356578735	255.170502484
222	-83.89466356578735	256.54987845
223	-83.89466356578735	258.089866082
224	-83.89466356578735	259.524536599
225	-83.89466356578735	261.076487692
226	-83.89466356578735	262.603626072
227	-83.89466356578735	263.907971469
228	-83.89466356578735	264.89478951
229	-83.89466356578735	266.033402355
230	-83.89466356578735	266.983175091
231	-83.89466356578735	268.052406249
232	-83.89466356578735	269.161582987
233	-83.89466356578735	270.318860747
234	-83.89466356578735	271.494525455
235	-83.89466356578735	272.375008589
236	-83.89466356578735	273.393990815
237	-83.89466356578735	275.037129978
238	-83.89466356578735	276.602611703
239	-83.89466356578735	277.92431143
240	-83.89466356578735	279.216265723
241	-83.89466356578735	280.770968558
242	-83.89466356578735	283.129021664
243	-83.89466356578735	286.356350516
244	-83.89466356578735	288.414506285
245	-83.89466356578735	289.751219425
246	-83.89466356578735	292.452363256
247	-83.89466356578735	293.540284132
248	-83.89466356578735	295.688442544
249	-83.89466356578735	298.306321679
250	-83.89466356578735	299.4269316
251	-83.89466356578735	300.886248335
252	-83.89466356578735	302.226707629
253	-83.89466356578735	303.853720653
254	-83.89466356578735	306.340566491
255	-83.89466356578735	308.171583851
256	-83.89466356578735	310.566220122
257	-83.89466356578735	313.271869032
258	-83.89466356578735	316.754117135
259	-83.89466356578735	319.449436181
260	-83.89466356578735	321.712738379
261	-83.89466356578735	324.192047433
262	-83.89466356578735	325.940535928
263	-83.89466356578735	327.71834022
264	-83.89466356578735	329.62894198
265	-83.89466356578735	331.321400093
266	-83.89466356578735	333.077880954
267	-83.89466356578735	334.732672254
268	-83.89466356578735	335.878520822
269	-83.89466356578735	337.282732024
270	-83.89466356578735	338.975108885
271	-83.89466356578735	340.770472492
272	-83.89466356578735	342.538716392
273	-83.90078905861283	344.327810749
274	-83.90078905861283	345.333929753
275	-83.90078905861283	346.06125105
276	-83.90078905861283	347.190762793
277	-83.90078905861283	347.780102731
278	-83.90078905861283	348.577453453
279	-83.90078905861283	349.376645322
280	-83.90078905861283	350.661551484
281	-83.90078905861283	351.830760204
282	-83.90078905861283	352.792899241
283	-83.90078905861283	353.54435387
284	-83.90078905861283	354.363042847
285	-83.90078905861283	355.994620249
286	-83.90078905861283	357.331913558
287	-83.90078905861283	358.16221818
288	-83.90078905861283	359.033237
289	-83.90078905861283	360.142436546
290	-83.90078905861283	361.266241818
291	-83.90078905861283	362.784618359
292	-83.90078905861283	363.867663532
293	-83.90078905861283	365.127039395
294	-83.90078905861283	366.354336316
295	-83.90078905861283	367.309493366
296	-83.90078905861283	368.270640841
297	-83.90078905861283	369.076968078
298	-83.90078905861283	370.625435876
299	-83.90078905861283	372.035876984
300	-83.90078905861283	373.376796993
301	-83.90078905861283	374.159477842
302	-83.90078905861283	375.211797422
303	-83.90078905861283	376.355737276
304	-83.90078905861283	377.673581657
305	-83.90078905861283	379.019244799
306	-83.90078905861283	379.883218055
307	-83.90078905861283	380.637165843
308	-83.90078905861283	381.38825669
309	-83.90078905861283	382.276424002
310	-83.90078905861283	383.198658797
311	-83.90078905861283	384.283284254
312	-83.90078905861283	385.489308493
313	-83.90078905861283	387.382438462
314	-83.90078905861283	388.433451163
315	-83.90078905861283	389.548992088
316	-83.90078905861283	391.082171641
317	-83.90078905861283	392.89947933
318	-83.90078905861283	393.550049507
319	-83.90078905861283	394.248655704
320	-83.90078905861283	394.97147905
321	-83.90078905861283	395.63942494
322	-83.90078905861283	396.544224436
323	-83.90078905861283	397.422036226
324	-83.90078905861283	398.452153711
325	-83.90078905861283	399.724954435
326	-83.90078905861283	400.516060711
327	-83.90078905861283	401.490134129
328	-83.90078905861283	402.581952545
329	-83.90078905861283	404.091880282
330	-83.90078905861283	405.293000878
331	-83.90078905861283	406.231481553
332	-83.90078905861283	407.255854934
333	-83.90078905861283	408.224660359
334	-83.90078905861283	409.233985261
335	-83.90078905861283	410.433944379
336	-83.90078905861283	411.761348582
337	-83.90078905861283	413.250155306
338	-83.90078905861283	414.196481238
339	-83.90078905861283	415.179858177
340	-83.90078905861283	416.349201177
341	-83.90078905861283	417.57211333
342	-83.90078905861283	419.097315057
343	-83.90078905861283	420.293372928
344	-83.90078905861283	421.338409173
345	-83.90078905861283	422.249885321
346	-83.90078905861283	422.915353161
347	-83.90078905861283	423.718629022
348	-83.90078905861283	424.467417152
349	-83.90078905861283	425.338110108
350	-83.90078905861283	426.14872062
351	-83.90078905861283	427.22999592
352	-83.90078905861283	428.437257188
353	-83.90078905861283	429.243214372
354	-83.90078905861283	430.530722315
355	-83.90078905861283	431.812193077
356	-83.90078905861283	432.722618933
357	-83.90078905861283	433.983461897
358	-83.90078905861283	435.217540385
359	-83.90078905861283	436.357234882
360	-83.90078905861283	437.199025145
361	-83.90078905861283	438.172743049
362	-83.90078905861283	439.245982364
363	-83.90078905861283	440.393579707
364	-83.90078905861283	441.354592047
365	-83.90078905861283	442.517060255
366	-83.90078905861283	443.86921274
367	-83.90078905861283	445.306521245
368	-83.90078905861283	446.665071273
369	-83.90078905861283	447.561264022
370	-83.90078905861283	448.361554363
371	-83.90078905861283	449.122953977
372	-83.90078905861283	450.019222277
373	-83.90078905861283	450.835645885
374	-83.90078905861283	451.567190017
375	-83.90078905861283	452.413585141
376	-83.90078905861283	453.288083266
377	-83.90078905861283	454.748315442
378	-83.90078905861283	455.756102825
379	-83.90078905861283	456.559479325
380	-83.90078905861283	457.600928499
381	-83.90078905861283	458.888249135
382	-83.90078905861283	459.936792055
383	-83.90078905861283	461.090477612
384	-83.90078905861283	461.9287153
385	-83.90078905861283	462.89502956
386	-83.90078905861283	463.914750184
387	-83.90078905861283	464.913651711
388	-83.90078905861283	466.105497582
389	-83.90078905861283	467.484202148
390	-83.90078905861283	468.734618886
391	-83.90078905861283	469.689137036
392	-83.90078905861283	470.829770353
393	-83.90078905861283	471.947166964
394	-83.90078905861283	472.980546511
395	-83.90078905861283	473.920150747
396	-83.90078905861283	474.889967405
397	-83.90078905861283	475.811506567
398	-83.90078905861283	476.724012764
399	-83.90078905861283	477.452633242
400	-83.90078905861283	478.386000159
401	-83.90078905861283	479.333461626
402	-83.90078905861283	480.463481979
403	-83.90078905861283	481.407357801
404	-83.90078905861283	482.51801618
405	-83.90078905861283	483.61928209
406	-83.90078905861283	484.438004993
407	-83.90078905861283	485.098965474
408	-83.90078905861283	485.746029547
409	-83.90078905861283	486.66154008
410	-83.90078905861283	487.401690673
411	-83.90078905861283	488.342832429
412	-83.90078905861283	489.280720676
413	-83.90078905861283	490.203372566
414	-83.90078905861283	491.025854453
415	-83.90078905861283	492.031133565
416	-83.90078905861283	492.910173546
417	-83.90078905861283	493.7936556
418	-83.90078905861283	495.020011991
419	-83.90078905861283	496.002766567
420	-83.90078905861283	497.31188218
421	-83.90078905861283	498.333960829
422	-83.90078905861283	499.258449018
423	-83.90078905861283	500.210242796
424	-83.90078905861283	500.899835129
425	-83.90078905861283	501.728601661
426	-83.90078905861283	502.740107544
427	-83.90078905861283	503.749015067
428	-83.90078905861283	504.637045533
429	-83.90078905861283	505.921241523
430	-83.90078905861283	507.122450498
431	-83.90078905861283	508.392338687
432	-83.90078905861283	510.018873035
433	-83.90078905861283	511.217424921
434	-83.90078905861283	512.021316303
435	-83.90078905861283	513.230293275
436	-83.90078905861283	514.253906592
437	-83.90078905861283	515.352820464
438	-83.90078905861283	516.833410737
439	-83.90078905861283	517.683182817
440	-83.90078905861283	518.399917665
441	-83.90078905861283	519.335598702
442	-83.90078905861283	520.128734573
443	-83.90078905861283	520.808063469
444	-83.90078905861283	521.68760978
445	-83.90078905861283	522.653218429
446	-83.90078905861283	523.845388168
447	-83.90078905861283	525.254883899
448	-83.90078905861283	526.323395191
449	-83.90078905861283	527.776603755
450	-83.90078905861283	528.810434893
451	-83.90078905861283	530.141689596
452	-83.90078905861283	531.424875207
453	-83.90078905861283	532.475182012
454	-83.90078905861283	533.358835123
455	-83.90078905861283	534.271897256
456	-83.90078905861283	535.551036508
457	-83.90078905861283	536.492665207
458	-83.90078905861283	537.635203531
459	-83.90078905861283	538.405314237
460	-83.90078905861283	539.264512714
461	-83.90078905861283	540.27413269
462	-83.90078905861283	541.157351315
463	-83.90078905861283	542.046328298
464	-83.90078905861283	543.488273311
465	-83.90078905861283	544.758237335
466	-83.90078905861283	546.042333541
467	-83.90078905861283	547.136268505
468	-83.90078905861283	548.487191659
469	-83.90078905861283	549.570441815
470	-83.90078905861283	550.691320297
471	-83.90078905861283	552.076955819
472	-83.90078905861283	553.769246581
473	-83.90078905861283	555.096569247
474	-83.90078905861283	556.110351617
475	-83.90078905861283	557.054847806
476	-83.90078905861283	558.216310198
477	-83.90078905861283	559.620489469
478	-83.90078905861283	560.981359603
479	-83.90078905861283	561.966723372
480	-83.90078905861283	563.030779192
481	-83.90078905861283	563.988246084
482	-83.90078905861283	565.097423393
483	-83.90078905861283	566.088797259
484	-83.90078905861283	567.042664822
485	-83.90078905861283	568.282282999
486	-83.90078905861283	569.244908694
487	-83.90078905861283	571.098311465
488	-83.90078905861283	572.554573972
489	-83.90078905861283	573.930511972
490	-83.90078905861283	575.256139175
491	-83.90078905861283	576.398061978
492	-83.90078905861283	577.301261519
493	-83.90078905861283	578.327838974
494	-83.90078905861283	579.881240063
495	-83.90078905861283	580.771017594
496	-83.90078905861283	581.700592742
497	-83.90078905861283	582.668172256
498	-83.90078905861283	584.246035391
499	-83.90078905861283	585.449809656
500	-83.90078905861283	586.575854068
501	-83.90078905861283	587.727970745
502	-83.90078905861283	588.701673824
503	-83.90078905861283	589.471643407
504	-83.90078905861283	590.56318414
505	-83.90078905861283	591.550535595
506	-83.90078905861283	592.510233359
507	-83.90078905861283	593.946396066
508	-83.90078905861283	595.58513307
509	-83.90078905861283	596.600222318
510	-83.90078905861283	597.720945137
511	-83.90078905861283	598.459673959
512	-83.90078905861283	599.258178748
513	-83.90078905861283	600.065337324
514	-83.90078905861283	600.948279406
515	-83.90078905861283	601.95375666
516	-83.90078905861283	603.037961032
517	-83.90078905861283	604.199789486
518	-83.90078905861283	605.043250978
519	-83.90078905861283	605.854821121
520	-83.90078905861283	606.661298604
521	-83.90078905861283	608.628658595
522	-83.90078905861283	609.748662404
523	-83.90078905861283	610.680314187
524	-83.90078905861283	612.288719314
525	-83.90078905861283	614.069632002
526	-83.90078905861283	615.514053354
527	-83.90078905861283	616.648431961
528	-83.90078905861283	617.729418745
529	-83.90078905861283	619.097311065
530	-83.90078905861283	619.867607938
531	-83.90078905861283	620.691211106
532	-83.90078905861283	621.864213877
533	-83.90078905861283	623.204786069
534	-83.90078905861283	624.254953748
535	-83.90078905861283	625.232161791
536	-83.90078905861283	626.112576502
537	-83.90078905861283	627.099619483
538	-83.90078905861283	628.265186109
539	-83.90078905861283	629.634120454
540	-83.90078905861283	630.595087463
541	-83.90078905861283	631.521004836
542	-83.90078905861283	632.235628266
543	-83.90078905861283	632.90473307
544	-83.90078905861283	633.717306749
545	-83.90078905861283	634.602293536
546	-83.90078905861283	635.609552637
547	-83.90078905861283	636.561175643
548	-83.90078905861283	637.308963658
549	-83.90078905861283	638.611815155
550	-83.90078905861283	639.537122994
551	-83.90078905861283	640.289356503
552	-83.90078905861283	641.272655895
553	-83.90078905861283	642.208265659
554	-83.90078905861283	643.023373837
555	-83.90078905861283	644.015407129
556	-83.90078905861283	645.333253792
557	-83.90078905861283	646.5218376
558	-83.90078905861283	647.75015944
559	-83.90078905861283	648.743346799
560	-83.90078905861283	650.512992513
561	-83.90078905861283	651.875785046
562	-83.90078905861283	653.065776371
563	-83.90078905861283	653.823269321
564	-83.90078905861283	654.726682113
565	-83.90078905861283	655.622315221
566	-83.90078905861283	656.607107658
567	-83.90078905861283	657.531082676
568	-83.90078905861283	658.514350708
569	-83.90078905861283	659.772450199
570	-83.90078905861283	660.877771876
571	-83.90078905861283	661.879561706
572	-83.90078905861283	662.740502116
573	-83.90078905861283	663.720656336
574	-83.90078905861283	664.642799045
575	-83.90078905861283	665.778981451
576	-83.90078905861283	666.687322404
577	-83.90078905861283	667.550188349
578	-83.90078905861283	668.437295961
579	-83.90078905861283	669.183832407
580	-83.90078905861283	669.920888574
581	-83.90078905861283	670.71502513
582	-83.90078905861283	671.525795866
583	-83.90078905861283	672.462585924
584	-83.90078905861283	673.561800857
585	-83.90078905861283	674.488188067
586	-83.90078905861283	675.489886096
587	-83.90078905861283	676.571726456
588	-83.90078905861283	677.514105526
589	-83.90078905861283	678.666609078
590	-83.90078905861283	679.746764808
591	-83.90078905861283	680.911431388
592	-83.90078905861283	682.600439275
593	-83.90078905861283	683.811701002
594	-83.90078905861283	684.631134934
595	-83.90078905861283	685.77004827
596	-83.90078905861283	686.835924709
597	-83.90078905861283	687.830684084
598	-83.90078905861283	689.009331175
599	-83.90078905861283	690.272336303
600	-83.90078905861283	691.169453618
601	-83.90078905861283	692.133422968
602	-83.90078905861283	693.107988746
603	-83.90078905861283	693.967697544
604	-83.90078905861283	695.168375101
605	-83.90078905861283	696.10693988
606	-83.90078905861283	697.064678183
607	-83.90078905861283	698.212900741
608	-83.90078905861283	699.175405556
609	-83.90078905861283	700.079169015
610	-83.90078905861283	700.858563855
611	-83.90078905861283	701.911159406
612	-83.90078905861283	703.011248442
613	-83.90078905861283	705.078353927
614	-83.90078905861283	705.993356706
615	-83.90078905861283	707.364228274
616	-83.90078905861283	708.399171
617	-83.90078905861283	709.228728956
618	-83.90078905861283	710.127852772
619	-83.90078905861283	711.924701441
620	-83.90078905861283	716.526416233
621	-83.90078905861283	717.993061347
622	-83.90078905861283	719.709901964
623	-83.90078905861283	720.800747349
624	-83.90078905861283	722.380917477
625	-83.90078905861283	723.341373596
626	-83.90078905861283	724.399426445
627	-83.90078905861283	725.728959741
628	-83.90078905861283	727.777727601
629	-83.90078905861283	728.819901773
630	-83.90078905861283	729.995301912
631	-83.90078905861283	730.961149186
632	-83.90078905861283	732.342389676
633	-83.90078905861283	733.493491128
634	-83.90078905861283	735.199290284
635	-83.90078905861283	736.597279847
636	-83.90078905861283	737.886329302
637	-83.90078905861283	738.92108358
638	-83.90078905861283	740.110956875
639	-83.90078905861283	740.973120915
640	-83.90078905861283	741.886969911
641	-83.90078905861283	742.796969549
642	-83.90078905861283	743.568511149
643	-83.90078905861283	744.366888785
644	-83.90078905861283	744.994347983
645	-83.90078905861283	745.65496977
646	-83.90078905861283	746.382212096
647	-83.90078905861283	747.238503454
648	-83.90078905861283	748.167887588
649	-83.90078905861283	749.029677583
650	-83.90078905861283	749.804458152
651	-83.90078905861283	750.567166639
652	-83.90078905861283	751.269435172
653	-83.90078905861283	752.027703297
654	-83.90078905861283	752.91388663
655	-83.90078905861283	753.767262032
656	-83.90078905861283	754.776348594
657	-83.90078905861283	755.69359821
658	-83.90078905861283	756.719851226
659	-83.90078905861283	757.631131513
660	-83.90078905861283	758.533321245
661	-83.90078905861283	759.366627922
662	-83.90078905861283	760.09390503
663	-83.90078905861283	760.916511504
664	-83.90078905861283	761.872696607
665	-83.90078905861283	763.092225532
666	-83.90078905861283	764.114981567
667	-83.90078905861283	765.024475161
668	-83.90078905861283	765.976553464
669	-83.90078905861283	767.077878388
670	-83.90078905861283	768.025719317
671	-83.90078905861283	768.738274665
672	-83.90078905861283	769.47163685
673	-83.90078905861283	770.368902984
674	-83.90078905861283	771.478606009
675	-83.90078905861283	772.580332632
676	-83.90078905861283	773.847000097
677	-83.90078905861283	775.100143774
678	-83.90078905861283	776.018211043
679	-83.90078905861283	776.853656791
680	-83.90078905861283	777.735049095
681	-83.90078905861283	778.579015206
682	-83.90078905861283	779.277599166
683	-83.90078905861283	780.284295773
684	-83.90078905861283	781.751676148
685	-83.90078905861283	782.874670608
686	-83.90078905861283	783.932039228
687	-83.90078905861283	784.957829249
688	-83.90078905861283	785.765586811
689	-83.90078905861283	786.678730481
690	-83.90078905861283	787.854891255
691	-83.90078905861283	788.932881115
692	-83.90078905861283	790.052219226
693	-83.90078905861283	791.143842066
694	-83.90078905861283	792.661233888
695	-83.90078905861283	793.901164245
696	-83.90078905861283	794.944479084
697	-83.90078905861283	796.280028749
698	-83.90078905861283	797.441178961
699	-83.90078905861283	798.927234799
700	-83.90078905861283	800.520503068
701	-83.90078905861283	801.937052347
702	-83.90078905861283	803.65705952
703	-83.90078905861283	805.125783835
704	-83.90078905861283	805.927483688
705	-83.90078905861283	806.855954091
706	-83.90078905861283	807.876397146
707	-83.90078905861283	808.733766451
708	-83.90078905861283	809.67312579
709	-83.90078905861283	811.029364263
710	-83.90078905861283	811.788224531
711	-83.90078905861283	812.63276454
712	-83.90078905861283	813.30850608
713	-83.90078905861283	814.270270217
714	-83.90078905861283	815.539707384
715	-83.90078905861283	816.783760791
716	-83.90078905861283	817.745249241
717	-83.90078905861283	818.764919972
718	-83.90078905861283	819.92565366
719	-83.90078905861283	820.952408159
720	-83.90078905861283	822.114623773
721	-83.90078905861283	823.491844417
722	-83.90078905861283	824.611192506
723	-83.90078905861283	825.882524703
724	-83.90078905861283	827.055825399
725	-83.90078905861283	828.105408062
726	-83.90078905861283	829.13943221
727	-83.90078905861283	829.902258441
728	-83.90078905861283	831.198794503
729	-83.90078905861283	832.138663022
730	-83.90078905861283	832.911212149
731	-83.90078905861283	834.412858718
732	-83.90078905861283	836.378965714
733	-83.90078905861283	837.848139339
734	-83.90078905861283	838.872684348
735	-83.90078905861283	839.947267602
736	-83.90078905861283	840.843058938
737	-83.90078905861283	841.586603592
738	-83.90078905861283	842.577784734
739	-83.90078905861283	843.459892342
740	-83.90078905861283	844.267564375
741	-83.90078905861283	845.445591954
742	-83.90078905861283	846.473757675
743	-83.90078905861283	847.648880416
744	-83.90078905861283	848.828857762
745	-83.90078905861283	849.98711226
746	-83.90078905861283	850.948509763
747	-83.90078905861283	852.185668422
748	-83.90078905861283	853.248422211
749	-83.90078905861283	854.248934527
750	-83.90078905861283	855.516142818
751	-83.90078905861283	856.991867367
752	-83.90078905861283	858.014950406
753	-83.90078905861283	858.833566684
754	-83.90078905861283	859.684333178
755	-83.90078905861283	860.768484236
756	-83.90078905861283	861.812549446
757	-83.90078905861283	862.687368589
758	-83.90078905861283	863.527780985
759	-83.90078905861283	864.401380775
760	-83.90078905861283	865.39279712
761	-83.90078905861283	866.340109768
762	-83.90078905861283	867.623369789
763	-83.90078905861283	868.604941788
764	-83.90078905861283	869.573342092
765	-83.90078905861283	870.741165533
766	-83.90078905861283	871.677556743
767	-83.90078905861283	872.712553637
768	-83.90078905861283	873.840790718
769	-83.90078905861283	874.663434254
770	-83.90078905861283	875.847520112
771	-83.90078905861283	877.387713583
772	-83.90078905861283	878.51256316
773	-83.90078905861283	879.307203764
774	-83.90078905861283	880.079474067
775	-83.90078905861283	880.979892502
776	-83.90078905861283	882.223979551
777	-83.90078905861283	883.521722992
778	-83.90078905861283	884.835635337
779	-83.90078905861283	886.006473948
780	-83.90078905861283	887.041722581
781	-83.90078905861283	887.836111446
782	-83.90078905861283	888.673366695
783	-83.90078905861283	889.585079187
784	-83.90078905861283	890.597445773
785	-83.90078905861283	891.502424309
786	-83.90078905861283	892.473639931
787	-83.90078905861283	893.629071698
788	-83.90078905861283	894.793015275
789	-83.90078905861283	896.107860453
790	-83.90078905861283	897.23998538
791	-83.90078905861283	898.691180886
792	-83.90078905861283	899.781799905
793	-83.90078905861283	900.79698637
794	-83.90078905861283	901.693025453
795	-83.90078905861283	902.5537777
796	-83.90078905861283	903.853252811
797	-83.90078905861283	904.723131534
798	-83.90078905861283	905.915743742
799	-83.90078905861283	906.848952716
800	-83.90078905861283	907.838114527
801	-83.90078905861283	908.71599588
802	-83.90078905861283	909.860247914
803	-83.90078905861283	910.829140007
804	-83.90078905861283	911.68998491
805	-83.90078905861283	912.488513646
806	-83.90078905861283	913.179211295
807	-83.90078905861283	913.948248046
808	-83.90078905861283	914.743193132
809	-83.90078905861283	915.628036231
810	-83.90078905861283	916.746033253
811	-83.90078905861283	918.027642001
812	-83.90078905861283	919.033085614
813	-83.90078905861283	920.547831464
814	-83.90078905861283	921.903572731
815	-83.90078905861283	922.871899195
816	-83.90078905861283	924.040309648
817	-83.90078905861283	925.205859738
818	-83.90078905861283	926.083936382
819	-83.90078905861283	926.963651184
820	-83.90078905861283	927.885717487
821	-83.90078905861283	928.610887169
822	-83.90078905861283	929.380615846
823	-83.90078905861283	930.290472651
824	-83.90078905861283	931.243860398
825	-83.90078905861283	932.090122383
826	-83.90078905861283	932.956662638
827	-83.90078905861283	933.695651753
828	-83.90078905861283	934.396697226
829	-83.90078905861283	935.264893886
830	-83.90078905861283	936.15806833
831	-83.90078905861283	937.243816493
832	-83.90078905861283	938.30203983
833	-83.90078905861283	939.33644344
834	-83.90078905861283	940.869825125
835	-83.90078905861283	942.229405773
836	-83.90078905861283	943.169960232
837	-83.90078905861283	943.924535516
838	-83.90078905861283	945.01957494
839	-83.90078905861283	946.274065692
840	-83.90078905861283	947.490902461
841	-83.90078905861283	948.809551953
842	-83.90078905861283	949.834239509
843	-83.90078905861283	950.841700458
844	-83.90078905861283	951.684695819
845	-83.90078905861283	952.420971965
846	-83.90078905861283	953.242724863
847	-83.90078905861283	954.03501457
848	-83.90078905861283	955.319249047
849	-83.90078905861283	956.57753214
850	-83.90078905861283	957.868283899
851	-83.90078905861283	959.532825179
852	-83.90078905861283	960.919414061
853	-83.90078905861283	961.998012315
854	-83.90078905861283	963.145204538
855	-83.90078905861283	964.09639819
856	-83.90078905861283	965.142839671
857	-83.90078905861283	966.106604892
858	-83.90078905861283	967.449942226
859	-83.90078905861283	968.671900449
860	-83.90078905861283	969.703585104
861	-83.90078905861283	970.76689882
862	-83.90078905861283	972.178249098
863	-83.90078905861283	973.913793974
864	-83.90078905861283	975.079329239
865	-83.90078905861283	976.534217015
866	-83.90078905861283	978.134172769
867	-83.90078905861283	979.214535478
868	-83.90078905861283	980.091961819
869	-83.90078905861283	981.090625292
870	-83.90078905861283	981.936650647
871	-83.90078905866164	982.597091969
872	-83.90078905866164	983.300011661
873	-83.90078905866164	984.124531695
874	-83.90078905866164	984.870853465
875	-83.90078905866164	985.68232411
876	-83.90078905866164	986.845705764
877	-83.90078905866164	988.138489684
878	-83.90078905866164	989.538671917
879	-83.90078905866164	990.609502745
880	-83.90078905866164	991.754933363
881	-83.90078905866164	992.85713182
882	-83.90078905866164	994.181256
883	-83.90078905866164	995.322506548
884	-83.90078905866164	996.805853409
885	-83.90078905866164	997.768214251
886	-83.90078905866164	999.05690591
887	-83.90078905866164	1000.301359307
888	-83.90078905866164	1001.379349737
889	-83.90078905866164	1003.254917541
890	-83.90078905866164	1004.334311781
891	-83.90078905866164	1005.542498754
892	-83.90078905866164	1006.699498831
893	-83.90078905866164	1008.054534486
894	-83.90078905866164	1008.778724865
895	-83.90078905866164	1009.583100054
896	-83.90078905866164	1010.270225457
897	-83.90078905866164	1011.063272092
898	-83.90078905866164	1011.904201081
899	-83.90078905866164	1012.724223165
900	-83.90078905866164	1013.574058251
901	-83.90078905866164	1014.977649941
902	-83.90078905866164	1015.925422733
903	-83.90078905866164	1017.079058683
904	-83.90078905866164	1017.968199312
905	-83.90078905866164	1018.907612819
906	-83.90078905866164	1019.779998101
907	-83.90078905866164	1020.97610843
908	-83.90078905866164	1021.888018778
909	-83.90078905866164	1023.134212967
910	-83.90078905866164	1024.161644853
911	-83.90078905866164	1025.036677247
912	-83.90078905866164	1025.896992443
913	-83.90078905866164	1026.910517657
914	-83.90078905866164	1027.867608508
915	-83.90078905866164	1028.865850039
916	-83.90078905866164	1029.836799097
917	-83.90078905866164	1030.752014556
918	-83.90078905866164	1031.668955983
919	-83.90078905866164	1032.597652467
920	-83.90078905866164	1033.693892999
921	-83.90078905866164	1034.632062635
922	-83.90078905866164	1035.703856515
923	-83.90078905866164	1036.711119322
924	-83.90078905866164	1037.730021437
925	-83.90078905866164	1038.898571016
926	-83.90078905866164	1039.972683863
927	-83.90078905866164	1040.715807147
928	-83.90078905866164	1041.900208319
929	-83.90078905866164	1043.129868397
930	-83.90078905866164	1044.049149033
931	-83.90078905866164	1044.908165049
932	-83.90078905866164	1045.766178954
933	-83.90078905866164	1046.733757898
934	-83.90078905866164	1047.8584444
935	-83.90078905866164	1048.994172649
936	-83.90078905866164	1050.524821979
937	-83.90078905866164	1051.514945132
938	-83.90078905866164	1052.365399446
939	-83.90078905866164	1053.489865854
940	-83.90078905866164	1054.696911875
941	-83.90078905866164	1055.854888119
942	-83.90078905866164	1057.820975443
943	-83.90078905866164	1059.30207062
944	-83.90078905866164	1060.305024209
945	-83.90078905866164	1061.328175386
946	-83.90078905866164	1062.568496324
947	-83.90078905866164	1064.012467795
948	-83.90078905866164	1065.077923148
949	-83.90078905866164	1065.863804194
950	-83.90078905866164	1066.656274082
951	-83.90078905866164	1067.490262992
952	-83.90078905866164	1068.517377567
953	-83.90078905866164	1069.521397983
954	-83.90078905866164	1070.867892178
955	-83.90078905866164	1072.367450993
956	-83.90078905866164	1073.638732443
957	-83.90078905866164	1074.811505712
958	-83.90078905866164	1075.92817875
959	-83.90078905866164	1077.120524964
960	-83.90078905866164	1078.235992618
961	-83.90078905866164	1079.237694638
962	-83.90078905866164	1080.351442027
963	-83.90078905866164	1081.506529399
964	-83.90078905866164	1082.763243611
965	-83.90078905866164	1084.260243124
966	-83.90078905866164	1085.412830779
967	-83.90078905866164	1086.396757952
968	-83.90078905866164	1087.484833349
969	-83.90078905866164	1088.752919164
970	-83.90078905866164	1090.01548268
971	-83.90078905866164	1091.139139702
972	-83.90078905866164	1092.700887816
973	-83.90078905866164	1094.005955644
974	-83.90078905866164	1095.211244051
975	-83.90078905866164	1096.267868857
976	-83.90078905866164	1097.331878776
977	-83.90078905866164	1098.494441922
978	-83.90078905866164	1100.294282952
979	-83.90078905866164	1101.755934334
980	-83.90078905866164	1102.766752566
981	-83.90078905866164	1103.505597992
982	-83.90078905866164	1104.415791495
983	-83.90078905866164	1105.173689566
984	-83.90078905866164	1106.213749185
985	-83.90078905866164	1107.188365425
986	-83.90078905866164	1108.001833734
987	-83.90078905866164	1109.070844513
988	-83.90078905866164	1109.98729244
989	-83.90078905866164	1110.845646749
990	-83.90078905866164	1111.69547984
991	-83.90078905866164	1112.700106939
992	-83.90078905866164	1113.744622031
993	-83.90078905866164	1114.715832235
994	-83.90078905866164	1115.560662756
995	-83.90078905866164	1116.664604856
996	-83.90078905866164	1117.397554793
997	-83.90078905866164	1118.116705825
998	-83.90078905866164	1119.585730915
999	-83.90078905866164	1120.807004625
1000	-83.90078905866164	1121.898945061
1001	-83.90078905866164	1123.096316082
1002	-83.90078905866164	1127.689871727
1003	-83.90078905866164	1128.899842257
1004	-83.90078905866164	1129.790190835
1005	-83.90078905866164	1130.734507129
1006	-83.90078905866164	1131.911464744
1007	-83.90078905866164	1133.782319634
1008	-83.90078905866164	1134.948935696
1009	-83.90078905866164	1136.09615985
1010	-83.90078905866164	1136.952789617
1011	-83.90078905866164	1138.166677643
1012	-83.90078905866164	1139.236782333
1013	-83.90078905866164	1140.212169756
1014	-83.90078905866164	1141.205594029
1015	-83.90078905866164	1142.4371135
1016	-83.90078905866164	1143.583992973
1017	-83.90078905866164	1144.851631758
1018	-83.90078905866164	1146.169419121
1019	-83.90078905866164	1147.310933668
1020	-83.90078905866164	1148.269322274
1021	-83.90078905866164	1149.600831567
1022	-83.90078905866164	1150.899718525
1023	-83.90078905866164	1151.811901139
1024	-83.90078905866164	1153.072013404
1025	-83.90078905866164	1154.421166115
1026	-83.90078905866164	1155.709783365
1027	-83.90078905866164	1156.675024811
1028	-83.90078905866164	1157.869706526
1029	-83.90078905866164	1159.28006068
1030	-83.90078905866164	1160.500047754
1031	-83.90078905866164	1161.962866031
1032	-83.90078905866164	1163.175802123
1033	-83.90078905866164	1164.292700958
1034	-83.90078905866164	1165.504110079
1035	-83.90078905866164	1166.434091488
1036	-83.90078905866164	1167.378597085
1037	-83.90078905866164	1168.406854893
1038	-83.90078905866164	1169.391628229
1039	-83.90078905866164	1170.347652253
1040	-83.90078905866164	1171.404229163
1041	-83.90078905866164	1173.006070823
1042	-83.90078905866164	1174.062437048
1043	-83.90078905866164	1175.324471996
1044	-83.90078905866164	1177.000977022
1045	-83.90078905866164	1178.984962925
1046	-83.90078905866164	1180.570738885
1047	-83.90078905866164	1181.897751652
1048	-83.90078905866164	1182.957644507
1049	-83.90078905866164	1184.712963605
1050	-83.90078905866164	1185.725675441
1051	-83.90078905866164	1186.654664148
1052	-83.90078905866164	1187.770837414
1053	-83.90078905866164	1188.768056878
1054	-83.90078905866164	1189.862442863
1055	-83.90078905866164	1191.165742815
1056	-83.90078905866164	1192.074197806
1057	-83.90078905866164	1192.667643689
1058	-83.90078905866164	1193.604861961
1059	-83.90078905866164	1194.50002181
1060	-83.90078905866164	1195.17093811
1061	-83.90078905866164	1195.902887932
1062	-83.90078905866164	1196.833905378
1063	-83.90078905866164	1197.474060447
1064	-83.90078905866164	1198.295266532
1065	-83.90078905866164	1199.110637568
1066	-83.90078905866164	1199.953451893
1067	-83.90078905866164	1200.921899238
1068	-83.90078905866164	1202.191481519
1069	-83.90078905866164	1203.387879223
1070	-83.90078905866164	1204.365047068
1071	-83.90078905866164	1205.452857042
1072	-83.90078905866164	1206.45403135
1073	-83.90078905866164	1207.387194424
1074	-83.90078905866164	1208.334984036
1075	-83.90078905866164	1209.406337729
1076	-83.90078905866164	1210.235329201
1077	-83.90078905866164	1211.22827879
1078	-83.90078905866164	1212.247513326
1079	-83.90078905866164	1213.298718753
1080	-83.90078905866164	1214.680468709
1081	-83.90078905866164	1215.835390725
1082	-83.90078905866164	1217.207698604
1083	-83.90078905866164	1218.294942378
1084	-83.90078905866164	1219.62825661
1085	-83.90078905866164	1220.730391205
1086	-83.90078905866164	1221.754010509
1087	-83.90078905866164	1222.775816036
1088	-83.90078905866164	1224.23583268
1089	-83.90078905866164	1225.757098949
1090	-83.90078905866164	1227.45951174
1091	-83.90078905866164	1228.935671059
1092	-83.90078905866164	1230.654343415
1093	-83.90078905866164	1231.904146913
1094	-83.90078905866164	1232.990425069
1095	-83.90078905866164	1234.03288063
1096	-83.90078905866164	1234.820665829
1097	-83.90078905866164	1236.063028621
1098	-83.90078905866164	1237.691297205
1099	-83.90078905866164	1238.827183397
1100	-83.90078905866164	1240.37160911
1101	-83.90078905866164	1241.81438204
1102	-83.90078905866164	1243.187795234
1103	-83.90078905866164	1244.476333798
1104	-83.90078905866164	1245.718991663
1105	-83.90078905866164	1246.933629776
1106	-83.90078905866164	1247.842110425
1107	-83.90078905866164	1249.266694264
1108	-83.90078905866164	1250.54292098
1109	-83.90078905866164	1251.53430682
1110	-83.90078905866164	1252.735942584
1111	-83.90078905866164	1253.719564705
1112	-83.90078905866164	1254.830903322
1113	-83.90078905866164	1255.782161406
1114	-83.90078905866164	1257.104673941
1115	-83.90078905866164	1258.762990161
1116	-83.90078905866164	1260.031669545
1117	-83.90078905866164	1260.827121531
1118	-83.90078905866164	1261.489490383
1119	-83.90078905866164	1262.496208373
1120	-83.90078905866164	1264.193925357
1121	-83.90078905866164	1265.335059587
1122	-83.90078905866164	1267.583227777
1123	-83.90078905866164	1268.712451858
1124	-83.90078905866164	1269.429521408
1125	-83.90078905866164	1270.106122796
1126	-83.90078905866164	1270.851977864
1127	-83.90078905866164	1271.939828321
1128	-83.90078905866164	1272.752295945
1129	-83.90078905866164	1273.608878101
1130	-83.90078905866164	1274.905026148
1131	-83.90078905866164	1275.942334596
1132	-83.90078905866164	1276.992324945
1133	-83.90078905866164	1278.101271611
1134	-83.90078905866164	1279.09138222
1135	-83.90078905866164	1280.078868525
1136	-83.90078905866164	1281.021592846
1137	-83.90078905866164	1282.136436997
1138	-83.90078905866164	1283.288524309
1139	-83.90078905866164	1284.471992649
1140	-83.90078905866164	1286.053101882
1141	-83.90078905866164	1287.228968436
1142	-83.90078905866164	1289.164572213
1143	-83.90078905866164	1290.259078794
1144	-83.90078905866164	1291.308628101
1145	-83.90078905866164	1292.662581534
1146	-83.90078905866164	1294.136844398
1147	-83.90078905866164	1295.248604102
1148	-83.90078905866164	1296.507149767
1149	-83.90078905866164	1297.504868718
1150	-83.90078905866164	1298.537274094
1151	-83.90078905866164	1299.552438037
1152	-83.90078905866164	1301.126853513
1153	-83.90078905866164	1302.278922864
1154	-83.90078905866164	1303.467959404
1155	-83.90078905866164	1305.127193347
1156	-83.90078905866164	1306.665975881
1157	-83.90078905866164	1308.163033838
1158	-83.90078905866164	1309.261827114
1159	-83.90078905866164	1310.735429697
1160	-83.90078905866164	1312.734378836
1161	-83.90078905866164	1314.340457299
1162	-83.90078905866164	1316.025982461
1163	-83.90078905866164	1317.017482624
1164	-83.90078905866164	1317.964217953
1165	-83.90078905866164	1318.784811938
1166	-83.90078905866164	1319.870952963
1167	-83.90078905866164	1321.121736049
1168	-83.90078905866164	1322.129665409
1169	-83.90078905866164	1323.331538087
1170	-83.90078905866164	1324.282789044
1171	-83.90078905866164	1325.141777405
1172	-83.90078905866164	1326.084157331
1173	-83.90078905866164	1327.061909051
1174	-83.90078905866164	1327.944619066
1175	-83.90078905866164	1329.014176657
1176	-83.90078905866164	1329.896854171
1177	-83.90078905866164	1331.29227645
1178	-83.90078905866164	1332.62308954
1179	-83.90078905866164	1335.14916993
1180	-83.90078905866164	1336.704396486
1181	-83.90078905866164	1337.866670544
1182	-83.90078905866164	1338.866117744
1183	-83.90078905866164	1339.705476998
1184	-83.90078905866164	1340.494851889
1185	-83.90078905866164	1341.275042715
1186	-83.90078905866164	1342.284132128
1187	-83.90078905866164	1344.569091318
1188	-83.90078905866164	1346.665847873
1189	-83.90078905866164	1347.693784092
1190	-83.90078905866164	1348.739233726
1191	-83.90078905866164	1351.100115264
1192	-83.90078905866164	1352.274841152
1193	-83.90078905866164	1353.407752373
1194	-83.90078905866164	1354.779114591
1195	-83.90078905866164	1356.392480949
1196	-83.90078905866164	1357.605525378
1197	-83.90078905866164	1358.695485827
1198	-83.90078905866164	1359.60358787
1199	-83.90078905866164	1360.65665554
1200	-83.90078905866164	1361.654781892
1201	-83.90078905866164	1362.640522557
1202	-83.90078905866164	1363.684781348
1203	-83.90078905866164	1364.950765154
1204	-83.90078905866164	1365.823023284
1205	-83.90078905866164	1366.875648771
1206	-83.90078905866164	1369.535909627
1207	-83.90078905866164	1371.249310853
1208	-83.90078905866164	1372.400638101
1209	-83.90078905866164	1373.333661763
1210	-83.90078905866164	1374.333782644
1211	-83.90078905866164	1375.076441792
1212	-83.90078905866164	1376.17658471
1213	-83.90078905866164	1377.229280901
1214	-83.90078905866164	1378.623888662
1215	-83.90078905866164	1380.31401612
1216	-83.90078905866164	1381.675719873
1217	-83.90078905866164	1382.847444276
1218	-83.90078905866164	1384.305384285
1219	-83.90078905866164	1385.871477824
1220	-83.90078905866164	1387.174232958
1221	-83.90078905866164	1388.501412221
1222	-83.90078905866164	1390.905830117
1223	-83.90078905866164	1392.798565514
1224	-83.90078905866164	1395.146084912
1225	-83.90078905866164	1397.140713999
1226	-83.90078905866164	1399.278086394
1227	-83.90078905866164	1400.870611419
1228	-83.90078905866164	1402.940564438
1229	-83.90078905866164	1404.149139995
1230	-83.90078905866164	1405.005309333
1231	-83.90078905866164	1406.093668115
1232	-83.90078905866164	1407.047274815
1233	-83.90078905866164	1407.99120452
1234	-83.90078905866164	1409.318674865
1235	-83.90078905866164	1410.540542714
1236	-83.90078905866164	1411.593348096
1237	-83.90078905866164	1412.617930737
1238	-83.90078905866164	1413.631614464
1239	-83.90078905866164	1414.464624072
1240	-83.90078905866164	1415.367746352
1241	-83.90078905866164	1416.148355128
1242	-83.90078905866164	1416.932339434
1243	-83.90078905866164	1417.707458696
1244	-83.90078905866164	1418.487754437
1245	-83.90078905866164	1419.258825629
1246	-83.90078905866164	1420.074803634
1247	-83.90078905866164	1420.901088694
1248	-83.90078905866164	1421.805460263
1249	-83.90078905866164	1422.76594204
1250	-83.90078905866164	1423.873011637
1251	-83.90078905866164	1424.896604713
1252	-83.90078905866164	1426.920943028
1253	-83.90078905866164	1427.776356292
1254	-83.90078905866164	1428.668941729
1255	-83.90078905866164	1430.335316743
1256	-83.90078905866164	1431.319445478
1257	-83.90078905866164	1432.84469225
1258	-83.90078905866164	1433.900344595
1259	-83.90078905866164	1435.703106714
1260	-83.90078905866164	1437.669747408
1261	-83.90078905866164	1439.435851952
1262	-83.90078905866164	1441.340208411
1263	-83.90078905866164	1443.078611369
1264	-83.90078905866164	1444.871044479
1265	-83.90078905866164	1445.849399746
1266	-83.90078905866164	1446.765526371
1267	-83.90078905866164	1447.726176924
1268	-83.90078905866164	1448.595209484
1269	-83.90078905866164	1449.75089014
1270	-83.90078905866164	1450.735936597
1271	-83.90078905866164	1451.885368815
1272	-83.90078905866164	1452.873701569
1273	-83.90078905866164	1454.890392768
1274	-83.90078905866164	1456.297099981
1275	-83.90078905866164	1457.530355682
1276	-83.90078905866164	1458.833439246
1277	-83.90078905866164	1460.531553939
1278	-83.90078905866164	1461.769247722
1279	-83.90078905866164	1463.110621317
1280	-83.90078905866164	1464.032842998
1281	-83.90078905866164	1464.797186792
1282	-83.90078905866164	1465.815342242
1283	-83.90078905866164	1466.956490726
1284	-83.90078905866164	1467.860982034
1285	-83.90078905866164	1468.760606193
1286	-83.90078905866164	1469.911298818
1287	-83.90078905866164	1470.997657086
1288	-83.90078905866164	1472.102680268
1289	-83.90078905866164	1474.080980797
1290	-83.90078905866164	1476.361830906
1291	-83.90078905866164	1478.324010427
1292	-83.90078905866164	1481.028199363
1293	-83.90078905866164	1483.102218414
1294	-83.90078905866164	1485.008034561
1295	-83.90078905866164	1487.258537683
1296	-83.90078905866164	1490.88300908
1297	-83.90078905866164	1493.285247422
1298	-83.90078905866164	1495.499978761
1299	-83.90078905866164	1497.714444961
1300	-83.90078905866164	1499.710420553
1301	-83.90078905866164	1501.595829567
1302	-83.90078905866164	1504.655644306
1303	-83.90078905866164	1507.188955858
1304	-83.90078905866164	1509.00786892
1305	-83.90078905866164	1511.838380521
1306	-83.90078905866164	1513.92196595
1307	-83.90078905866164	1516.428789853
1308	-83.90078905866164	1518.652688436
1309	-83.90078905866164	1520.565882284
1310	-83.90078905866164	1523.553464381
1311	-83.90078905866164	1525.390231831
1312	-83.90078905866164	1527.01307904
1313	-83.90078905866164	1528.519772654
1314	-83.90078905866164	1530.451228006
1315	-83.90078905866164	1532.50553185
1316	-83.90078905866164	1534.028139208
1317	-83.90078905866164	1535.901380632
1318	-83.90078905866164	1537.620593529
1319	-83.90078905866164	1539.728143228
1320	-83.90078905866164	1542.60562117
1321	-83.90078905866164	1544.83780919
1322	-83.90078905866164	1547.181709872
1323	-83.90078905866164	1550.126424729
1324	-83.90078905866164	1552.484761505
1325	-83.90078905866164	1555.926447366
1326	-83.90078905866164	1558.177038868
1327	-83.90078905866164	1560.410629271
1328	-83.90078905866164	1562.459105479
1329	-83.90078905866164	1565.029143314
1330	-83.90078905866164	1568.184045089
1331	-83.90078905866164	1569.688998765
1332	-83.90078905866164	1572.686481657
1333	-83.90078905866164	1574.742070141
1334	-83.90078905866164	1577.060764678
1335	-83.90078905866164	1579.597625098
1336	-83.90078905866164	1581.771117093
1337	-83.90078905866164	1583.427971058
1338	-83.90078905866164	1585.444586422
1339	-83.90078905866164	1588.317987215
1340	-83.90078905866164	1590.114851849
1341	-83.90078905866164	1592.447808001
1342	-83.90078905866164	1594.226744692
1343	-83.90078905866164	1596.22579846
1344	-83.90078905866164	1598.665365206
1345	-83.90078905866164	1601.034995469
1346	-83.90078905866164	1603.00637445
1347	-83.90078905866164	1605.10499952
1348	-83.90078905866164	1607.44858289
1349	-83.90078905866164	1609.530126751
1350	-83.90078905866164	1611.295230895
1351	-83.90078905866164	1613.730154006
1352	-83.90078905866164	1616.243814213
1353	-83.90078905866164	1619.755882161
1354	-83.90078905866164	1623.329748543
1355	-83.90078905866164	1625.938897485
1356	-83.90078905866164	1628.624929261
1357	-83.90078905866164	1629.843655357
1358	-83.90078905866164	1631.071559247
1359	-83.90078905866164	1632.233239452
1360	-83.90078905866164	1633.269905865
1361	-83.90078905866164	1634.279765321
1362	-83.90078905866164	1635.273224946
1363	-83.90078905866164	1636.217426632
1364	-83.90078905866164	1637.288887806
1365	-83.90078905866164	1638.12729313
1366	-83.90078905866164	1639.075267484
1367	-83.90078905866164	1639.952710075
1368	-83.90078905866164	1641.192523828
1369	-83.90078905866164	1642.333954842
1370	-83.90078905866164	1643.465267247
1371	-83.90078905866164	1644.421483711
1372	-83.90078905866164	1645.673861906
1373	-83.90078905866164	1646.702594112
1374	-83.90078905866164	1647.700319336
1375	-83.90078905866164	1649.125213073
1376	-83.90078905866164	1652.244808055
1377	-83.90078905866164	1654.680616388
1378	-83.90078905866164	1656.524745574
1379	-83.90078905866164	1658.394279332
1380	-83.90078905866164	1660.214173122
1381	-83.90078905866164	1661.205890244
1382	-83.90078905866164	1662.28830336
1383	-83.90078905866164	1663.492214471
1384	-83.90078905866164	1665.247850024
1385	-83.90078905866164	1668.617785054
1386	-83.90078905866164	1671.567803827
1387	-83.90078905866164	1675.007818173
1388	-83.90078905866164	1677.896807986
1389	-83.90078905866164	1680.390550568
1390	-83.90078905866164	1682.818426689
1391	-83.90078905866164	1683.907275266
1392	-83.90078905866164	1685.896411988
1393	-83.90078905866164	1687.112425116
1394	-83.90078905866164	1688.269338239
1395	-83.90078905866164	1689.110596799
1396	-83.90078905866164	1690.809876106
1397	-83.90078905866164	1691.996915267
1398	-83.90078905866164	1693.103255591
1399	-83.90078905866164	1694.148508509
1400	-83.90078905866164	1695.125395249
1401	-83.90078905866164	1696.152921787
1402	-83.90078905866164	1697.136194095
1403	-83.90078905866164	1698.471865782
1404	-83.90078905866164	1700.253850998
1405	-83.90078905866164	1702.242096227
1406	-83.90078905866164	1703.697712138
1407	-83.90078905866164	1704.736310072
1408	-83.90078905866164	1705.710906356
1409	-83.90078905866164	1706.570520502
1410	-83.90078905866164	1707.482405191
1411	-83.90078905866164	1708.972649937
1412	-83.90078905866164	1710.066648763
1413	-83.90078905866164	1711.479374056
1414	-83.90078905866164	1712.557521004
1415	-83.90078905866164	1713.554808321
1416	-83.90078905866164	1714.533776828
1417	-83.90078905866164	1715.667176132
1418	-83.90078905866164	1716.988349574
1419	-83.90078905866164	1718.281023732
1420	-83.90078905866164	1719.855164661
1421	-83.90078905866164	1720.878751465
1422	-83.90078905866164	1721.961595645
1423	-83.90078905866164	1723.037084933
1424	-83.90078905866164	1724.03446234
1425	-83.90078905866164	1724.970231187
1426	-83.90078905866164	1725.849834231
1427	-83.90078905866164	1726.941852214
1428	-83.90078905866164	1728.651041725
1429	-83.90078905866164	1729.744955877
1430	-83.90078905866164	1730.888943057
1431	-83.90078905866164	1731.924108728
1432	-83.90078905866164	1733.004789604
1433	-83.90078905866164	1733.806620601
1434	-83.90078905866164	1734.580557573
1435	-83.90078905866164	1735.376931273
1436	-83.90078905866164	1736.514888968
1437	-83.90078905866164	1737.544305974
1438	-83.90078905866164	1739.121327507
1439	-83.90078905866164	1740.360696226
1440	-83.90078905866164	1741.517348202
1441	-83.90078905866164	1742.476529944
1442	-83.90078905866164	1743.492670053
1443	-83.90078905866164	1744.990788851
1444	-83.90078905866164	1746.232302343
1445	-83.90078905866164	1747.201514313
1446	-83.90078905866164	1747.954068555
1447	-83.90078905866164	1748.849868728
1448	-83.90078905866164	1750.121653942
1449	-83.90078905866164	1751.453175778
1450	-83.90078905866164	1752.404276204
1451	-83.90078905866164	1753.737452165
1452	-83.90078905866164	1754.594512426
1453	-83.90078905866164	1755.595903406
1454	-83.90078905866164	1756.883107723
1455	-83.90078905866164	1758.410371545
1456	-83.90078905866164	1760.446492856
1457	-83.90078905866164	1761.646890165
1458	-83.90078905866164	1762.715388912
1459	-83.90078905866164	1764.083776728
1460	-83.90078905866164	1765.153466889
1461	-83.90078905866164	1766.667471491
1462	-83.90078905866164	1768.019526474
1463	-83.90078905866164	1769.377418216
1464	-83.90078905866164	1770.544717937
1465	-83.90078905866164	1772.160326571
1466	-83.90078905866164	1773.452845923
1467	-83.90078905866164	1775.166457834
1468	-83.90078905866164	1776.644194302
1469	-83.90078905866164	1777.828963818
1470	-83.90078905866164	1779.396618825
1471	-83.90078905866164	1780.586208735
1472	-83.90078905866164	1781.502099016
1473	-83.90078905866164	1782.242426083
1474	-83.90078905866164	1783.344000751
1475	-83.90078905866164	1784.57269464
1476	-83.90078905866164	1785.353751586
1477	-83.90078905866164	1786.41912141
1478	-83.90078905866164	1787.363010346
1479	-83.90078905866164	1788.38019419
1480	-83.90078905866164	1789.587128738
1481	-83.90078905866164	1790.627022147
1482	-83.90078905866164	1791.687143934
1483	-83.90078905866164	1792.819150547
1484	-83.90078905866164	1794.401734578
1485	-83.90078905866164	1795.404449542
1486	-83.90078905866164	1796.41255167
1487	-83.90078905866164	1797.471236861
1488	-83.90078905866164	1798.764086353
1489	-83.90078905866164	1799.894343336
1490	-83.90078905866164	1801.715033683
1491	-83.90078905866164	1803.347661661
1492	-83.90078905866164	1804.610036444
1493	-83.90078905866164	1805.855145275
1494	-83.90078905866164	1806.795346501
1495	-83.90078905866164	1807.861223795
1496	-83.90078905866164	1809.040867865
1497	-83.90078905866164	1810.101154152
1498	-83.90078905866164	1811.255519092
1499	-83.90078905866164	1812.341426053
1500	-83.90078905866164	1813.185096236
1501	-83.90078905866164	1814.09698121
1502	-83.90078905866164	1814.845279261
1503	-83.90078905866164	1815.814677114
1504	-83.90078905866164	1817.040352983
1505	-83.90078905866164	1818.426941294
1506	-83.90078905866164	1819.712074107
1507	-83.90078905866164	1820.680127164
1508	-83.90078905866164	1821.502430011
1509	-83.90078905866164	1822.333488996
1510	-83.90078905866164	1823.898287916
1511	-83.90078905866164	1825.429595247
1512	-83.90078905866164	1826.733503878
1513	-83.90078905866164	1827.991761311
1514	-83.90078905866164	1829.377659691
1515	-83.90078905866164	1830.695668003
1516	-83.90078905866164	1831.817942312
1517	-83.90078905866164	1832.728557186
1518	-83.90078905866164	1834.078587421
1519	-83.90078905866164	1835.513522791
1520	-83.90078905866164	1836.955132816
1521	-83.90078905866164	1838.133208291
1522	-83.90078905866164	1839.367147366
1523	-83.90078905866164	1840.775547476
1524	-83.90078905866164	1841.673221297
1525	-83.90078905866164	1842.678071626
1526	-83.90078905866164	1843.722097493
1527	-83.90078905866164	1844.921662038
1528	-83.90078905866164	1845.865848899
1529	-83.90078905866164	1846.859664608
1530	-83.90078905866164	1847.866199281
1531	-83.90078905866164	1848.90757148
1532	-83.90078905866164	1849.814575905
1533	-83.90078905866164	1850.856917998
1534	-83.90078905866164	1851.843837533
1535	-83.90078905866164	1852.814876681
1536	-83.90078905866164	1853.978055062
1537	-83.90078905866164	1855.661199106
1538	-83.90078905866164	1857.491349206
1539	-83.90078905866164	1858.554345896
1540	-83.90078905866164	1859.695300515
1541	-83.90078905866164	1861.049104558
1542	-83.90078905866164	1862.39245244
1543	-83.90078905866164	1863.519601026
1544	-83.90078905866164	1865.236441644
1545	-83.90078905866164	1866.768192013
1546	-83.90078905866164	1867.88275392
1547	-83.90078905866164	1868.895894825
1548	-83.90078905866164	1869.788292669
1549	-83.90078905866164	1870.807951142
1550	-83.90078905866164	1871.842476488
1551	-83.90078905866164	1872.698355883
1552	-83.90078905866164	1873.668211884
1553	-83.90078905866164	1874.5617943
1554	-83.90078905866164	1875.514810567
1555	-83.90078905866164	1876.479254031
1556	-83.90078905866164	1877.708052835
1557	-83.90078905866164	1878.835636762
1558	-83.90078905866164	1879.907257875
1559	-83.90078905866164	1881.255994061
1560	-83.90078905866164	1883.243864674
1561	-83.90078905866164	1884.940890587
1562	-83.90078905866164	1886.806193813
1563	-83.90078905866164	1888.151949896
1564	-83.90078905866164	1889.388963727
1565	-83.90078905866164	1890.374316947
1566	-83.90078905866164	1891.401128465
1567	-83.90078905866164	1892.451873462
1568	-83.90078905866164	1893.977681872
1569	-83.90078905866164	1895.355299084
1570	-83.90078905866164	1896.492341053
1571	-83.90078905866164	1897.402199284
1572	-83.90078905866164	1898.37413078
1573	-83.90078905866164	1899.401062038
1574	-83.90078905866164	1900.458809835
1575	-83.90078905866164	1901.456670193
1576	-83.90078905866164	1902.378077071
1577	-83.90078905866164	1903.198198368
1578	-83.90078905866164	1904.223882903
1579	-83.90078905866164	1905.158698106
1580	-83.90078905866164	1906.339680129
1581	-83.90078905866164	1907.703500146
1582	-83.90078905866164	1908.490596269
1583	-83.90078905866164	1909.348613025
1584	-83.90078905866164	1910.849043662
1585	-83.90078905866164	1911.97642175
1586	-83.90078905866164	1913.329892516
1587	-83.90078905866164	1914.361808098
1588	-83.90078905866164	1915.460467665
1589	-83.90078905866164	1916.237750517
1590	-83.90078905866164	1917.111963832
1591	-83.90078905866164	1918.182060824
1592	-83.90078905866164	1919.00598843
1593	-83.90078905866164	1920.258079249
1594	-83.90078905866164	1922.161522547
1595	-83.90078905866164	1923.26516045
1596	-83.90078905866164	1924.530893087
1597	-83.90078905866164	1925.811968707
1598	-83.90078905866164	1927.594502732
1599	-83.90078905866164	1928.817570548
1600	-83.90078905866164	1929.853689863
1601	-83.90078905866164	1931.417801703
1602	-83.90078905866164	1932.518283315
1603	-83.90078905866164	1933.303759811
1604	-83.90078905866164	1934.42275096
1605	-83.90078905866164	1935.680543974
1606	-83.90078905866164	1936.850565786
1607	-83.90078905866164	1938.164746977
1608	-83.90078905866164	1939.355622667
1609	-83.90078905866164	1940.169876414
1610	-83.90078905866164	1941.050838509
1611	-83.90078905866164	1941.825123582
1612	-83.90078905866164	1943.107498667
1613	-83.90078905866164	1944.304282106
1614	-83.90078905866164	1945.460197395
1615	-83.90078905866164	1946.692406796
1616	-83.90078905866164	1947.902609393
1617	-83.90078905866164	1949.156824459
1618	-83.90078905866164	1949.885155564
1619	-83.90078905866164	1950.592540705
1620	-83.90078905866164	1951.408510157
1621	-83.90078905866164	1952.263890635
1622	-83.90078905866164	1953.323234967
1623	-83.90078905866164	1954.068718271
1624	-83.90078905866164	1955.37231073
1625	-83.90078905866164	1956.570854919
1626	-83.90078905866164	1957.550439233
1627	-83.90078905866164	1959.148267888
1628	-83.90078905866164	1960.500934401
1629	-83.90078905866164	1961.447227261
1630	-83.90078905866164	1962.52716803
1631	-83.90078905866164	1963.407528858
1632	-83.90078905866164	1964.138020132
1633	-83.90078905866164	1964.813639651
1634	-83.90078905866164	1965.611172549
1635	-83.90078905866164	1966.39621627
1636	-83.90078905866164	1967.733500742
1637	-83.90078905866164	1968.715155704
1638	-83.90078905866164	1969.527949477
1639	-83.90078905866164	1970.705505792
1640	-83.90078905866164	1972.095945173
1641	-83.90078905866164	1973.039788494
1642	-83.90078905866164	1973.849566527
1643	-83.90078905866164	1975.058537227
1644	-83.90078905866164	1975.879797195
1645	-83.90078905866164	1976.750224156
1646	-83.90078905866164	1977.610671066
1647	-83.90078905866164	1978.547004402
1648	-83.90078905866164	1980.065601037
1649	-83.90078905866164	1981.387119729
1650	-83.90078905866164	1982.925245403
1651	-83.90078905866164	1984.038355889
1652	-83.90078905866164	1985.091211163
1653	-83.90078905866164	1986.024776792
1654	-83.90078905866164	1987.251454486
1655	-83.90078905866164	1988.665344394
1656	-83.90078905866164	1989.709260785
1657	-83.90078905866164	1990.768229646
1658	-83.90078905866164	1992.075814012
1659	-83.90078905866164	1994.109089499
1660	-83.90078905866164	1995.783348828
1661	-83.90078905866164	1997.030853602
1662	-83.90078905866164	1998.018269203
1663	-83.90078905866164	1999.048818892
1664	-83.90078905866164	1999.948350965
1665	-83.90078905866164	2000.7804266
1666	-83.90078905866164	2001.652090876
1667	-83.90078905866164	2002.693069643
1668	-83.90078905866164	2003.666963451
1669	-83.90078905866164	2004.576182498
1670	-83.90078905866164	2005.609245019
1671	-83.90078905866164	2006.695200161
1672	-83.90078905866164	2007.506984697
1673	-83.90078905866164	2008.649634494
1674	-83.90078905866164	2009.301286322
1675	-83.90078905866164	2010.293091538
1676	-83.90078905866164	2011.321060259
1677	-83.90078905866164	2012.818381359
1678	-83.90078905866164	2013.779714431
1679	-83.90078905866164	2014.802394631
1680	-83.90078905866164	2015.979420669
1681	-83.90078905866164	2016.699921913
1682	-83.90078905866164	2017.648644072
1683	-83.90078905866164	2018.516320433
1684	-83.90078905866164	2019.618545973
1685	-83.90078905866164	2020.40760897
1686	-83.90078905866164	2021.304530709
1687	-83.90078905866164	2022.642702397
1688	-83.90078905866164	2023.820747367
1689	-83.90078905866164	2024.916884979
1690	-83.90078905866164	2025.850710045
1691	-83.90078905866164	2026.691873668
1692	-83.90078905866164	2027.369645943
1693	-83.90078905866164	2028.082578472
1694	-83.90078905866164	2029.103453447
1695	-83.90078905866164	2030.590126517
1696	-83.90078905866164	2031.89487903
1697	-83.90078905866164	2033.735429127
1698	-83.90078905866164	2035.288273425
1699	-83.90078905866164	2036.451379677
1700	-83.90078905866164	2037.530224253
1701	-83.90078905866164	2039.297137328
1702	-83.90078905866164	2041.450871922
1703	-83.90078905866164	2045.859029415
1704	-83.90078905866164	2046.902244471
1705	-83.90078905866164	2047.919489041
1706	-83.90078905866164	2049.119600969
1707	-83.90078905866164	2050.099306734
1708	-83.90078905866164	2051.279694902
1709	-83.90078905866164	2052.328175101
1710	-83.90078905866164	2053.568943639
1711	-83.90078905866164	2054.851586998
1712	-83.90078905866164	2056.407189024
1713	-83.90078905866164	2058.06393836
1714	-83.90078905866164	2059.531855855
1715	-83.90078905866164	2060.739785671
1716	-83.90078905866164	2062.074868635
1717	-83.90078905866164	2063.470879351
1718	-83.90078905866164	2064.922902774
1719	-83.90078905866164	2066.212350792
1720	-83.90078905866164	2067.728652693
1721	-83.90078905866164	2069.222248736
1722	-83.90078905866164	2070.10122343
1723	-83.90078905866164	2070.982098286
1724	-83.90078905866164	2072.066811267
1725	-83.90078905866164	2073.288352396
1726	-83.90078905866164	2074.092096669
1727	-83.90078905866164	2074.910537328
1728	-83.90078905866164	2076.106752857
1729	-83.90078905866164	2076.899235004
1730	-83.90078905866164	2077.881777468
1731	-83.90078905866164	2078.95736768
1732	-83.90078905866164	2079.829034522
1733	-83.90078905866164	2080.719122522
1734	-83.90078905866164	2081.911145437
1735	-83.90078905866164	2083.137440533
1736	-83.90078905866164	2084.441663053
1737	-83.90078905866164	2085.836419064
1738	-83.90078905866164	2087.001903012
1739	-83.90078905866164	2087.916750414
1740	-83.90078905866164	2089.101141893
1741	-83.90078905866164	2089.849634665
1742	-83.90078905866164	2090.55547801
1743	-83.90078905866164	2092.111423291
1744	-83.90078905866164	2093.477946583
1745	-83.90078905866164	2094.732129717
1746	-83.90078905866164	2095.572834052
1747	-83.90078905866164	2096.214179109
1748	-83.90078905866164	2096.960401951
1749	-83.90078905866164	2097.956361578
1750	-83.90078905866164	2099.15815842
1751	-83.90078905866164	2100.858925926
1752	-83.90078905866164	2102.145621062
1753	-83.90078905866164	2103.399451248
1754	-83.90078905866164	2104.436477737
1755	-83.90078905866164	2105.760231863
1756	-83.90078905866164	2107.023175125
1757	-83.90078905866164	2108.161149072
1758	-83.90078905866164	2109.606234126
1759	-83.90078905866164	2110.828582075
1760	-83.90078905866164	2112.171467817
1761	-83.90078905866164	2113.378595375
1762	-83.90078905866164	2114.462112381
1763	-83.90078905866164	2115.39881463
1764	-83.90078905866164	2116.251483281
1765	-83.90078905866164	2117.319029239
1766	-83.90078905866164	2118.694953269
1767	-83.90078905866164	2119.808646204
1768	-83.90078905866164	2120.86921046
1769	-83.90078905866164	2121.952296116
1770	-83.90078905866164	2123.43194757
1771	-83.90078905866164	2124.909574846
1772	-83.90078905866164	2126.325754071
1773	-83.90078905866164	2127.741509643
1774	-83.90078905866164	2129.094628317
1775	-83.90078905866164	2130.074012779
1776	-83.90078905866164	2131.010820799
1777	-83.90078905866164	2132.289539534
1778	-83.90078905866164	2133.573881777
1779	-83.90078905866164	2135.128812404
1780	-83.90078905866164	2136.293526024
1781	-83.90078905866164	2137.71027772
1782	-83.90078905866164	2139.038349902
1783	-83.90078905866164	2140.36573928
1784	-83.90078905866164	2141.827223025
1785	-83.90078905866164	2143.126283892
1786	-83.90078905866164	2144.182134379
1787	-83.90078905866164	2145.108311189
1788	-83.90078905866164	2146.063745921
1789	-83.90078905866164	2147.020011421
1790	-83.90078905866164	2147.843649085
1791	-83.90078905866164	2149.064191525
1792	-83.90078905866164	2150.224051395
1793	-83.90078905866164	2151.22854621
1794	-83.90078905866164	2152.001398679
1795	-83.90078905866164	2152.819788305
1796	-83.90078905866164	2153.805664676
1797	-83.90078905866164	2155.230619994
1798	-83.90078905866164	2156.694667033
1799	-83.90078905866164	2158.026430346
1800	-83.90078905866164	2159.565509379
1801	-83.90078905866164	2161.765431434
1802	-83.90078905866164	2163.60279844
1803	-83.90078905866164	2166.80342297
1804	-83.90078905866164	2169.386223389
1805	-83.90078905866164	2172.034420716
1806	-83.90078905866164	2174.082993001
1807	-83.90078905866164	2177.316410922
1808	-83.90078905866164	2179.683485304
1809	-83.90078905866164	2180.837250403
1810	-83.90078905866164	2181.989619674
1811	-83.90078905866164	2183.464040767
1812	-83.90078905866164	2185.448905904
1813	-83.90078905866164	2187.056589454
1814	-83.90078905866164	2188.31207348
1815	-83.90078905866164	2189.283271995
1816	-83.90078905866164	2190.068367318
1817	-83.90078905866164	2190.994726019
1818	-83.90078905866164	2192.167845109
1819	-83.90078905866164	2193.242386169
1820	-83.90078905866164	2194.244703425
1821	-83.90078905866164	2195.769438165
1822	-83.90078905866164	2196.77596229
1823	-83.90078905866164	2197.740183094
1824	-83.90078905866164	2198.585913091
1825	-83.90078905866164	2199.397665696
1826	-83.90078905866164	2200.284424066
1827	-83.90078905866164	2201.732785437
1828	-83.90078905866164	2203.420758713
1829	-83.90078905866164	2204.800008097
1830	-83.90078905866164	2206.13181731
1831	-83.90078905866164	2207.489792014
1832	-83.90078905866164	2209.041262437
1833	-83.90078905866164	2210.288957654
1834	-83.90078905866164	2212.3927076
1835	-83.90078905866164	2214.310159919
1836	-83.90078905866164	2215.457132048
1837	-83.90078905866164	2217.005344115
1838	-83.90078905866164	2218.127224137
1839	-83.90078905866164	2219.162920655
1840	-83.90078905866164	2220.780754175
1841	-83.90078905866164	2221.826584981
1842	-83.90078905866164	2222.88972878
1843	-83.90078905866164	2223.92931115
1844	-83.90078905866164	2225.15864907
1845	-83.90078905866164	2226.317923353
1846	-83.90078905866164	2228.399400501
1847	-83.90078905866164	2230.736602295
1848	-83.90078905866164	2232.999864865
1849	-83.90078905866164	2234.632343168
1850	-83.90078905866164	2236.300882057
1851	-83.90078905866164	2237.871881234
1852	-83.90078905866164	2238.89131106
1853	-83.90078905866164	2240.373347623
1854	-83.90078905866164	2241.968628095
1855	-83.90078905866164	2243.692274512
1856	-83.90078905866164	2245.465344223
1857	-83.90078905866164	2247.729484032
1858	-83.90078905866164	2249.471034158
1859	-83.90078905866164	2252.098711169
1860	-83.90078905866164	2254.678028291
1861	-83.90078905866164	2256.882209958
1862	-83.90078905866164	2258.898003961
1863	-83.90078905866164	2261.221002584
1864	-83.90078905866164	2263.495765905
1865	-83.90078905866164	2266.482111828
1866	-83.90078905866164	2270.033506985
1867	-83.90078905866164	2273.799929125
1868	-83.90078905866164	2276.131075206
1869	-83.90078905866164	2278.649103076
1870	-83.90078905866164	2281.282744569
1871	-83.90078905866164	2283.806246841
1872	-83.90078905866164	2287.258612948
1873	-83.90078905866164	2290.381050617
1874	-83.90078905866164	2293.203942186
1875	-83.90078905866164	2295.815237612
1876	-83.90078905866164	2297.756307524
1877	-83.90078905866164	2300.389963842
1878	-83.90078905866164	2302.301932349
1879	-83.90078905866164	2304.318079586
1880	-83.90078905866164	2305.578000266
1881	-83.90078905866164	2307.389322092
1882	-83.90078905866164	2309.446303837
1883	-83.90078905866164	2311.343107546
1884	-83.90078905866164	2313.391013563
1885	-83.90078905866164	2315.842758447
1886	-83.90078905866164	2317.632480299
1887	-83.90078905866164	2320.259173446
1888	-83.90078905866164	2322.654738273
1889	-83.90078905866164	2325.582535565
1890	-83.90078905866164	2327.824420537
1891	-83.90078905866164	2329.798844052
1892	-83.90078905866164	2332.298972203
1893	-83.90078905866164	2335.729108561
1894	-83.90078905866164	2338.538375418
1895	-83.90078905866164	2341.512828013
1896	-83.90078905866164	2343.377700745
1897	-83.90078905866164	2345.313140307
1898	-83.90078905866164	2347.005957355
1899	-83.90078905866164	2348.836244016
1900	-83.90078905866164	2351.020487531
1901	-83.90078905866164	2352.709030713
1902	-83.90078905866164	2354.514119211
1903	-83.90078905866164	2356.052235476
1904	-83.90078905866164	2357.825493351
1905	-83.90078905866164	2359.79850992
1906	-83.90078905866164	2362.123640487
1907	-83.90078905866164	2363.672472351
1908	-83.90078905866164	2366.684351994
1909	-83.90078905866164	2369.768141836
1910	-83.90078905866164	2373.063146935
1911	-83.90078905866164	2375.659024968
1912	-83.90078905866164	2378.041503343
1913	-83.90078905866164	2379.956032292
1914	-83.90078905866164	2382.043015204
1915	-83.90078905866164	2384.813795599
1916	-83.90078905866164	2386.981343068
1917	-83.90078905866164	2389.835795561
1918	-83.90078905866164	2392.520737132
1919	-83.90078905866164	2395.070031991
1920	-83.90078905866164	2397.812903535
1921	-83.90078905866164	2399.92559436
1922	-83.90078905866164	2402.121732058
1923	-83.90078905866164	2404.417650888
1924	-83.90078905866164	2406.578490916
1925	-83.90078905866164	2408.469797414
1926	-83.90078905866164	2410.838775949
1927	-83.90078905866164	2412.899997919
1928	-83.90078905866164	2414.490859982
1929	-83.90078905866164	2416.32015337
1930	-83.90078905866164	2418.075620147
1931	-83.90078905866164	2421.191241183
1932	-83.90078905866164	2423.891402861
1933	-83.90078905866164	2425.597878548
1934	-83.90078905866164	2427.738122424
1935	-83.90078905866164	2430.132930037
1936	-83.90078905866164	2431.79355211
1937	-83.90078905866164	2433.447168532
1938	-83.90078905866164	2435.618561939
1939	-83.90078905866164	2437.342159889
1940	-83.90078905866164	2439.186313023
1941	-83.90078905866164	2440.764810781
1942	-83.90078905866164	2442.266804596
1943	-83.90078905866164	2444.100438563
1944	-83.90078905866164	2445.434151358
1945	-83.90078905866164	2447.894484173
1946	-83.90078905866164	2450.339841493
1947	-83.90078905866164	2452.347804779
1948	-83.90078905866164	2454.720282005
1949	-83.90078905866164	2457.090782664
1950	-83.90078905866164	2459.46593152
1951	-83.90078905866164	2461.725671165
1952	-83.90078905866164	2462.587184902
1953	-83.90078905866164	2463.66990193
1954	-83.90078905866164	2465.128976619
1955	-83.90078905866164	2466.194423704
1956	-83.90078905866164	2467.650303613
1957	-83.90078905866164	2469.892402406
1958	-83.90078905866164	2472.127214444
1959	-83.90078905866164	2473.039965823
1960	-83.90078905866164	2474.900009608
1961	-83.90078905866164	2476.916235531
1962	-83.90078905866164	2477.757478126
1963	-83.90078905866164	2478.546311905
1964	-83.90078905866164	2479.347250839
1965	-83.90078905866164	2480.072835049
1966	-83.90078905866164	2480.898702445
1967	-83.90078905866164	2481.770204502
1968	-83.90078905866164	2482.933505759
1969	-83.90078905866164	2483.8007177
1970	-83.90078905866164	2484.583493201
1971	-83.90078905866164	2485.466228019
1972	-83.90078905866164	2486.23404
1973	-83.90078905866164	2487.220206597
1974	-83.90078905866164	2488.345652594
1975	-83.90078905866164	2489.452331326
1976	-83.90078905866164	2490.701140125
1977	-83.90078905866164	2491.810372172
1978	-83.90078905866164	2492.810504457
1979	-83.90078905866164	2494.352327249
1980	-83.90078905866164	2495.360944544
1981	-83.90078905866164	2496.230791622
1982	-83.90078905866164	2497.331181148
1983	-83.90078905866164	2498.857159759
1984	-83.90078905866164	2499.964823781
1985	-83.90078905866164	2501.00141892
1986	-83.90078905866164	2501.819811398
1987	-83.90078905866164	2502.845465714
1988	-83.90078905866164	2504.041781596
1989	-83.90078905866164	2505.23002443
1990	-83.90078905866164	2506.23107073
1991	-83.90078905866164	2507.337184973
1992	-83.90078905866164	2508.326521262
1993	-83.90078905866164	2509.609538097
1994	-83.90078905866164	2510.997380258
1995	-83.90078905866164	2513.183862057
1996	-83.90078905866164	2514.647416451
1997	-83.90078905866164	2516.410928622
1998	-83.90078905866164	2518.03967189
1999	-83.90078905866164	2519.72240169
2000	-83.90078905866164	2521.290918826
2001	-83.90078905866164	2522.270567286
2002	-83.90078905866164	2523.910501691
2003	-83.90078905866164	2525.187554329
2004	-83.90078905866164	2526.98199166
2005	-83.90078905866164	2528.288527445
2006	-83.90078905866164	2529.818450637
2007	-83.90078905866164	2530.994561519
2008	-83.90078905866164	2532.459972739
2009	-83.90078905866164	2533.402320164
2010	-83.90078905866164	2534.551854732
2011	-83.90078905866164	2535.674450913
2012	-83.90078905866164	2536.521016525
2013	-83.90078905866164	2537.420650377
2014	-83.90078905866164	2538.370718757
2015	-83.90078905866164	2539.790674642
2016	-83.90078905866164	2541.292119363
2017	-83.90078905866164	2542.220105389
2018	-83.90078905866164	2543.312493995
2019	-83.90078905866164	2544.322279897
2020	-83.90078905866164	2545.413099053
2021	-83.90078905866164	2546.564970263
2022	-83.90078905866164	2547.383289757
2023	-83.90078905866164	2548.272524181
2024	-83.90078905866164	2550.041113902
2025	-83.90078905866164	2552.580864621
2026	-83.90078905866164	2553.856374036
2027	-83.90078905866164	2555.023235281
2028	-83.90078905866164	2556.496761173
2029	-83.90078905866164	2558.010449319
2030	-83.90078905866164	2559.710987608
2031	-83.90078905866164	2561.347397948
2032	-83.90078905866164	2562.913613223
2033	-83.90078905866164	2564.298116916
2034	-83.90078905866164	2565.420906393
2035	-83.90078905866164	2566.614987127
2036	-83.90078905866164	2569.273137707
2037	-83.90078905866164	2571.330146821
2038	-83.90078905866164	2572.358439696
2039	-83.90078905866164	2573.21988615
2040	-83.90078905866164	2574.395568248
2041	-83.90078905866164	2576.206218674
2042	-83.90078905866164	2577.160866257
2043	-83.90078905866164	2578.817142905
2044	-83.90078905866164	2580.088192572
2045	-83.90078905866164	2581.065135761
2046	-83.90078905866164	2582.08124223
2047	-83.90078905866164	2583.06775978
2048	-83.90078905866164	2583.90352512
2049	-83.90078905866164	2584.937999149
2050	-83.90078905866164	2586.000589578
2051	-83.90078905866164	2587.7446494
2052	-83.90078905866164	2588.589909844
2053	-83.90078905866164	2589.33795074
2054	-83.90078905866164	2590.600439275
2055	-83.90078905866164	2591.899936338
2056	-83.90078905866164	2593.034583506
2057	-83.90078905866164	2594.073789264
2058	-83.90078905866164	2595.469059872
2059	-83.90078905866164	2597.228653121
2060	-83.90078905866164	2599.415735901
2061	-83.90078905866164	2601.210430674
2062	-83.90078905866164	2602.774404814
2063	-83.90078905866164	2603.981103017
2064	-83.90078905866164	2605.374585507
2065	-83.90078905866164	2606.54748935
2066	-83.90078905866164	2607.659334297
2067	-83.90078905866164	2608.416208875
2068	-83.90078905866164	2609.267109078
2069	-83.90078905866164	2610.091319499
2070	-83.90078905866164	2611.773491653
2071	-83.90078905866164	2613.438004993
2072	-83.90078905866164	2614.394594362
2073	-83.90078905866164	2616.59770578
2074	-83.90078905866164	2619.500533841
2075	-83.90078905866164	2621.807358143
2076	-83.90078905866164	2624.664979187
2077	-83.90078905866164	2626.781182388
2078	-83.90078905866164	2629.506600388
2079	-83.90078905866164	2631.60996631
2080	-83.90078905866164	2633.115738211
2081	-83.90078905866164	2635.153180939
2082	-83.90078905866164	2636.732351807
2083	-83.90078905866164	2639.584538646
2084	-83.90078905866164	2641.550221134
2085	-83.90078905866164	2644.823433821
2086	-83.90078905866164	2647.715947699
2087	-83.90078905866164	2649.457224989
2088	-83.90078905866164	2651.543873199
2089	-83.90078905866164	2655.985533116
2090	-83.90078905866164	2657.956165717
2091	-83.90078905866164	2659.768636477
2092	-83.90078905866164	2661.818089136
2093	-83.90078905866164	2663.962133906
2094	-83.90078905866164	2665.482279749
2095	-83.90078905866164	2667.633076434
2096	-83.90078905866164	2670.906484696
2097	-83.90078905866164	2672.792316506
2098	-83.90078905866164	2675.738107314
2099	-83.90078905866164	2679.186135979
2100	-83.90078905866164	2681.537375018
2101	-83.90078905866164	2684.04521329
2102	-83.90078905866164	2685.96490931
2103	-83.90078905866164	2687.748962894
2104	-83.90078905866164	2691.098688647
2105	-83.90078905866164	2693.653382929
2106	-83.90078905866164	2696.560592337
2107	-83.90078905866164	2699.836053287
2108	-83.90078905866164	2702.884593926
2109	-83.90078905866164	2705.154152259
2110	-83.90078905866164	2707.959097069
2111	-83.90078905866164	2710.326826315
2112	-83.90078905866164	2712.346116444
2113	-83.90078905866164	2715.458387609
2114	-83.90078905866164	2717.677936491
2115	-83.90078905866164	2720.258612948
2116	-83.90078905866164	2722.429323836
2117	-83.90078905866164	2724.645208672
2118	-83.90078905866164	2726.803861732
2119	-83.90078905866164	2729.196317023
2120	-83.90078905866164	2730.740023156
2121	-83.90078905866164	2732.690957086
2122	-83.90078905866164	2734.349651343
2123	-83.90078905866164	2736.461287315
2124	-83.90078905866164	2739.12385773
2125	-83.90078905866164	2741.693152321
2126	-83.90078905866164	2743.979785021
2127	-83.90078905866164	2746.399658513
2128	-83.90078905866164	2749.118442911
2129	-83.90078905866164	2752.156019634
2130	-83.90078905866164	2754.477994194
2131	-83.90078905866164	2759.038112988
2132	-83.90078905866164	2762.248058999
2133	-83.90078905866164	2764.885121352
2134	-83.90078905866164	2767.479889794
2135	-83.90078905866164	2770.925262509
2136	-83.90078905866164	2773.384311539
2137	-83.90078905866164	2775.578835596
2138	-83.90078905866164	2776.628279418
2139	-83.90078905866164	2779.659079421
2140	-83.90078905866164	2782.213661661
2141	-83.90078905866164	2785.360514335
2142	-83.90078905866164	2788.993610441
2143	-83.90078905866164	2792.772236662
2144	-83.90078905866164	2796.871229791
2145	-83.90078905866164	2800.556870701
2146	-83.90078905866164	2804.221686813
2147	-83.90078905866164	2807.793900212
2148	-83.90078905866164	2810.826187843
2149	-83.90078905866164	2813.314075705
2150	-83.90078905866164	2816.560521919
2151	-83.90078905866164	2819.671273239
2152	-83.90078905866164	2821.849811424
2153	-83.90078905866164	2824.631205352
2154	-83.90078905866164	2826.66643631
2155	-83.90078905866164	2828.879561706
2156	-83.90078905866164	2831.541522302
2157	-83.90078905866164	2834.903302175
2158	-83.90078905866164	2838.061147276
2159	-83.90078905866164	2840.576743566
2160	-83.90078905866164	2843.379996904
2161	-83.90078905866164	2845.889318243
2162	-83.90078905866164	2848.149804838
2163	-83.90078905866164	2851.258771176
2164	-83.90078905866164	2852.450686325
2165	-83.90078905866164	2853.452832238
2166	-83.90078905866164	2854.500173196
2167	-83.90078905866164	2856.938598134
2168	-83.90078905866164	2859.488733455
2169	-83.90078905866164	2860.371909601
2170	-83.90078905866164	2861.639954932
2171	-83.90078905866164	2862.742134288
2172	-83.90078905866164	2863.935886306
2173	-83.90078905866164	2865.47008251
2174	-83.90078905866164	2866.725469032
2175	-83.90078905866164	2867.728333956
2176	-83.90078905866164	2868.911954253
2177	-83.90078905866164	2869.971918382
2178	-83.90078905866164	2871.079958445
2179	-83.90078905866164	2872.227061433
2180	-83.90078905866164	2873.434874645
2181	-83.90078905866164	2874.945203796
2182	-83.90078905866164	2876.460442862
2183	-83.90078905866164	2877.617571802
2184	-83.90078905866164	2878.830660421
2185	-83.90078905866164	2879.74124422
2186	-83.90078905866164	2881.762126607
2187	-83.90078905866164	2884.178884005
2188	-83.90078905866164	2886.516459844
2189	-83.90078905866164	2889.980296482
2190	-83.90078905866164	2892.45164396
2191	-83.90078905866164	2894.471708979
2192	-83.90078905866164	2896.706690934
2193	-83.90078905866164	2899.104790545
2194	-83.90078905866164	2901.011948636
2195	-83.90078905866164	2903.103930982
2196	-83.90078905866164	2905.129090942
2197	-83.90078905866164	2906.827662072
2198	-83.90078905866164	2907.756064907
2199	-83.90078905866164	2908.979831492
2200	-83.90078905866164	2910.490249878
2201	-83.90078905866164	2912.186453575
2202	-83.90078905866164	2913.700084417
2203	-83.90078905866164	2915.005076125
2204	-83.90078905866164	2915.795706862
2205	-83.90078905866164	2916.61227815
2206	-83.90078905866164	2917.472607885
2207	-83.90078905866164	2918.499065315
2208	-83.90078905866164	2919.558762024
2209	-83.90078905866164	2921.258095785
2210	-83.90078905866164	2922.194136613
2211	-83.90078905866164	2923.753423498
2212	-83.90078905866164	2925.409137367
2213	-83.90078905866164	2926.957261339
2214	-83.90078905866164	2929.250503693
2215	-83.90078905866164	2930.939782991
2216	-83.90078905866164	2932.561833358
2217	-83.90078905866164	2934.371865696
2218	-83.90078905866164	2936.050954543
2219	-83.90078905866164	2937.886406278
2220	-83.90078905866164	2940.002084333
2221	-83.90078905866164	2942.887501615
2222	-83.90078905866164	2944.924552621
2223	-83.90078905866164	2947.077418814
2224	-83.90078905866164	2949.380514067
2225	-83.90078905866164	2952.117094125
2226	-83.90078905866164	2954.736132743
2227	-83.90078905866164	2956.483348002
2228	-83.90078905866164	2958.707712146
2229	-83.90078905866164	2961.267738284
2230	-83.90078905866164	2963.264378434
2231	-83.90078905866164	2965.682501724
2232	-83.90078905866164	2968.182658099
2233	-83.90078905866164	2969.708331373
2234	-83.90078905866164	2970.652361147
2235	-83.90078905866164	2971.63145253
2236	-83.90078905866164	2972.899561153
2237	-83.90078905866164	2973.85489268
2238	-83.90078905866164	2975.695879829
2239	-83.90078905866164	2978.131895426
2240	-83.90078905866164	2980.727684509
2241	-83.90078905866164	2984.114020796
2242	-83.90078905866164	2986.249387544
2243	-83.90078905866164	2988.133061466
2244	-83.90078905866164	2989.96338519
2245	-83.90078905866164	2991.677791947
2246	-83.90078905866164	2993.597368797
2247	-83.90078905866164	2995.853073771
2248	-83.90078905866164	2998.070173683
2249	-83.90078905866164	2999.870498806
2250	-83.90078905866164	3001.616890139
2251	-83.90078905866164	3004.07328607
2252	-83.90078905866164	3007.124109754
2253	-83.90078905866164	3009.817176261
2254	-83.90078905866164	3011.976161743
2255	-83.90078905866164	3013.293066735
2256	-83.90078905866164	3015.02550179
2257	-83.90078905866164	3016.695780331
2258	-83.90078905866164	3018.061467153
2259	-83.90078905866164	3019.608209267
2260	-83.90078905866164	3021.089996086
2261	-83.90078905866164	3023.048072227
2262	-83.90078905866164	3024.624451726
2263	-83.90078905866164	3026.441389362
2264	-83.90078905866164	3028.337133086
2265	-83.90078905866164	3030.167189389
2266	-83.90078905866164	3032.616591359
2267	-83.90078905866164	3034.966512117
2268	-83.90078905866164	3036.623376061
2269	-83.90078905866164	3038.125589114
2270	-83.90078905866164	3039.032409368
2271	-83.90078905866164	3040.08769508
2272	-83.90078905866164	3041.065299976
2273	-83.90078905866164	3042.204049952
2274	-83.90078905866164	3043.118635636
2275	-83.90078905866164	3044.345550244
2276	-83.90078905866164	3045.649589734
2277	-83.90078905866164	3046.738783561
2278	-83.90078905866164	3048.358219602
2279	-83.90078905866164	3049.759866085
2280	-83.90078905866164	3051.866498346
2281	-83.90078905866164	3053.338083879
2282	-83.90078905866164	3055.38011921
2283	-83.90078905866164	3057.363879602
2284	-83.90078905866164	3060.128716897
2285	-83.90078905866164	3063.317370553
2286	-83.90078905866164	3064.456514816
2287	-83.90078905866164	3066.736838639
2288	-83.90078905866164	3069.05818998
2289	-83.90078905866164	3070.927976048
2290	-83.90078905866164	3073.65601493
2291	-83.90078905866164	3076.038886452
2292	-83.90078905866164	3078.884484449
2293	-83.90078905866164	3081.017403938
2294	-83.90078905866164	3082.829291963
2295	-83.90078905866164	3085.063004673
2296	-83.90078905866164	3088.894203354
2297	-83.90078905866164	3091.082818807
2298	-83.90078905866164	3094.595194374
2299	-83.90078905866164	3097.362911703
2300	-83.90078905866164	3098.822663208
2301	-83.90078905866164	3100.009728028
2302	-83.90078905866164	3101.188746598
2303	-83.90078905866164	3103.883043577
2304	-83.90078905866164	3106.594816908
2305	-83.90078905866164	3108.291600774
2306	-83.90078905866164	3109.930634848
2307	-83.90078905866164	3111.571652046
2308	-83.90078905866164	3113.011863963
2309	-83.90078905866164	3114.99825208
2310	-83.90078905866164	3117.028846244
2311	-83.90078905866164	3118.341272672
2312	-83.90078905866164	3119.947038386
2313	-83.90078905866164	3121.639266712
2314	-83.90078905866164	3123.379420726
2315	-83.90078905866164	3124.074705276
2316	-83.90078905866164	3125.741267597
2317	-83.90078905866164	3127.783371921
2318	-83.90078905866164	3130.162599352
2319	-83.90078905866164	3132.366459431
2320	-83.90078905866164	3133.96335725
2321	-83.90078905866164	3135.961388666
2322	-83.90078905866164	3138.067944522
2323	-83.90078905866164	3140.627965242
2324	-83.90078905866164	3141.762694802
2325	-83.90078905866164	3143.73794481
2326	-83.90078905866164	3145.274530968
2327	-83.90078905866164	3146.462333615
2328	-83.90078905866164	3147.62459798
2329	-83.90078905866164	3148.999552115
2330	-83.90078905866164	3150.246187917
2331	-83.90078905866164	3152.007127957
2332	-83.90078905866164	3153.459395991
2333	-83.90078905866164	3155.106202623
2334	-83.90078905866164	3156.353736476
2335	-83.90078905866164	3157.501318709
2336	-83.90078905866164	3158.263044472
2337	-83.90078905866164	3158.955921105
2338	-83.90078905866164	3159.65108677
2339	-83.90078905866164	3160.716207706
2340	-83.90078905866164	3162.005441902
2341	-83.90078905866164	3162.86143334
2342	-83.90078905866164	3163.780959728
2343	-83.90078905866164	3164.815213664
2344	-83.90078905866164	3165.699068622
2345	-83.90078905866164	3166.677197808
2346	-83.90078905866164	3167.561925159
2347	-83.90078905866164	3168.446869752
2348	-83.90078905866164	3170.130309725
2349	-83.90078905866164	3171.279303181
2350	-83.90078905866164	3172.426181229
2351	-83.90078905866164	3173.403227053
2352	-83.90078905866164	3174.31252279
2353	-83.90078905866164	3175.03504422
2354	-83.90078905866164	3175.754481772
2355	-83.90078905866164	3176.697856966
2356	-83.90078905866164	3177.457195624
2357	-83.90078905866164	3178.441200058
2358	-83.90078905866164	3179.413956906
2359	-83.90078905866164	3180.218148778
2360	-83.90078905866164	3180.935312694
2361	-83.90078905866164	3181.872175452
2362	-83.90078905866164	3182.799099783
2363	-83.90078905866164	3183.81291722
2364	-83.90078905866164	3184.552960332
2365	-83.90078905866164	3185.59982632
2366	-83.90078905866164	3187.01546814
2367	-83.90078905866164	3188.298838208
2368	-83.90078905866164	3189.421333466
2369	-83.90078905866164	3190.544432841
2370	-83.90078905866164	3191.655193
2371	-83.90078905866164	3192.689841222
2372	-83.90078905866164	3194.278385459
2373	-83.90078905866164	3195.71674283
2374	-83.90078905866164	3197.06601357
2375	-83.90078905866164	3198.395261771
2376	-83.90078905866164	3199.738201111
2377	-83.90078905866164	3200.944375879
2378	-83.90078905866164	3202.490955204
2379	-83.90078905866164	3204.335305054
2380	-83.90078905866164	3206.897804394
2381	-83.90078905866164	3208.840236778
2382	-83.90078905866164	3210.560640233
2383	-83.90078905866164	3212.077938258
2384	-83.90078905866164	3214.431615719
2385	-83.90078905866164	3216.369718357
2386	-83.90078905866164	3218.122797745
2387	-83.90078905866164	3220.119368046
2388	-83.90078905866164	3222.268017392
2389	-83.90078905866164	3223.935574982
2390	-83.90078905866164	3226.043834568
2391	-83.90078905866164	3228.695620107
2392	-83.90078905866164	3230.584712269
2393	-83.90078905866164	3232.983880988
2394	-83.90078905866164	3235.227801826
2395	-83.90078905866164	3237.70799268
2396	-83.90078905866164	3239.988790617
2397	-83.90078905866164	3242.558496886
2398	-83.90078905866164	3245.199053939
2399	-83.90078905866164	3248.037813352
2400	-83.90078905866164	3250.862308298
2401	-83.90078905866164	3253.352298739
2402	-83.90078905866164	3254.299191726
2403	-83.90078905866164	3256.466439275
2404	-83.90078905866164	3258.99796898
2405	-83.90078905866164	3260.592519038
2406	-83.90078905866164	3262.676379299
2407	-83.90078905866164	3265.752896356
2408	-83.90078905866164	3270.195528734
2409	-83.90078905866164	3272.990854993
2410	-83.90078905866164	3274.932666153
2411	-83.90078905866164	3276.751743145
2412	-83.90078905866164	3278.016148092
2413	-83.90078905866164	3279.582537276
2414	-83.90078905866164	3280.66812493
2415	-83.90078905866164	3281.596558271
2416	-83.90078905866164	3282.581523476
2417	-83.90078905866164	3283.688299426
2418	-83.90078905866164	3285.079180989
2419	-83.90078905866164	3286.355748109
2420	-83.90078905866164	3287.273636909
2421	-83.90078905866164	3288.161932799
2422	-83.90078905866164	3288.955395104
2423	-83.90078905866164	3289.772688824
2424	-83.90078905866164	3290.694754842
2425	-83.90078905866164	3291.703091889
2426	-83.90078905866164	3293.198184398
2427	-83.90078905866164	3294.161404232
2428	-83.90078905866164	3295.063934654
2429	-83.90078905866164	3296.14622632
2430	-83.90078905866164	3297.069221179
2431	-83.90078905866164	3297.848493427
2432	-83.90078905866164	3298.889302848
2433	-83.90078905866164	3300.742284818
2434	-83.90078905866164	3301.938282819
2435	-83.90078905866164	3303.080848228
2436	-83.90078905866164	3304.430380115
2437	-83.90078905866164	3305.835513886
2438	-83.90078905866164	3308.405209036
2439	-83.90078905866164	3309.538252827
2440	-83.90078905866164	3310.476057255
2441	-83.90078905866164	3311.340641186
2442	-83.90078905866164	3312.480257852
2443	-83.90078905866164	3313.865826376
2444	-83.90078905866164	3315.078243881
2445	-83.90078905866164	3316.261596187
2446	-83.90078905866164	3317.362778278
2447	-83.90078905866164	3318.496383707
2448	-83.90078905866164	3319.268378608
2449	-83.90078905866164	3320.335568482
2450	-83.90078905866164	3321.424207798
2451	-83.90078905866164	3322.453212271
2452	-83.90078905866164	3324.072305342
2453	-83.90078905866164	3325.487469057
2454	-83.90078905866164	3326.483369954
2455	-83.90078905866164	3327.373304573
2456	-83.90078905866164	3328.148640793
2457	-83.90078905866164	3329.119785711
2458	-83.90078905866164	3330.127965385
2459	-83.90078905866164	3331.187367021
2460	-83.90078905866164	3332.324169225
2461	-83.90078905866164	3333.689076881
2462	-83.90078905866164	3335.046714603
2463	-83.90078905866164	3336.761775369
2464	-83.90078905866164	3337.891268581
2465	-83.90078905866164	3338.839319626
2466	-83.90078905866164	3339.891954521
2467	-83.90078905866164	3340.912808114
2468	-83.90078905866164	3342.418246737
2469	-83.90078905866164	3343.60202184
2470	-83.90078905866164	3344.718153197
2471	-83.90078905866164	3345.785698585
2472	-83.90078905866164	3347.030895226
2473	-83.90078905866164	3348.355515471
2474	-83.90078905866164	3349.296639266
2475	-83.90078905866164	3350.283611829
2476	-83.90078905866164	3351.30157826
2477	-83.90078905866164	3352.071173798
2478	-83.90078905866164	3352.960842708
2479	-83.90078905866164	3354.147542035
2480	-83.90078905866164	3356.155674954
2481	-83.90078905866164	3357.379339474
2482	-83.90078905866164	3358.453029524
2483	-83.90078905866164	3359.606529485
2484	-83.90078905866164	3360.808719189
2485	-83.90078905866164	3361.856885212
2486	-83.90078905866164	3363.167666924
2487	-83.90078905866164	3364.152658929
2488	-83.90078905866164	3365.599660394
2489	-83.90078905866164	3367.358995347
2490	-83.90078905866164	3370.727885501
2491	-83.90078905866164	3371.824958227
2492	-83.90078905866164	3372.863092026
2493	-83.90078905866164	3373.997750312
2494	-83.90078905866164	3375.074189823
2495	-83.90078905866164	3376.162151182
2496	-83.90078905866164	3377.889059091
2497	-83.90078905866164	3379.664893943
2498	-83.90078905866164	3381.149358379
2499	-83.90078905866164	3382.281453941
2500	-83.90078905866164	3383.568597533
2501	-83.90078905866164	3384.739743477
