1	-60.46061788050656	1.944612177
2	-60.45040529515228	3.002798528
3	-60.45040529515228	3.698814389
4	-60.45040529515228	4.385583931
5	-60.45040529515228	4.928480727
6	-60.45040529515228	5.393714944
7	-60.45040529515228	6.030934342
8	-60.45040529515228	6.715772626
9	-60.45040529515228	7.350850934
10	-60.45040529515228	7.938320906
11	-60.45040529515228	8.581813045
12	-60.45040529515228	9.380330418
13	-60.45040529515228	10.105759335
14	-60.45040529515228	10.963899385
15	-60.45040529515228	11.750467704
16	-60.45040529515228	12.586151961
17	-60.45040529515228	13.466700194
18	-60.45040529515228	14.048743884
19	-60.45040529515228	14.586325016
20	-60.45040529515228	15.121576607
21	-60.5058813206439	15.779241569
22	-60.5058813206439	16.902271324
23	-60.5058813206439	17.556265641
24	-60.5058813206439	18.282083718
25	-60.5058813206439	19.000553947
26	-60.5058813206439	19.5865109
27	-60.5058813206439	20.142481179
28	-60.5058813206439	20.724285671
29	-60.5058813206439	21.376049092
30	-60.5058813206439	22.187593762
31	-60.5058813206439	22.875620874
32	-60.5058813206439	23.753190396
33	-60.5058813206439	24.482811973
34	-60.5058813206439	25.417770426
35	-60.5058813206439	26.287438725
36	-60.5058813206439	26.909819595
37	-60.5058813206439	27.753699582
38	-60.5058813206439	28.582565705
39	-60.5058813206439	29.261579709
40	-60.5058813206439	29.858985368
41	-60.505881320655284	30.355683926
42	-60.505881320655284	30.736369577
43	-60.505881320655284	31.143209036
44	-60.505881320655284	31.565102844
45	-60.505881320655284	32.060530432
46	-60.50588132066001	32.551865999
47	-60.50588132066001	33.014234975
48	-60.50588132066001	33.49475504
49	-60.50588132066001	34.111058748
50	-60.50588132066001	34.723794731
51	-60.50588132066001	35.244376572
52	-60.50588132066001	36.133836704
53	-60.50588132066001	37.133395086
54	-60.50588132066001	38.193847115
55	-60.50588132066001	39.029072363
56	-60.50588132066001	39.773225133
57	-60.50588132066001	40.969821739
58	-60.50588132066001	41.907525121
59	-60.50588132066001	42.778105736
60	-60.50588132066001	43.300231671
61	-60.50588132066001	43.792106075
62	-60.50588132066001	44.474769056
63	-60.50588132066001	45.355963038
64	-60.50588132066001	45.990474855
65	-60.50588132066001	46.768875953
66	-60.50588132066001	47.545730106
67	-60.50588132066001	48.309640496
68	-60.50588132066001	48.861858022
69	-60.50588132066001	49.385281156
70	-60.50588132066001	49.942657541
71	-60.50588132066001	50.524194896
72	-60.50588132066001	51.172766637
73	-60.50588132066001	51.802006125
74	-60.50588132066001	52.376412878
75	-60.50588132066001	53.202611618
76	-60.50588132066001	54.093712492
77	-60.50588132066001	54.876661769
78	-60.50588132066001	55.925810208
79	-60.50588132066001	56.629493226
80	-60.50588132066001	57.525540276
81	-60.50588132066001	58.504516248
82	-60.50588132066001	59.428381797
83	-60.50588132066001	60.30729499
84	-60.50588132066001	61.264572389
85	-60.50588132066001	62.513968978
86	-60.50588132066001	63.31874056
87	-60.50588132066001	64.227092467
88	-60.50588132066001	65.395662167
89	-60.50588132066001	66.43078917
90	-60.50588132066001	67.75864861
91	-60.50588132066001	69.479629988
92	-60.50588132066001	70.156018803
93	-60.50588132066001	70.947199163
94	-60.50588132066001	71.651919655
95	-60.50588132066001	72.793481106
96	-60.50588132066001	73.523257206
97	-60.50588132066001	74.085973774
98	-60.50588132066001	74.8470825
99	-60.50588132066001	75.887296518
100	-60.50588132066001	76.681506621
101	-60.50588132066001	77.417091321
102	-60.50588132066001	77.943252542
103	-60.50588132066001	78.561247455
104	-60.50588132066001	79.502961605
105	-60.50588132066001	80.07110417
106	-60.50588132066001	80.579152219
107	-60.50588132066001	81.187851491
108	-60.50588132066001	81.733006553
109	-60.50588132066001	82.43937463
110	-60.50588132066001	83.4041812
111	-60.50588132066001	84.378616975
112	-60.50588132066001	85.200456272
113	-60.50588132066001	85.826312209
114	-60.50588132066001	86.661872163
115	-60.50588132066001	87.33559388
116	-60.50588132066001	88.102600442
117	-60.50588132066001	89.283355543
118	-60.50588132066001	89.964256899
119	-60.50588132066001	91.094251043
120	-60.50588132066001	92.09181345
121	-60.50588132066001	93.236308851
122	-60.50588132066001	94.42840546
123	-60.50588132066001	95.449574604
124	-60.50588132066001	96.054845565
125	-60.50588132066001	96.524534163
126	-60.50588132066001	97.101689267
127	-60.50588132066001	97.679664884
128	-60.50588132066001	98.417086759
129	-60.50588132066001	99.012711408
130	-60.50588132066001	99.575871874
131	-60.50588132066001	100.155223093
132	-60.5058813207303	100.680183193
133	-60.5058813207303	101.594193453
134	-60.5058813207303	102.14356826
135	-60.5058813207303	102.744074938
136	-60.5058813207303	103.314149902
137	-60.5058813207303	104.120997572
138	-60.5058813207303	104.658011642
139	-60.5058813207303	105.15141332
140	-60.5058813207303	105.907103176
141	-60.5058813207303	106.768007543
142	-60.5058813207303	107.644798461
143	-60.5058813207303	108.313150916
144	-60.5058813207303	108.915272962
145	-60.5058813207303	109.486054685
146	-60.5058813207303	110.0688077
147	-60.5058813207303	110.549457771
148	-60.5058813207303	111.112647888
149	-60.5058813207303	111.667006504
150	-60.5058813207303	112.261181426
151	-60.5058813207303	112.914372906
152	-60.5058813207303	113.507386621
153	-60.5058813207303	114.192247142
154	-60.5058813207303	115.007725318
155	-60.5058813207303	115.752051427
156	-60.5058813207303	116.548337903
157	-60.5058813207303	117.294565906
158	-60.5058813207303	117.943812191
159	-60.5058813207303	118.469929507
160	-60.5058813207303	118.939760654
161	-60.5058813207303	119.451384696
162	-60.5058813207303	120.063740928
163	-60.5058813207303	120.789748594
164	-60.5058813207303	121.670891543
165	-60.5058813207303	122.387044491
166	-60.5058813207303	123.422199148
167	-60.5058813207303	124.2559607
168	-60.5058813207303	125.122623204
169	-60.5058813207303	125.956204288
170	-60.5058813207303	126.951865657
171	-60.5058813207303	127.883667783
172	-60.5058813207303	128.60216196
173	-60.5058813207303	129.499749969
174	-60.5058813207303	130.465855732
175	-60.5058813207303	131.274151703
176	-60.5058813207303	131.997190923
177	-60.5058813207303	133.177113536
178	-60.5058813207303	134.071256698
179	-60.5058813207303	134.941035045
180	-60.5058813207303	135.833326491
181	-60.5058813207303	136.604649446
182	-60.5058813207303	137.30511256
183	-60.5058813207303	137.995442983
184	-60.5058813207303	138.704106675
185	-60.5058813207303	139.382472649
186	-60.5058813207303	140.399234453
187	-60.5058813207303	141.148666964
188	-60.5058813207303	142.016240074
189	-60.5058813207303	142.628864013
190	-60.5058813207303	143.296838427
191	-60.5058813207303	144.480978219
192	-60.5058813207303	145.291799594
193	-60.5058813207303	145.984919137
194	-60.5058813207303	146.863215662
195	-60.5058813207303	147.40434114
196	-60.5058813207303	148.182758204
197	-60.5058813207303	148.832429571
198	-60.5058813207303	149.41010783
199	-60.5058813207303	150.221559273
200	-60.5058813207303	151.408184555
201	-60.5058813207303	151.948841331
202	-60.5058813207303	152.765733311
203	-60.5058813207303	153.524721188
204	-60.5058813207303	154.363965471
205	-60.5058813207303	155.163372637
206	-60.5058813207303	155.865627881
207	-60.5058813207303	156.313651834
208	-60.5058813207303	156.857957873
209	-60.5058813207303	157.418764565
210	-60.5058813207303	158.252703448
211	-60.5058813207303	158.886005021
212	-60.5058813207303	159.566588493
213	-60.5058813207303	159.983108761
214	-60.5058813207303	160.507836506
215	-60.5058813207303	160.994186554
216	-60.5058813207303	161.504390234
217	-60.5058813207303	162.076750834
218	-60.5058813207303	162.854037481
219	-60.5058813207303	163.849965988
220	-60.5058813207303	164.554604942
221	-60.5058813207303	165.080291188
222	-60.5058813207303	165.586657156
223	-60.5058813207303	166.165847008
224	-60.5058813207303	166.718692321
225	-60.5058813207303	167.302115603
226	-60.5058813207303	167.835966219
227	-60.5058813207303	168.59047149
228	-60.5058813207303	169.06642285
229	-60.5058813207303	169.513769694
230	-60.5058813207303	169.974584597
231	-60.5058813207303	170.809393316
232	-60.5058813207303	171.877878285
233	-60.5058813207303	172.673967473
234	-60.5058813207303	173.299251217
235	-60.5058813207303	173.813792103
236	-60.5058813207303	174.504829286
237	-60.5058813207303	175.034288243
238	-60.5058813207303	175.612671836
239	-60.5058813207303	176.554425615
240	-60.5058813207303	177.327388171
241	-60.5058813207303	177.887016551
242	-60.5058813207303	178.339990387
243	-60.5058813207303	178.821073237
244	-60.5058813207303	179.298112248
245	-60.5058813207303	179.795714853
246	-60.5058813207303	180.550881839
247	-60.5058813207303	181.459598387
248	-60.5058813207303	181.973606709
249	-60.5058813207303	182.964667441
250	-60.5058813207303	183.515974647
251	-60.5058813207303	184.157396685
252	-60.5058813207303	184.825509942
253	-60.5058813207303	185.327460301
254	-60.5058813207303	185.995003646
255	-60.5058813207303	186.672824227
256	-60.5058813207303	187.373741218
257	-60.5058813207303	188.107352751
258	-60.5058813207303	189.110195184
259	-60.5058813207303	189.783418834
260	-60.5058813207303	190.462591068
261	-60.5058813207303	191.040932752
262	-60.5058813207303	191.518612664
263	-60.5058813207303	192.270187122
264	-60.5058813207303	192.731009152
265	-60.5058813207303	193.242804823
266	-60.5058813207303	193.895493959
267	-60.5058813207303	194.642547037
268	-60.5058813207303	195.47571986
269	-60.5058813207303	196.345424937
270	-60.5058813207303	197.026493076
271	-60.5058813207303	197.68404856
272	-60.5058813207303	198.890354201
273	-60.5058813207303	199.607997929
274	-60.5058813207303	200.184006936
275	-60.5058813207303	200.607233295
276	-60.5058813207303	201.027544235
277	-60.5058813207303	201.718462531
278	-60.5058813207303	202.218896452
279	-60.5058813207303	202.834507084
280	-60.5058813207303	203.394883278
281	-60.5058813207303	204.118519494
282	-60.5058813207303	204.71118938
283	-60.5058813207303	205.205895954
284	-60.5058813207303	206.100105544
285	-60.5058813207303	207.218625038
286	-60.5058813207303	207.981425824
287	-60.5058813207303	208.621816945
288	-60.5058813207303	209.382501729
289	-60.5058813207303	210.215662863
290	-60.5058813207303	210.954751711
291	-60.5058813207303	211.585664728
292	-60.5058813207303	212.168792932
293	-60.5058813207303	212.696435526
294	-60.5058813207303	213.397205121
295	-60.5058813207303	213.99660362
296	-60.5058813207303	214.519167181
297	-60.5058813207303	215.00385767
298	-60.5058813207303	215.620765216
299	-60.5058813207303	216.170104956
300	-60.5058813207303	216.662156691
301	-60.5058813207303	217.319527432
302	-60.5058813207303	218.075031119
303	-60.5058813207303	218.716427497
304	-60.5058813207303	219.307021295
305	-60.5058813207303	219.907074095
306	-60.5058813207303	220.629608406
307	-60.5058813207303	222.056790793
308	-60.5058813207303	223.010785852
309	-60.5058813207303	223.882086626
310	-60.5058813207303	224.501478807
311	-60.5058813207303	225.015355698
312	-60.5058813207303	225.794522286
313	-60.5058813207303	226.542750255
314	-60.5058813207303	227.321842148
315	-60.5058813207303	227.850437541
316	-60.5058813207303	228.378184195
317	-60.5058813207303	228.903162257
318	-60.5058813207303	229.57500774
319	-60.5058813207303	230.17426312
320	-60.5058813207303	230.868952987
321	-60.5058813207303	231.648233614
322	-60.5058813207303	232.668625865
323	-60.5058813207303	233.127807152
324	-60.5058813207303	233.755115667
325	-60.5058813207303	234.384891141
326	-60.5058813207303	235.007075863
327	-60.5058813207303	235.716473398
328	-60.5058813207303	236.600894126
329	-60.5058813207303	237.164851444
330	-60.5058813207303	237.760228626
331	-60.5058813207303	238.246576963
332	-60.5058813207303	238.963854055
333	-60.5058813207303	239.72288156
334	-60.5058813207303	240.63105243
335	-60.5058813207303	241.35565171
336	-60.5058813207303	241.961982382
337	-60.5058813207303	242.776665133
338	-60.5058813207303	244.238254934
339	-60.5058813207303	244.877877714
340	-60.5058813207303	245.629216395
341	-60.5058813207303	246.911367111
342	-60.5058813207303	248.102918897
343	-60.5058813207303	248.712711807
344	-60.5058813207303	249.359080876
345	-60.5058813207303	250.097646853
346	-60.5058813207303	250.707961779
347	-60.5058813207303	251.552303055
348	-60.5058813207303	252.316028131
349	-60.5058813207303	252.823244833
350	-60.5058813207303	253.403917769
351	-60.5058813207303	254.069205983
352	-60.5058813207303	255.04993132
353	-60.5058813207303	256.075733031
354	-60.5058813207303	256.676961864
355	-60.5058813207303	257.371992423
356	-60.5058813207303	257.931736268
357	-60.5058813207303	258.546721964
358	-60.5058813207303	259.147047604
359	-60.5058813207303	260.399937792
360	-60.5058813207303	261.374068226
361	-60.5058813207303	262.064769278
362	-60.5058813207303	262.770371866
363	-60.5058813207303	263.706024533
364	-60.5058813207303	264.380099773
365	-60.5058813207303	264.888867697
366	-60.5058813207303	265.445740598
367	-60.5058813207303	266.110157266
368	-60.5058813207303	266.898931963
369	-60.5058813207303	267.412843922
370	-60.5058813207303	268.272598201
371	-60.5058813207303	269.371504905
372	-60.5058813207303	270.618538596
373	-60.5058813207303	271.62366809
374	-60.5058813207303	272.530161725
375	-60.5058813207303	273.358907821
376	-60.5058813207303	274.104990994
377	-60.5058813207303	274.844965928
378	-60.5058813207303	275.45016932
379	-60.5058813207303	275.960979405
380	-60.5058813207303	276.434044426
381	-60.5058813207303	276.958601968
382	-60.5058813207303	277.538864931
383	-60.5058813207303	277.989662324
384	-60.5058813207303	278.651592361
385	-60.5058813207303	279.172077269
386	-60.5058813207303	279.75155393
387	-60.5058813207303	280.328738114
388	-60.5058813207303	280.773124493
389	-60.5058813207303	281.140744073
390	-60.5058813207303	281.510462835
391	-60.5058813207303	281.876605604
392	-60.5058813207303	282.338724549
393	-60.5058813207303	282.852059467
394	-60.5058813207303	283.277753924
395	-60.5058813207303	283.748096824
396	-60.5058813207303	284.204406313
397	-60.5058813207303	284.718976279
398	-60.5058813207303	285.154516048
399	-60.5058813207303	285.566511231
400	-60.5058813207303	286.430098661
401	-60.5058813207303	287.258805414
402	-60.5058813207303	288.178990625
403	-60.5058813207303	289.177441685
404	-60.5058813207303	290.233736691
405	-60.5058813207303	291.102021692
406	-60.5058813207303	292.232030661
407	-60.5058813207303	292.950999527
408	-60.5058813207303	293.409669063
409	-60.5058813207303	294.123166602
410	-60.5058813207303	294.819052458
411	-60.5058813207303	295.449801258
412	-60.5058813207303	296.071366176
413	-60.5058813207303	296.819547389
414	-60.5058813207303	297.700733103
415	-60.5058813207303	298.810494082
416	-60.5058813207303	299.759332276
417	-60.5058813207303	300.83812242
418	-60.5058813207303	301.399358471
419	-60.5058813207303	302.044565763
420	-60.5058813207303	302.565173263
421	-60.5058813207303	303.219846685
422	-60.5058813207303	303.75583155
423	-60.5058813207303	304.679469306
424	-60.5058813207303	305.557045101
425	-60.5058813207303	306.291593753
426	-60.5058813207303	306.869446207
427	-60.5058813207303	307.441753208
428	-60.5058813207303	307.95702081
429	-60.5058813207303	308.543845034
430	-60.5058813207303	309.22746053
431	-60.5058813207303	310.0812055
432	-60.5058813207303	310.813541501
433	-60.5058813207303	311.410099562
434	-60.5058813207303	312.031063777
435	-60.5058813207303	312.642560437
436	-60.5058813207303	313.117023582
437	-60.5058813207303	313.539995917
438	-60.5058813207303	313.987616171
439	-60.5058813207303	314.741899635
440	-60.5058813207303	315.494300308
441	-60.5058813207303	316.120094664
442	-60.5058813207303	316.807470326
443	-60.5058813207303	317.402411022
444	-60.5058813207303	318.026848879
445	-60.5058813207303	318.849473337
446	-60.5058813207303	319.896289384
447	-60.5058813207303	320.685468066
448	-60.5058813207303	321.492896197
449	-60.5058813207303	322.060257022
450	-60.5058813207303	322.714573216
451	-60.5058813207303	323.28334813
452	-60.5058813207303	323.979864624
453	-60.5058813207303	324.574830694
454	-60.5058813207303	325.382557894
455	-60.5058813207303	326.296748336
456	-60.5058813207303	327.077459019
457	-60.5058813207303	327.701414203
458	-60.5058813207303	328.725586291
459	-60.5058813207303	329.39240406
460	-60.5058813207303	330.017471415
461	-60.5058813207303	330.733340119
462	-60.5058813207303	331.077024813
463	-60.5058813207303	331.505869611
464	-60.5058813207303	332.128930441
465	-60.5058813207303	332.586355236
466	-60.5058813207303	333.002278508
467	-60.5058813207303	333.634894419
468	-60.5058813207303	334.724293654
469	-60.5058813207303	335.559188472
470	-60.5058813207303	336.125694286
471	-60.5058813207303	336.741796429
472	-60.5058813207303	337.43726376
473	-60.5058813207303	338.047508837
474	-60.5058813207303	338.623368452
475	-60.5058813207303	339.188015138
476	-60.5058813207303	339.908973423
477	-60.5058813207303	340.750232213
478	-60.5058813207303	341.5102473
479	-60.5058813207303	342.471059352
480	-60.5058813207303	343.387246341
481	-60.5058813207303	344.249733005
482	-60.5058813207303	345.110592042
483	-60.5058813207303	346.036447295
484	-60.5058813207303	346.872973448
485	-60.5058813207303	347.606515416
486	-60.5058813207303	348.313527246
487	-60.5058813207303	348.968462674
488	-60.5058813207303	349.736621319
489	-60.5058813207303	350.775238499
490	-60.5058813207303	351.678515936
491	-60.5058813207303	352.435190238
492	-60.5058813207303	353.171960093
493	-60.5058813207303	354.000836479
494	-60.5058813207303	354.938955821
495	-60.5058813207303	355.848640564
496	-60.5058813207303	356.956111061
497	-60.5058813207303	358.10756686
498	-60.5058813207303	358.97586355
499	-60.5058813207303	360.03558202
500	-60.5058813207303	360.681043621
501	-60.5058813207303	361.198777896
502	-60.5058813207303	361.830823895
503	-60.5058813207303	362.868304102
504	-60.5058813207303	363.364172453
505	-60.5058813207303	364.02818143
506	-60.5058813207303	364.825353137
507	-60.5058813207303	365.419373536
508	-60.5058813207303	366.101929605
509	-60.5058813207303	366.620694797
510	-60.5058813207303	367.201449841
511	-60.5058813207303	367.747187644
512	-60.5058813207303	368.325014725
513	-60.5058813207303	368.945439249
514	-60.5058813207303	369.586194156
515	-60.5058813207303	370.39627798
516	-60.5058813207303	370.95089233
517	-60.5058813207303	371.45040025
518	-60.5058813207303	372.232119897
519	-60.5058813207303	373.559660026
520	-60.5058813207303	374.283181632
521	-60.5058813207303	374.901444823
522	-60.5058813207303	375.527567613
523	-60.5058813207303	376.010656987
524	-60.5058813207303	376.513142762
525	-60.5058813207303	377.170269173
526	-60.5058813207303	377.641516976
527	-60.5058813207303	378.164387873
528	-60.5058813207303	378.850479736
529	-60.5058813207303	379.619189191
530	-60.5058813207303	380.520559603
531	-60.5058813207303	381.347266104
532	-60.5058813207303	381.989766099
533	-60.5058813207303	382.757035807
534	-60.5058813207303	383.517930138
535	-60.5058813207303	384.335301654
536	-60.5058813207303	385.038363443
537	-60.5058813207303	385.625266924
538	-60.5058813207303	386.784567212
539	-60.5058813207303	387.509483806
540	-60.5058813207303	389.880926844
541	-60.5058813207303	390.295204812
542	-60.5058813207303	390.922107346
543	-60.5058813207303	391.62622457
544	-60.5058813207303	392.443334936
545	-60.5058813207303	393.487660361
546	-60.5058813207303	394.419232412
547	-60.5058813207303	395.214425535
548	-60.5058813207303	395.871235771
549	-60.5058813207303	396.582437411
550	-60.5058813207303	397.2274477
551	-60.5058813207303	397.768576314
552	-60.5058813207303	398.656798263
553	-60.5058813207303	399.28424562
554	-60.5058813207303	399.789835549
555	-60.5058813207303	400.343213997
556	-60.5058813207303	400.843774501
557	-60.5058813207303	401.608887437
558	-60.5058813207303	402.043738122
559	-60.5058813207303	402.632512991
560	-60.5058813207303	403.209096186
561	-60.5058813207303	403.71452703
562	-60.5058813207303	404.149969865
563	-60.5058813207303	404.605741373
564	-60.5058813207303	405.268414948
565	-60.5058813207303	405.910073903
566	-60.5058813207303	406.5890383
567	-60.5058813207303	407.50679276
568	-60.5058813207303	408.14738288
569	-60.5058813207303	408.841994345
570	-60.5058813207303	409.851585633
571	-60.5058813207303	410.629457018
572	-60.5058813207303	411.140915418
573	-60.5058813207303	411.786493053
574	-60.5058813207303	412.645560815
575	-60.5058813207303	413.008518177
576	-60.5058813207303	413.478619883
577	-60.5058813207303	413.995024174
578	-60.5058813207303	414.54380512
579	-60.5058813207303	415.197636646
580	-60.5058813207303	415.752032326
581	-60.5058813207303	416.086360083
582	-60.5058813207303	416.494467661
583	-60.5058813207303	416.847854262
584	-60.5058813207303	417.190108617
585	-60.5058813207303	417.540068047
586	-60.5058813207303	417.929173231
587	-60.5058813207303	418.305315835
588	-60.5058813207303	418.888816949
589	-60.5058813207303	419.455532311
590	-60.5058813207303	419.913137288
591	-60.5058813207303	420.471128916
592	-60.5058813207303	420.974939545
593	-60.5058813207303	421.611674846
594	-60.5058813207303	422.273281297
595	-60.5058813207303	422.980074171
596	-60.5058813207303	423.631169606
597	-60.5058813207303	424.299333325
598	-60.5058813207303	425.03851369
599	-60.5058813207303	425.818563513
600	-60.5058813207303	426.40435625
601	-60.5058813207303	427.026429784
602	-60.5058813207303	427.672909472
603	-60.5058813207303	428.30969495
604	-60.5058813207303	428.807529911
605	-60.5058813207303	429.443769426
606	-60.5058813207303	430.24609144
607	-60.5058813207303	431.026672688
608	-60.5058813207303	431.68050792
609	-60.5058813207303	432.788195947
610	-60.5058813207303	434.958005541
611	-60.5058813207303	435.757024403
612	-60.5058813207303	436.369956819
613	-60.5058813207303	436.927903117
614	-60.5058813207303	437.608712386
615	-60.5058813207303	438.317260898
616	-60.5058813207303	439.29790156
617	-60.5058813207303	439.995638276
618	-60.5058813207303	440.845757362
619	-60.5058813207303	441.762047556
620	-60.5058813207303	442.58395271
621	-60.5058813207303	443.187058632
622	-60.5058813207303	444.021520671
623	-60.5058813207303	444.901422585
624	-60.5058813207303	445.999739135
625	-60.5058813207303	446.779956026
626	-60.5058813207303	447.63485194
627	-60.5058813207303	448.444780386
628	-60.5058813207303	449.096549508
629	-60.5058813207303	449.828534268
630	-60.5058813207303	450.443096878
631	-60.5058813207303	450.972934446
632	-60.5058813207303	451.513424725
633	-60.5058813207303	452.027908305
634	-60.5058813207303	452.727190256
635	-60.5058813207303	453.463990332
636	-60.5058813207303	454.337417656
637	-60.5058813207303	455.1393622
638	-60.5058813207303	455.936442391
639	-60.5058813207303	456.72533854
640	-60.5058813207303	457.566942585
641	-60.5058813207303	458.781575102
642	-60.5058813207303	459.688085557
643	-60.5058813207303	460.625323943
644	-60.5058813207303	461.373305873
645	-60.5058813207303	461.856887042
646	-60.5058813207303	462.298026433
647	-60.5058813207303	462.649328678
648	-60.5058813207303	463.045049576
649	-60.5058813207303	463.421057898
650	-60.5058813207303	463.950181294
651	-60.5058813207303	464.860491544
652	-60.5058813207303	465.386653906
653	-60.5058813207303	466.138271983
654	-60.5058813207303	466.721804458
655	-60.5058813207303	467.389474672
656	-60.5058813207303	468.13105186
657	-60.5058813207303	468.85432372
658	-60.5058813207303	469.842787204
659	-60.5058813207303	470.652978796
660	-60.5058813207303	471.1929941
661	-60.5058813207303	471.763256659
662	-60.5058813207303	472.507119483
663	-60.5058813207303	473.153707793
664	-60.5058813207303	474.044846871
665	-60.5058813207303	476.579935385
666	-60.5058813207303	477.505930622
667	-60.5058813207303	478.243219357
668	-60.5058813207303	479.381094197
669	-60.5058813207303	480.040458633
670	-60.5058813207303	480.528903015
671	-60.5058813207303	480.996568268
672	-60.5058813207303	481.599681032
673	-60.5058813207303	482.605710298
674	-60.5058813207303	483.358922361
675	-60.5058813207303	483.917117835
676	-60.5058813207303	484.509057299
677	-60.5058813207303	485.19341291
678	-60.5058813207303	486.110360542
679	-60.5058813207303	487.053755918
680	-60.5058813207303	487.801257171
681	-60.5058813207303	488.434780836
682	-60.5058813207303	489.157621342
683	-60.5058813207303	490.010999676
684	-60.5058813207303	490.802262144
685	-60.5058813207303	491.530840545
686	-60.5058813207303	492.540722634
687	-60.5058813207303	493.240267445
688	-60.5058813207303	493.902647084
689	-60.5058813207303	494.367735615
690	-60.5058813207303	494.86095654
691	-60.5058813207303	495.26914252
692	-60.5058813207303	495.787676783
693	-60.5058813207303	496.417730512
694	-60.5058813207303	497.267454166
695	-60.5058813207303	497.888347962
696	-60.5058813207303	498.436257647
697	-60.5058813207303	498.95645432
698	-60.5058813207303	499.608748309
699	-60.5058813207303	500.505465056
700	-60.5058813207303	501.040340317
701	-60.5058813207303	501.681939401
702	-60.5058813207303	502.304224193
703	-60.5058813207303	503.264623422
704	-60.5058813207303	504.296838997
705	-60.5058813207303	505.059035089
706	-60.5058813207303	505.722371804
707	-60.5058813207303	506.350565835
708	-60.5058813207303	506.899029182
709	-60.5058813207303	507.423600693
710	-60.5058813207303	507.854572326
711	-60.5058813207303	508.480966815
712	-60.5058813207303	508.952758586
713	-60.5058813207303	509.447750258
714	-60.5058813207303	509.841074332
715	-60.5058813207303	510.29323364
716	-60.5058813207303	510.772550874
717	-60.5058813207303	511.298129639
718	-60.5058813207303	511.83335329
719	-60.5058813207303	512.310613538
720	-60.5058813207303	512.787650839
721	-60.5058813207303	513.379828074
722	-60.5058813207303	514.113275675
723	-60.5058813207303	514.706554817
724	-60.5058813207303	515.323233999
725	-60.5058813207303	516.137011562
726	-60.5058813207303	516.872079093
727	-60.5058813207303	517.823484886
728	-60.5058813207303	518.306736767
729	-60.5058813207303	518.826534301
730	-60.5058813207303	519.464540857
731	-60.5058813207303	520.131263118
732	-60.5058813207303	520.805741202
733	-60.5058813207303	521.699332983
734	-60.5058813207303	522.426917246
735	-60.5058813207303	523.138871831
736	-60.5058813207303	523.6676437
737	-60.5058813207303	524.415681793
738	-60.5058813207303	524.991128301
739	-60.5058813207303	525.456163519
740	-60.5058813207303	525.979211463
741	-60.5058813207303	526.758218681
742	-60.5058813207303	527.375440976
743	-60.5058813207303	528.040149015
744	-60.5058813207303	528.606774001
745	-60.5058813207303	529.254079904
746	-60.5058813207303	529.891420755
747	-60.5058813207303	530.442358188
748	-60.5058813207303	531.05624768
749	-60.5058813207303	531.669629127
750	-60.5058813207303	532.57064288
751	-60.5058813207303	533.168604767
752	-60.5058813207303	533.687022424
753	-60.5058813207303	534.227164882
754	-60.5058813207303	534.783500658
755	-60.5058813207303	535.25957575
756	-60.5058813207303	535.930315621
757	-60.5058813207303	536.496246676
758	-60.5058813207303	536.964180207
759	-60.5058813207303	537.541953975
760	-60.5058813207303	538.556011048
761	-60.5058813207303	539.743766176
762	-60.5058813207303	540.571280361
763	-60.5058813207303	541.469235862
764	-60.5058813207303	542.10599112
765	-60.5058813207303	542.892267498
766	-60.5058813207303	543.505321936
767	-60.5058813207303	544.060919591
768	-60.5058813207303	544.566759552
769	-60.5058813207303	545.078517305
770	-60.5058813207303	545.675371583
771	-60.5058813207303	546.255608318
772	-60.5058813207303	546.760722417
773	-60.5058813207303	547.241255597
774	-60.5058813207303	547.668137776
775	-60.5058813207303	548.263873898
776	-60.5058813207303	548.864661967
777	-60.5058813207303	549.446267175
778	-60.5058813207303	549.93042624
779	-60.5058813207303	550.382621186
780	-60.5058813207303	550.822206219
781	-60.5058813207303	551.352241075
782	-60.5058813207303	551.915893907
783	-60.5058813207303	552.603371919
784	-60.5058813207303	553.295420061
785	-60.5058813207303	554.131662826
786	-60.5058813207303	554.983343682
787	-60.5058813207303	555.682408958
788	-60.5058813207303	556.484462695
789	-60.5058813207303	557.297998779
790	-60.5058813207303	558.29517003
791	-60.5058813207303	559.317934586
792	-60.5058813207303	559.995664505
793	-60.5058813207303	560.852964085
794	-60.5058813207303	561.959718984
795	-60.5058813207303	562.785160217
796	-60.5058813207303	563.684727095
797	-60.5058813207303	564.418139914
798	-60.5058813207303	565.426833712
799	-60.5058813207303	566.179466455
800	-60.5058813207303	567.025377485
801	-60.5058813207303	567.89697134
802	-60.5058813207303	568.432611521
803	-60.5058813207303	569.079576161
804	-60.5058813207303	569.612098218
805	-60.5058813207303	570.210078351
806	-60.5058813207303	570.974789298
807	-60.5058813207303	571.624027315
808	-60.5058813207303	572.165049587
809	-60.5058813207303	572.849666634
810	-60.5058813207303	573.790966251
811	-60.5058813207303	574.611926303
812	-60.5058813207303	575.460929798
813	-60.5058813207303	576.275135864
814	-60.5058813207303	577.010906163
815	-60.5058813207303	577.678586926
816	-60.5058813207303	578.260942513
817	-60.5058813207303	578.899042297
818	-60.5058813207303	579.994430883
819	-60.5058813207303	580.928167118
820	-60.5058813207303	581.493276804
821	-60.5058813207303	582.167809057
822	-60.5058813207303	582.680336291
823	-60.5058813207303	583.297899279
824	-60.5058813207303	583.665755491
825	-60.5058813207303	584.108387944
826	-60.5058813207303	584.781340751
827	-60.5058813207303	585.621772755
828	-60.5058813207303	586.156124289
829	-60.5058813207303	586.779210779
830	-60.5058813207303	587.322910983
831	-60.5058813207303	587.738685433
832	-60.5058813207303	588.369220979
833	-60.5058813207303	588.728370279
834	-60.5058813207303	589.192456689
835	-60.5058813207303	589.763676039
836	-60.5058813207303	590.256204174
837	-60.5058813207303	590.84989899
838	-60.5058813207303	591.453483592
839	-60.5058813207303	591.933668381
840	-60.5058813207303	592.446097826
841	-60.5058813207303	592.971906666
842	-60.5058813207303	593.411649073
843	-60.5058813207303	593.780757154
844	-60.5058813207303	594.17565041
845	-60.5058813207303	594.662285841
846	-60.5058813207303	595.340725656
847	-60.5058813207303	595.933175446
848	-60.5058813207303	596.917285758
849	-60.5058813207303	597.420885414
850	-60.5058813207303	598.060783884
851	-60.5058813207303	598.946991611
852	-60.5058813207303	599.762852104
853	-60.5058813207303	600.399432312
854	-60.5058813207303	600.917584257
855	-60.5058813207303	601.574960699
856	-60.5058813207303	602.141965151
857	-60.5058813207303	602.701298168
858	-60.5058813207303	603.627461898
859	-60.5058813207303	604.367522362
860	-60.5058813207303	604.987821727
861	-60.5058813207303	605.705156978
862	-60.5058813207303	606.19624679
863	-60.5058813207303	606.725217944
864	-60.5058813207303	607.225789566
865	-60.5058813207303	607.594969777
866	-60.5058813207303	608.287945631
867	-60.5058813207303	609.058210869
868	-60.5058813207303	609.982472421
869	-60.5058813207303	610.618254352
870	-60.5058813207303	611.223380483
871	-60.5058813207303	611.972909928
872	-60.5058813207303	612.81752604
873	-60.5058813207303	613.329936953
874	-60.5058813207303	613.813882764
875	-60.5058813207303	614.294836465
876	-60.5058813207303	614.863639603
877	-60.5058813207303	615.577246335
878	-60.5058813207303	616.187457485
879	-60.5058813207303	616.670663179
880	-60.5058813207303	617.337906601
881	-60.5058813207303	618.081455816
882	-60.5058813207303	618.887588174
883	-60.5058813207303	619.757984045
884	-60.5058813207303	620.372537532
885	-60.5058813207303	620.85990196
886	-60.5058813207303	621.501972312
887	-60.5058813207303	622.016147987
888	-60.5058813207303	622.669952428
889	-60.5058813207303	623.631653133
890	-60.5058813207303	624.374081911
891	-60.5058813207303	625.133467786
892	-60.5058813207303	625.9754761
893	-60.5058813207303	626.914147108
894	-60.5058813207303	628.087878804
895	-60.5058813207303	628.82206424
896	-60.5058813207303	629.534336995
897	-60.5058813207303	630.25187267
898	-60.5058813207303	630.839746057
899	-60.5058813207303	631.450265969
900	-60.5058813207303	631.92159588
901	-60.5058813207303	632.379539269
902	-60.5058813207303	633.060590873
903	-60.5058813207303	633.707499634
904	-60.5058813207303	634.211788372
905	-60.5058813207303	634.867461351
906	-60.5058813207303	636.017114756
907	-60.5058813207303	636.984034191
908	-60.5058813207303	637.741644757
909	-60.5058813207303	638.535005266
910	-60.5058813207303	639.234274102
911	-60.5058813207303	639.983547243
912	-60.5058813207303	641.017094514
913	-60.5058813207303	641.901519519
914	-60.5058813207303	642.620236928
915	-60.5058813207303	643.186204476
916	-60.5058813207303	643.847261542
917	-60.5058813207303	644.52942446
918	-60.5058813207303	645.156739532
919	-60.5058813207303	645.849008912
920	-60.5058813207303	646.523434823
921	-60.5058813207303	647.360515493
922	-60.5058813207303	648.141525814
923	-60.5058813207303	648.812185002
924	-60.5058813207303	649.680777339
925	-60.5058813207303	650.307913654
926	-60.5058813207303	650.975685933
927	-60.5058813207303	651.799007743
928	-60.5058813207303	652.326442214
929	-60.5058813207303	652.814273349
930	-60.5058813207303	653.309208857
931	-60.5058813207303	653.809598872
932	-60.5058813207303	654.71438334
933	-60.5058813207303	655.114469668
934	-60.5058813207303	655.667271931
935	-60.5058813207303	656.131655984
936	-60.5058813207303	656.570847296
937	-60.5058813207303	657.118871876
938	-60.5058813207303	657.650325098
939	-60.5058813207303	658.124009924
940	-60.5058813207303	658.75983519
941	-60.5058813207303	659.446702806
942	-60.5058813207303	659.966504617
943	-60.5058813207303	660.613269688
944	-60.5058813207303	661.164904757
945	-60.5058813207303	661.885919492
946	-60.5058813207303	662.408635296
947	-60.5058813207303	663.383756448
948	-60.5058813207303	663.991621521
949	-60.5058813207303	664.625349032
950	-60.5058813207303	665.421065026
951	-60.5058813207303	666.004795074
952	-60.5058813207303	666.622453855
953	-60.5058813207303	667.223807561
954	-60.5058813207303	667.661776085
955	-60.5058813207303	668.360297677
956	-60.5058813207303	669.113253152
957	-60.5058813207303	670.062440878
958	-60.5058813207303	670.79074758
959	-60.5058813207303	671.549248509
960	-60.5058813207303	672.560783314
961	-60.5058813207303	673.717541948
962	-60.5058813207303	674.751906597
963	-60.5058813207303	675.607593374
964	-60.5058813207303	676.29850825
965	-60.5058813207303	676.746518518
966	-60.5058813207303	677.212988638
967	-60.5058813207303	677.658448413
968	-60.5058813207303	678.133827865
969	-60.5058813207303	678.648435749
970	-60.5058813207303	679.330089766
971	-60.5058813207303	679.843347708
972	-60.5058813207303	680.793611966
973	-60.5058813207303	682.356328249
974	-60.5058813207303	682.893531055
975	-60.5058813207303	683.561094072
976	-60.5058813207303	684.097053848
977	-60.5058813207303	684.686537186
978	-60.5058813207303	685.188759815
979	-60.5058813207303	685.7272296
980	-60.5058813207303	686.230994042
981	-60.5058813207303	686.855211803
982	-60.5058813207303	687.488551864
983	-60.5058813207303	688.051656737
984	-60.5058813207303	688.82609753
985	-60.5058813207303	689.41319944
986	-60.5058813207303	689.984418504
987	-60.5058813207303	690.606152201
988	-60.5058813207303	691.073943752
989	-60.5058813207303	691.519333964
990	-60.5058813207303	692.120204712
991	-60.5058813207303	692.644879714
992	-60.5058813207303	693.109440243
993	-60.5058813207303	693.65327872
994	-60.5058813207303	694.635203181
995	-60.5058813207303	695.190857571
996	-60.5058813207303	695.961402777
997	-60.5058813207303	696.785222939
998	-60.5058813207303	697.492643885
999	-60.5058813207303	698.097939079
1000	-60.5058813207303	698.663666289
1001	-60.5058813207303	699.229494138
1002	-60.5058813207303	699.852398449
1003	-60.5058813207303	700.441401397
1004	-60.5058813207303	701.116218463
1005	-60.5058813207303	701.685429578
1006	-60.5058813207303	702.330100315
1007	-60.5058813207303	703.042766221
1008	-60.5058813207303	703.626614015
1009	-60.5058813207303	704.219429871
1010	-60.5058813207303	704.880833332
1011	-60.5058813207303	705.691444589
1012	-60.5058813207303	706.3959447
1013	-60.5058813207303	706.968196962
1014	-60.5058813207303	707.5683447
1015	-60.5058813207303	708.247400328
1016	-60.5058813207303	708.88191186
1017	-60.5058813207303	709.640367743
1018	-60.5058813207303	710.87611552
1019	-60.5058813207303	712.057356999
1020	-60.5058813207303	713.040675593
1021	-60.5058813207303	714.145335587
1022	-60.5058813207303	714.935236994
1023	-60.5058813207303	715.699990136
1024	-60.5058813207303	716.392814887
1025	-60.5058813207303	717.524037521
1026	-60.5058813207303	718.969805204
1027	-60.5058813207303	719.705828956
1028	-60.5058813207303	720.58211753
1029	-60.5058813207303	721.500464426
1030	-60.5058813207303	722.662661601
1031	-60.5058813207303	723.486734075
1032	-60.5058813207303	724.259203412
1033	-60.5058813207303	725.302444607
1034	-60.5058813207303	726.392977393
1035	-60.5058813207303	727.971154005
1036	-60.5058813207303	728.755509389
1037	-60.5058813207303	729.312729825
1038	-60.5058813207303	729.980334751
1039	-60.5058813207303	730.832075763
1040	-60.5058813207303	731.571647853
1041	-60.5058813207303	732.854803541
1042	-60.5058813207303	733.815621866
1043	-60.5058813207303	734.650018902
1044	-60.5058813207303	735.289225438
1045	-60.5058813207303	736.560859721
1046	-60.5058813207303	737.59061461
1047	-60.5058813207303	738.50223888
1048	-60.5058813207303	739.429108799
1049	-60.5058813207303	740.192311289
1050	-60.5058813207303	741.02433716
1051	-60.5058813207303	742.122708163
1052	-60.5058813207303	742.889797118
1053	-60.5058813207303	743.938576354
1054	-60.5058813207303	744.703313245
1055	-60.5058813207303	745.976849135
1056	-60.5058813207303	746.82953753
1057	-60.5058813207303	747.813403228
1058	-60.5058813207303	748.809682691
1059	-60.5058813207303	749.657802665
1060	-60.5058813207303	750.500616668
1061	-60.5058813207303	751.523698539
1062	-60.5058813207303	752.405214967
1063	-60.5058813207303	753.797089029
1064	-60.5058813207303	754.495220606
1065	-60.5058813207303	755.139875948
1066	-60.5058813207303	755.763977103
1067	-60.5058813207303	756.556809895
1068	-60.5058813207303	757.28554339
1069	-60.5058813207303	758.085389892
1070	-60.5058813207303	759.055354466
1071	-60.5058813207303	759.942737939
1072	-60.5058813207303	760.616351034
1073	-60.5058813207303	761.174602957
1074	-60.5058813207303	761.684748477
1075	-60.5058813207303	762.295417211
1076	-60.5058813207303	762.92156737
1077	-60.5058813207303	763.935716245
1078	-60.5058813207303	764.647112321
1079	-60.5058813207303	765.292734432
1080	-60.5058813207303	765.889983002
1081	-60.5058813207303	766.6541745
1082	-60.5058813207303	767.263979954
1083	-60.5058813207303	767.907659973
1084	-60.5058813207303	768.478733923
1085	-60.5058813207303	769.005637255
1086	-60.5058813207303	769.566490419
1087	-60.5058813207303	770.36109909
1088	-60.5058813207303	770.915384436
1089	-60.5058813207303	771.725577738
1090	-60.5058813207303	772.56094525
1091	-60.5058813207303	773.393869467
1092	-60.5058813207303	774.086449604
1093	-60.5058813207303	774.829209097
1094	-60.5058813207303	775.758171355
1095	-60.5058813207303	776.618239527
1096	-60.5058813207303	777.353687665
1097	-60.5058813207303	778.146339989
1098	-60.5058813207303	778.695791488
1099	-60.5058813207303	779.237343474
1100	-60.5058813207303	779.849231859
1101	-60.5058813207303	780.355828186
1102	-60.5058813207303	781.025109492
1103	-60.5058813207303	781.794149092
1104	-60.5058813207303	782.689357097
1105	-60.5058813207303	783.939288531
1106	-60.5058813207303	784.845610251
1107	-60.5058813207303	785.496586514
1108	-60.5058813207303	785.957490083
1109	-60.5058813207303	786.519080511
1110	-60.5058813207303	786.99124234
1111	-60.5058813207303	787.42746378
1112	-60.5058813207303	787.856488759
1113	-60.5058813207303	788.298387083
1114	-60.5058813207303	789.023423419
1115	-60.5058813207303	789.534056458
1116	-60.5058813207303	790.250518737
1117	-60.5058813207303	790.67763099
1118	-60.5058813207303	791.350720359
1119	-60.5058813207303	792.042983751
1120	-60.5058813207303	792.947613411
1121	-60.5058813207303	794.14349499
1122	-60.5058813207303	794.970598063
1123	-60.5058813207303	795.817039661
1124	-60.5058813207303	796.47572157
1125	-60.5058813207303	797.293292085
1126	-60.5058813207303	798.042120187
1127	-60.5058813207303	798.932183873
1128	-60.5058813207303	799.651627999
1129	-60.5058813207303	800.222921759
1130	-60.5058813207303	800.643006046
1131	-60.5058813207303	801.379849456
1132	-60.5058813207303	801.878814263
1133	-60.5058813207303	802.349736483
1134	-60.5058813207303	803.039680313
1135	-60.5058813207303	803.889737247
1136	-60.5058813207303	804.539217598
1137	-60.5058813207303	805.170086995
1138	-60.5058813207303	805.939874694
1139	-60.5058813207303	806.440520442
1140	-60.5058813207303	806.941892622
1141	-60.5058813207303	807.519498181
1142	-60.5058813207303	808.190747523
1143	-60.5058813207303	808.840309982
1144	-60.5058813207303	809.523008315
1145	-60.5058813207303	810.165620925
1146	-60.5058813207303	810.9459778
1147	-60.5058813207303	811.814473773
1148	-60.5058813207303	812.704804881
1149	-60.5058813207303	813.682212525
1150	-60.5058813207303	814.370262445
1151	-60.5058813207303	815.02971241
1152	-60.5058813207303	815.558334887
1153	-60.5058813207303	816.615496593
1154	-60.5058813207303	817.589164883
1155	-60.5058813207303	818.646782462
1156	-60.5058813207303	819.578237338
1157	-60.5058813207303	820.209387272
1158	-60.5058813207303	820.960055115
1159	-60.5058813207303	821.76658262
1160	-60.5058813207303	822.712930763
1161	-60.5058813207303	823.572177566
1162	-60.5058813207303	824.27683106
1163	-60.5058813207303	825.044346237
1164	-60.5058813207303	825.65522965
1165	-60.5058813207303	826.391399087
1166	-60.5058813207303	827.362801984
1167	-60.5058813207303	828.255099702
1168	-60.5058813207303	828.877346291
1169	-60.5058813207303	829.397444034
1170	-60.5058813207303	830.045955049
1171	-60.5058813207303	830.666019493
1172	-60.5058813207303	831.401126083
1173	-60.5058813207303	831.958026353
1174	-60.5058813207303	832.45366748
1175	-60.5058813207303	832.902127634
1176	-60.5058813207303	833.593572793
1177	-60.5058813207303	834.256862467
1178	-60.5058813207303	834.988689567
1179	-60.5058813207303	835.757281562
1180	-60.5058813207303	836.676573844
1181	-60.5058813207303	837.525629227
1182	-60.5058813207303	838.203568979
1183	-60.5058813207303	838.970659359
1184	-60.5058813207303	839.620190742
1185	-60.5058813207303	840.096855704
1186	-60.5058813207303	840.468459253
1187	-60.5058813207303	841.129887517
1188	-60.5058813207303	841.767509475
1189	-60.5058813207303	842.406706603
1190	-60.5058813207303	843.03036386
1191	-60.5058813207303	843.750589727
1192	-60.5058813207303	844.377188916
1193	-60.5058813207303	845.221798471
1194	-60.5058813207303	846.04312516
1195	-60.5058813207303	846.875260509
1196	-60.5058813207303	847.55626279
1197	-60.5058813207303	848.162176933
1198	-60.5058813207303	848.81567746
1199	-60.5058813207303	849.474755656
1200	-60.5058813207303	850.283586472
1201	-60.5058813207303	852.491123739
1202	-60.5058813207303	855.043662286
1203	-60.5058813207303	855.547601494
1204	-60.5058813207303	856.198447467
1205	-60.5058813207303	856.72785197
1206	-60.5058813207303	857.439020823
1207	-60.5058813207303	858.249983892
1208	-60.5058813207303	858.810053889
1209	-60.5058813207303	859.509513456
1210	-60.5058813207303	860.103970626
1211	-60.5058813207303	860.560823513
1212	-60.5058813207303	860.983703477
1213	-60.5058813207303	861.414700769
1214	-60.5058813207303	861.834557262
1215	-60.5058813207303	862.293887656
1216	-60.5058813207303	862.696399889
1217	-60.5058813207303	863.225336545
1218	-60.5058813207303	864.103600283
1219	-60.5058813207303	864.730791337
1220	-60.5058813207303	865.658280205
1221	-60.5058813207303	866.409551603
1222	-60.5058813207303	867.060036356
1223	-60.5058813207303	867.627705087
1224	-60.5058813207303	868.192933089
1225	-60.5058813207303	869.25792845
1226	-60.5058813207303	870.351808295
1227	-60.5058813207303	871.358772399
1228	-60.5058813207303	872.480376946
1229	-60.5058813207303	873.210301868
1230	-60.5058813207303	874.0856576
1231	-60.5058813207303	874.686888428
1232	-60.5058813207303	875.351542868
1233	-60.5058813207303	875.826233522
1234	-60.5058813207303	876.530893573
1235	-60.5058813207303	877.023801745
1236	-60.5058813207303	877.693081626
1237	-60.5058813207303	878.417984535
1238	-60.5058813207303	878.856294607
1239	-60.5058813207303	879.333704247
1240	-60.5058813207303	880.004937338
1241	-60.5058813207303	880.719284471
1242	-60.5058813207303	881.856094753
1243	-60.5058813207303	882.722074731
1244	-60.5058813207303	883.40802547
1245	-60.5058813207303	884.11060088
1246	-60.5058813207303	884.686088726
1247	-60.5058813207303	885.294090647
1248	-60.5058813207303	885.733569053
1249	-60.5058813207303	886.306727644
1250	-60.5058813207303	886.919922921
1251	-60.5058813207303	887.526959782
1252	-60.5058813207303	888.153261329
1253	-60.5058813207303	888.822435438
1254	-60.5058813207303	889.687588345
1255	-60.5058813207303	890.30493865
1256	-60.5058813207303	891.071441727
1257	-60.5058813207303	891.939363797
1258	-60.5058813207303	892.647132849
1259	-60.5058813207303	893.408878485
1260	-60.5058813207303	894.140583278
1261	-60.5058813207303	894.725779303
1262	-60.5058813207303	895.338745076
1263	-60.5058813207303	895.837850721
1264	-60.5058813207303	896.38254706
1265	-60.5058813207303	897.431333994
1266	-60.5058813207303	898.240840494
1267	-60.5058813207303	898.95988149
1268	-60.5058813207303	899.757761953
1269	-60.5058813207303	900.414887224
1270	-60.5058813207303	901.101169247
1271	-60.5058813207303	901.919569398
1272	-60.5058813207303	902.587997975
1273	-60.5058813207303	903.189514186
1274	-60.5058813207303	903.976233037
1275	-60.5058813207303	904.625022309
1276	-60.5058813207303	905.302974605
1277	-60.5058813207303	906.153693538
1278	-60.5058813207303	906.741802131
1279	-60.5058813207303	907.340965994
1280	-60.5058813207303	907.918081469
1281	-60.5058813207303	908.630535546
1282	-60.5058813207303	909.396528297
1283	-60.5058813207303	910.179264035
1284	-60.5058813207303	910.922881104
1285	-60.5058813207303	911.660530204
1286	-60.5058813207303	912.362768057
1287	-60.5058813207303	912.924832034
1288	-60.5058813207303	913.55767859
1289	-60.5058813207303	914.354598841
1290	-60.5058813207303	915.288120681
1291	-60.5058813207303	916.014794338
1292	-60.5058813207303	916.917460524
1293	-60.5058813207303	917.932518293
1294	-60.5058813207303	918.544966042
1295	-60.5058813207303	919.175258114
1296	-60.5058813207303	920.058702094
1297	-60.5058813207303	920.644003321
1298	-60.5058813207303	921.335154829
1299	-60.5058813207303	921.93054256
1300	-60.5058813207303	922.616223595
1301	-60.5058813207303	923.40129258
1302	-60.5058813207303	923.969724235
1303	-60.5058813207303	924.658763447
1304	-60.5058813207303	925.251050446
1305	-60.5058813207303	925.930931149
1306	-60.5058813207303	926.569762781
1307	-60.5058813207303	927.163656025
1308	-60.5058813207303	927.734022075
1309	-60.5058813207303	928.56019259
1310	-60.5058813207303	929.208456425
1311	-60.5058813207303	929.62853786
1312	-60.5058813207303	930.064271781
1313	-60.5058813207303	930.605174312
1314	-60.5058813207303	931.194677037
1315	-60.5058813207303	931.758823945
1316	-60.5058813207303	932.191532685
1317	-60.5058813207303	932.666746209
1318	-60.5058813207303	933.191670672
1319	-60.5058813207303	933.632296886
1320	-60.5058813207303	934.067266172
1321	-60.5058813207303	934.728611758
1322	-60.5058813207303	935.394347863
1323	-60.5058813207303	935.986306427
1324	-60.5058813207303	936.480828827
1325	-60.5058813207303	937.146920735
1326	-60.5058813207303	937.750976035
1327	-60.5058813207303	938.485367883
1328	-60.5058813207303	939.076977772
1329	-60.5058813207303	939.661077593
1330	-60.5058813207303	940.370007281
1331	-60.5058813207303	941.411806163
1332	-60.5058813207303	942.426680614
1333	-60.5058813207303	943.625376116
1334	-60.5058813207303	944.622494054
1335	-60.5058813207303	946.634765555
1336	-60.5058813207303	947.38314092
1337	-60.5058813207303	948.325377371
1338	-60.5058813207303	949.445777661
1339	-60.5058813207303	950.371777459
1340	-60.5058813207303	951.055492169
1341	-60.5058813207303	951.781565408
1342	-60.5058813207303	952.673532127
1343	-60.5058813207303	953.400203503
1344	-60.5058813207303	954.298644812
1345	-60.5058813207303	954.903120348
1346	-60.5058813207303	955.60557345
1347	-60.5058813207303	956.343088839
1348	-60.5058813207303	957.018851292
1349	-60.5058813207303	957.817682274
1350	-60.5058813207303	958.521768991
1351	-60.5058813207303	959.109357279
1352	-60.5058813207303	959.787767444
1353	-60.5058813207303	960.574682728
1354	-60.5058813207303	961.167978691
1355	-60.5058813207303	962.025865574
1356	-60.5058813207303	962.61367909
1357	-60.5058813207303	963.327262728
1358	-60.5058813207303	963.870184328
1359	-60.5058813207303	964.773834388
1360	-60.5058813207303	965.649877493
1361	-60.5058813207303	967.065869759
1362	-60.5058813207303	967.953566841
1363	-60.5058813207303	968.846413089
1364	-60.5058813207303	969.562095623
1365	-60.5058813207303	969.982023961
1366	-60.5058813207303	970.451611634
1367	-60.5058813207303	970.9926302
1368	-60.5058813207303	971.655449461
1369	-60.5058813207303	972.299761544
1370	-60.5058813207303	972.932516868
1371	-60.5058813207303	973.75099029
1372	-60.5058813207303	974.49184846
1373	-60.5058813207303	975.293692364
1374	-60.5058813207303	976.329243308
1375	-60.5058813207303	977.12934697
1376	-60.5058813207303	978.23409449
1377	-60.5058813207303	979.367465912
1378	-60.5058813207303	980.262071789
1379	-60.5058813207303	981.289499988
1380	-60.5058813207303	982.22751926
1381	-60.5058813207303	983.37357358
1382	-60.5058813207303	984.435037995
1383	-60.5058813207303	985.350187795
1384	-60.5058813207303	986.120637492
1385	-60.5058813207303	986.797693438
1386	-60.5058813207303	987.431536984
1387	-60.5058813207303	987.982661156
1388	-60.5058813207303	988.667160172
1389	-60.5058813207303	989.263052813
1390	-60.5058813207303	990.324889282
1391	-60.5058813207303	991.24983279
1392	-60.5058813207303	991.979820719
1393	-60.5058813207303	992.951982547
1394	-60.5058813207303	993.806483314
1395	-60.5058813207303	994.599830423
1396	-60.5058813207303	995.090472061
1397	-60.5058813207303	995.699987855
1398	-60.5058813207303	996.35472628
1399	-60.5058813207303	996.914418236
1400	-60.5058813207303	997.374024891
1401	-60.5058813207303	997.978731357
1402	-60.5058813207303	998.650598508
1403	-60.5058813207303	999.318743126
1404	-60.5058813207303	999.999112488
1405	-60.5058813207303	1000.851908935
1406	-60.5058813207303	1001.559680838
1407	-60.5058813207303	1002.482853028
1408	-60.5058813207303	1003.359330052
1409	-60.5058813207303	1004.394433107
1410	-60.5058813207303	1005.485599668
1411	-60.5058813207303	1006.441998963
1412	-60.5058813207303	1007.376782936
1413	-60.5058813207303	1008.301171926
1414	-60.5058813207303	1009.569651022
1415	-60.5058813207303	1010.269116576
1416	-60.5058813207303	1011.241938408
1417	-60.5058813207303	1012.149057264
1418	-60.5058813207303	1012.982364369
1419	-60.5058813207303	1014.084215286
1420	-60.5058813207303	1014.734154645
1421	-60.5058813207303	1015.47223624
1422	-60.5058813207303	1016.115626883
1423	-60.5058813207303	1017.130484229
1424	-60.5058813207303	1017.683656265
1425	-60.5058813207303	1018.392323662
1426	-60.5058813207303	1019.042331445
1427	-60.5058813207303	1019.714226821
1428	-60.5058813207303	1020.458395841
1429	-60.5058813207303	1020.979271619
1430	-60.5058813207303	1021.488602042
1431	-60.5058813207303	1022.124485753
1432	-60.5058813207303	1023.051888807
1433	-60.5058813207303	1023.858466489
1434	-60.5058813207303	1024.460643844
1435	-60.5058813207303	1025.059678842
1436	-60.5058813207303	1025.694939613
1437	-60.5058813207303	1026.250036635
1438	-60.5058813207303	1027.00238485
1439	-60.5058813207303	1027.615015347
1440	-60.5058813207303	1028.330972146
1441	-60.5058813207303	1028.988462058
1442	-60.5058813207303	1029.880382306
1443	-60.5058813207303	1030.417608775
1444	-60.5058813207303	1031.236578269
1445	-60.5058813207303	1031.84517576
1446	-60.5058813207303	1032.610710072
1447	-60.5058813207303	1033.182011531
1448	-60.5058813207303	1033.7550213
1449	-60.5058813207303	1034.47855374
1450	-60.5058813207303	1035.290278308
1451	-60.5058813207303	1036.086865563
1452	-60.5058813207303	1036.670663464
1453	-60.5058813207303	1037.378124895
1454	-60.5058813207303	1038.17559339
1455	-60.5058813207303	1039.04338631
1456	-60.5058813207303	1039.899158902
1457	-60.5058813207303	1040.717945077
1458	-60.5058813207303	1041.799784066
1459	-60.5058813207303	1042.635882001
1460	-60.5058813207303	1043.714088263
1461	-60.5058813207303	1044.4955211
1462	-60.5058813207303	1045.122789702
1463	-60.5058813207303	1046.059328456
1464	-60.5058813207303	1047.007694527
1465	-60.5058813207303	1047.821496323
1466	-60.5058813207303	1048.360486413
1467	-60.5058813207303	1048.946768664
1468	-60.5058813207303	1049.46572031
1469	-60.5058813207303	1050.202256385
1470	-60.5058813207303	1050.894662326
1471	-60.5058813207303	1051.959525117
1472	-60.5058813207303	1052.728033008
1473	-60.5058813207303	1053.493688486
1474	-60.5058813207303	1054.109637531
1475	-60.5058813207303	1054.952533928
1476	-60.5058813207303	1055.48171748
1477	-60.5058813207303	1056.122198692
1478	-60.5058813207303	1056.765827393
1479	-60.5058813207303	1057.391263666
1480	-60.5058813207303	1058.181193012
1481	-60.5058813207303	1059.080767588
1482	-60.5058813207303	1059.773617429
1483	-60.5058813207303	1060.359676732
1484	-60.5058813207303	1061.109763545
1485	-60.5058813207303	1061.718359896
1486	-60.5058813207303	1062.201960167
1487	-60.5058813207303	1062.795061692
1488	-60.5058813207303	1063.354197992
1489	-60.5058813207303	1063.882052414
1490	-60.5058813207303	1064.41967631
1491	-60.5058813207303	1065.381880499
1492	-60.5058813207303	1065.908868791
1493	-60.5058813207303	1066.505478455
1494	-60.5058813207303	1067.114538377
1495	-60.5058813207303	1068.015571802
1496	-60.5058813207303	1068.583424707
1497	-60.5058813207303	1069.142921086
1498	-60.5058813207303	1069.599483173
1499	-60.5058813207303	1070.162111646
1500	-60.5058813207303	1070.733382028
1501	-60.5058813207303	1071.535499057
1502	-60.5058813207303	1072.147949941
1503	-60.5058813207303	1072.673674961
1504	-60.5058813207303	1073.512063949
1505	-60.5058813207303	1074.074217732
1506	-60.5058813207303	1075.193942908
1507	-60.5058813207303	1076.289706685
1508	-60.5058813207303	1077.178845225
1509	-60.5058813207303	1078.216324862
1510	-60.5058813207303	1079.183111441
1511	-60.5058813207303	1080.297859936
1512	-60.5058813207303	1081.824868185
1513	-60.5058813207303	1083.067541007
1514	-60.5058813207303	1084.030212473
1515	-60.5058813207303	1085.164410111
1516	-60.5058813207303	1085.968853544
1517	-60.5058813207303	1086.654658882
1518	-60.5058813207303	1087.459496322
1519	-60.5058813207303	1088.439061307
1520	-60.5058813207303	1089.146701494
1521	-60.5058813207303	1089.821316996
1522	-60.5058813207303	1090.615015347
1523	-60.5058813207303	1091.501307177
1524	-60.5058813207303	1092.24016652
1525	-60.5058813207303	1092.989300533
1526	-60.5058813207303	1093.565422724
1527	-60.5058813207303	1094.071963457
1528	-60.5058813207303	1094.554733236
1529	-60.5058813207303	1095.124957877
1530	-60.5058813207303	1095.861933573
1531	-60.5058813207303	1096.506019002
1532	-60.5058813207303	1097.221404749
1533	-60.5058813207303	1097.713188492
1534	-60.5058813207303	1098.434685898
1535	-60.5058813207303	1098.936201768
1536	-60.5058813207303	1099.601060624
1537	-60.5058813207303	1100.433147506
1538	-60.5058813207303	1101.419266624
1539	-60.5058813207303	1102.592338316
1540	-60.5058813207303	1103.556991502
1541	-60.5058813207303	1104.489219565
1542	-60.5058813207303	1105.260651142
1543	-60.5058813207303	1106.361782471
1544	-60.5058813207303	1107.132951472
1545	-60.5058813207303	1107.829721419
1546	-60.5058813207303	1108.320037188
1547	-60.5058813207303	1108.756260909
1548	-60.5058813207303	1109.282874581
1549	-60.5058813207303	1109.728422737
1550	-60.5058813207303	1110.22513498
1551	-60.5058813207303	1110.919485579
1552	-60.5058813207303	1111.633400218
1553	-60.5058813207303	1112.157978001
1554	-60.5058813207303	1112.929577786
1555	-60.5058813207303	1113.619651336
1556	-60.5058813207303	1114.442623044
1557	-60.5058813207303	1114.961762856
1558	-60.5058813207303	1115.587449445
1559	-60.5058813207303	1116.266231663
1560	-60.5058813207303	1117.43483643
1561	-60.5058813207303	1117.892677755
1562	-60.5058813207303	1118.370244198
1563	-60.5058813207303	1119.12732448
1564	-60.5058813207303	1119.905490087
1565	-60.5058813207303	1120.546789533
1566	-60.5058813207303	1121.226303599
1567	-60.5058813207303	1121.797200502
1568	-60.5058813207303	1122.600477597
1569	-60.5058813207303	1123.333542311
1570	-60.5058813207303	1124.035690358
1571	-60.5058813207303	1124.995442983
1572	-60.5058813207303	1125.719113697
1573	-60.5058813207303	1126.43518083
1574	-60.5058813207303	1126.979814732
1575	-60.5058813207303	1127.507191043
1576	-60.5058813207303	1127.95895549
1577	-60.5058813207303	1128.435294299
1578	-60.5058813207303	1128.889910017
1579	-60.5058813207303	1129.285667692
1580	-60.5058813207303	1129.721352576
1581	-60.5058813207303	1130.403033393
1582	-60.5058813207303	1131.190428498
1583	-60.5058813207303	1132.223995441
1584	-60.5058813207303	1132.932158499
1585	-60.5058813207303	1133.602851043
1586	-60.5058813207303	1134.27194504
1587	-60.5058813207303	1135.063110004
1588	-60.5058813207303	1135.777963757
1589	-60.5058813207303	1136.600481018
1590	-60.5058813207303	1137.214468015
1591	-60.5058813207303	1137.870445478
1592	-60.5058813207303	1138.733131997
1593	-60.5058813207303	1139.303993833
1594	-60.5058813207303	1140.192286485
1595	-60.5058813207303	1140.977635152
1596	-60.5058813207303	1141.694418168
1597	-60.5058813207303	1142.500492936
1598	-60.5058813207303	1143.18068012
1599	-60.5058813207303	1143.669437825
1600	-60.5058813207303	1144.341096284
1601	-60.5058813207303	1144.905180755
1602	-60.5058813207303	1145.616655234
1603	-60.5058813207303	1146.457587872
1604	-60.5058813207303	1147.555075925
1605	-60.5058813207303	1148.507729879
1606	-60.5058813207303	1149.255994626
1607	-60.5058813207303	1150.021597647
1608	-60.5058813207303	1150.397483662
1609	-60.5058813207303	1150.853007135
1610	-60.5058813207303	1151.445671889
1611	-60.5058813207303	1152.024521904
1612	-60.5058813207303	1152.90876302
1613	-60.5058813207303	1153.670033111
1614	-60.5058813207303	1154.619920754
1615	-60.5058813207303	1155.501984001
1616	-60.5058813207303	1156.540304964
1617	-60.5058813207303	1157.339225182
1618	-60.5058813207303	1158.055544057
1619	-60.5058813207303	1159.247486428
1620	-60.5058813207303	1160.018262563
1621	-60.5058813207303	1161.096824914
1622	-60.5058813207303	1161.831583683
1623	-60.5058813207303	1162.530642116
1624	-60.5058813207303	1163.207391011
1625	-60.5058813207303	1163.779785252
1626	-60.5058813207303	1164.414439619
1627	-60.5058813207303	1165.184248985
1628	-60.5058813207303	1165.72302411
1629	-60.5058813207303	1166.464395742
1630	-60.5058813207303	1167.230358557
1631	-60.5058813207303	1167.811634476
1632	-60.5058813207303	1168.601264755
1633	-60.5058813207303	1169.427821293
1634	-60.5058813207303	1170.107831146
1635	-60.5058813207303	1170.682144672
1636	-60.5058813207303	1171.268356788
1637	-60.5058813207303	1171.746916516
1638	-60.5058813207303	1172.265363253
1639	-60.5058813207303	1172.943675343
1640	-60.5058813207303	1173.520576424
1641	-60.5058813207303	1174.052972182
1642	-60.5058813207303	1174.738297129
1643	-60.5058813207303	1175.178233689
1644	-60.5058813207303	1175.629215255
1645	-60.5058813207303	1176.132717976
1646	-60.5058813207303	1176.664591434
1647	-60.5058813207303	1177.257830947
1648	-60.5058813207303	1177.745838558
1649	-60.5058813207303	1178.667866077
1650	-60.5058813207303	1179.147307329
1651	-60.5058813207303	1179.87039416
1652	-60.5058813207303	1180.45901308
1653	-60.5058813207303	1181.194082322
1654	-60.5058813207303	1181.883308558
1655	-60.5058813207303	1182.554625469
1656	-60.5058813207303	1183.022998622
1657	-60.5058813207303	1183.440270695
1658	-60.5058813207303	1184.037842282
1659	-60.5058813207303	1184.546136942
1660	-60.5058813207303	1185.083276171
1661	-60.5058813207303	1185.806340195
1662	-60.5058813207303	1186.441496049
1663	-60.5058813207303	1187.211900416
1664	-60.5058813207303	1188.011112004
1665	-60.5058813207303	1188.903244651
1666	-60.5058813207303	1189.626319793
1667	-60.5058813207303	1190.334258478
1668	-60.5058813207303	1191.016822245
1669	-60.5058813207303	1191.82611321
1670	-60.5058813207303	1192.417709415
1671	-60.5058813207303	1192.8483395
1672	-60.5058813207303	1193.412842211
1673	-60.5058813207303	1194.312046729
1674	-60.5058813207303	1194.853008845
1675	-60.5058813207303	1195.332219453
1676	-60.5058813207303	1195.95963659
1677	-60.5058813207303	1196.688990745
1678	-60.5058813207303	1197.615442425
1679	-60.5058813207303	1198.682667542
1680	-60.5058813207303	1199.257380776
1681	-60.5058813207303	1199.912613847
1682	-60.5058813207303	1200.422472558
1683	-60.5058813207303	1201.16776116
1684	-60.5058813207303	1201.844316473
1685	-60.5058813207303	1202.510611941
1686	-60.5058813207303	1203.018490927
1687	-60.5058813207303	1203.512999357
1688	-60.5058813207303	1204.109536321
1689	-60.5058813207303	1204.779740777
1690	-60.5058813207303	1205.325574089
1691	-60.5058813207303	1205.820295773
1692	-60.5058813207303	1206.575010306
1693	-60.5058813207303	1207.041210152
1694	-60.5058813207303	1207.491019963
1695	-60.5058813207303	1207.961998918
1696	-60.5058813207303	1208.342496118
1697	-60.5058813207303	1208.813800656
1698	-60.5058813207303	1209.265493543
1699	-60.5058813207303	1209.610233387
1700	-60.5058813207303	1210.08880908
1701	-60.5058813207303	1210.711374409
1702	-60.5058813207303	1211.215584746
1703	-60.5058813207303	1211.824846232
1704	-60.5058813207303	1212.491762645
1705	-60.5058813207303	1213.542858878
1706	-60.5058813207303	1214.130329705
1707	-60.5058813207303	1214.681123448
1708	-60.5058813207303	1215.20625974
1709	-60.5058813207303	1215.683408229
1710	-60.5058813207303	1216.352142716
1711	-60.5058813207303	1217.216680665
1712	-60.5058813207303	1217.847344506
1713	-60.5058813207303	1218.331219612
1714	-60.5058813207303	1218.930811978
1715	-60.5058813207303	1219.43875169
1716	-60.5058813207303	1219.970267063
1717	-60.5058813207303	1220.494783835
1718	-60.5058813207303	1221.069364783
1719	-60.5058813207303	1221.945099126
1720	-60.5058813207303	1222.349901555
1721	-60.5058813207303	1222.829115584
1722	-60.5058813207303	1223.340460799
1723	-60.5058813207303	1224.031324357
1724	-60.5058813207303	1224.734329126
1725	-60.5058813207303	1225.305797367
1726	-60.5058813207303	1226.129989012
1727	-60.5058813207303	1226.779844838
1728	-60.5058813207303	1227.653175514
1729	-60.5058813207303	1228.596397836
1730	-60.5058813207303	1229.382456969
1731	-60.5058813207303	1230.13712161
1732	-60.5058813207303	1230.813169447
1733	-60.5058813207303	1231.455001742
1734	-60.5058813207303	1231.997430406
1735	-60.5058813207303	1232.620082405
1736	-60.5058813207303	1233.00359766
1737	-60.5058813207303	1233.507673145
1738	-60.5058813207303	1234.095088948
1739	-60.5058813207303	1234.712109108
1740	-60.5058813207303	1235.271849817
1741	-60.5058813207303	1235.8293066
1742	-60.5058813207303	1236.371039909
1743	-60.5058813207303	1236.835236652
1744	-60.5058813207303	1237.187307238
1745	-60.5058813207303	1237.56293752
1746	-60.5058813207303	1238.153022701
1747	-60.5058813207303	1238.999154683
1748	-60.5058813207303	1240.031579521
1749	-60.5058813207303	1240.77521227
1750	-60.5058813207303	1241.34695107
1751	-60.5058813207303	1242.080873645
1752	-60.5058813207303	1242.716636475
1753	-60.5058813207303	1243.328171338
1754	-60.5058813207303	1243.715732712
1755	-60.5058813207303	1244.141518401
1756	-60.5058813207303	1244.647284521
1757	-60.5058813207303	1245.167842128
1758	-60.5058813207303	1245.690395996
1759	-60.5058813207303	1246.238556854
1760	-60.5058813207303	1246.848039006
1761	-60.5058813207303	1247.369831946
1762	-60.5058813207303	1248.093835939
1763	-60.5058813207303	1248.739520772
1764	-60.5058813207303	1249.18951048
1765	-60.5058813207303	1249.638218099
1766	-60.5058813207303	1250.206185044
1767	-60.5058813207303	1250.737850664
1768	-60.5058813207303	1251.29651541
1769	-60.5058813207303	1252.118019716
1770	-60.5058813207303	1252.775356815
1771	-60.5058813207303	1253.487687445
1772	-60.5058813207303	1254.0897194
1773	-60.5058813207303	1254.784332861
1774	-60.5058813207303	1255.448952234
1775	-60.5058813207303	1256.001026355
1776	-60.5058813207303	1256.396426802
1777	-60.5058813207303	1256.880057864
1778	-60.5058813207303	1257.478907548
1779	-60.5058813207303	1258.013864347
1780	-60.5058813207303	1258.7218113
1781	-60.5058813207303	1259.394126341
1782	-60.5058813207303	1259.987600775
1783	-60.5058813207303	1260.508644761
1784	-60.5058813207303	1261.090481754
1785	-60.5058813207303	1261.650876764
1786	-60.5058813207303	1262.531757137
1787	-60.5058813207303	1263.156820785
1788	-60.5058813207303	1263.98296222
1789	-60.5058813207303	1264.546437151
1790	-60.5058813207303	1265.26532676
1791	-60.5058813207303	1266.056481746
1792	-60.5058813207303	1266.963731747
1793	-60.5058813207303	1267.597462394
1794	-60.5058813207303	1268.18130306
1795	-60.5058813207303	1268.924499609
1796	-60.5058813207303	1269.516715903
1797	-60.5058813207303	1270.320369898
1798	-60.5058813207303	1271.303396266
1799	-60.5058813207303	1271.798179816
1800	-60.5058813207303	1272.374439425
1801	-60.5058813207303	1272.937938304
1802	-60.5058813207303	1273.809784471
1803	-60.5058813207303	1275.007481558
1804	-60.5058813207303	1275.654611271
1805	-60.5058813207303	1276.504237706
1806	-60.5058813207303	1277.096581724
1807	-60.5058813207303	1277.840231295
1808	-60.5058813207303	1278.664315458
1809	-60.5058813207303	1279.511044436
1810	-60.5058813207303	1280.30391429
1811	-60.5058813207303	1281.088078658
1812	-60.5058813207303	1281.734913863
1813	-60.5058813207303	1282.522910811
1814	-60.5058813207303	1283.304575719
1815	-60.5058813207303	1284.114028906
1816	-60.5058813207303	1284.805930508
1817	-60.5058813207303	1285.825218001
1818	-60.5058813207303	1286.474616813
1819	-60.5058813207303	1287.108379106
1820	-60.5058813207303	1287.814584392
1821	-60.5058813207303	1288.389013382
1822	-60.5058813207303	1289.083369683
1823	-60.5058813207303	1289.975636041
1824	-60.5058813207303	1290.784887948
1825	-60.5058813207303	1291.452732927
1826	-60.5058813207303	1292.066140318
1827	-60.5058813207303	1292.524631667
1828	-60.5058813207303	1293.058087707
1829	-60.5058813207303	1293.800028966
1830	-60.5058813207303	1294.539257227
1831	-60.5058813207303	1295.625850235
1832	-60.5058813207303	1296.210352331
1833	-60.5058813207303	1296.967672381
1834	-60.5058813207303	1297.505433695
1835	-60.5058813207303	1297.918236277
1836	-60.5058813207303	1298.560037496
1837	-60.5058813207303	1299.301287962
1838	-60.5058813207303	1299.774076437
1839	-60.5058813207303	1300.50098188
1840	-60.5058813207303	1301.188994737
1841	-60.5058813207303	1302.051448044
1842	-60.5058813207303	1302.888304057
1843	-60.5058813207303	1304.062395262
1844	-60.5058813207303	1305.089707141
1845	-60.5058813207303	1305.759665556
1846	-60.5058813207303	1306.255927913
1847	-60.5058813207303	1306.730522489
1848	-60.5058813207303	1307.284575194
1849	-60.5058813207303	1308.38816949
1850	-60.5058813207303	1308.872290351
1851	-60.5058813207303	1309.354839749
1852	-60.5058813207303	1309.908922105
1853	-60.5058813207303	1310.411212302
1854	-60.5058813207303	1310.898351218
1855	-60.5058813207303	1311.762901141
1856	-60.5058813207303	1312.573770697
1857	-60.5058813207303	1313.399566308
1858	-60.5058813207303	1314.350662199
1859	-60.5058813207303	1315.253414484
1860	-60.5058813207303	1316.00436543
1861	-60.5058813207303	1316.713084716
1862	-60.5058813207303	1317.19097104
1863	-60.5058813207303	1317.64567742
1864	-60.5058813207303	1318.095476112
1865	-60.5058813207303	1318.806242121
1866	-60.5058813207303	1319.378523463
1867	-60.5058813207303	1320.053556919
1868	-60.5058813207303	1320.812090349
1869	-60.5058813207303	1321.571497036
1870	-60.5058813207303	1322.198414681
1871	-60.5058813207303	1322.930694517
1872	-60.5058813207303	1323.71224396
1873	-60.5058813207303	1324.404334298
1874	-60.5058813207303	1325.059764372
1875	-60.5058813207303	1325.640090342
1876	-60.5058813207303	1326.399418057
1877	-60.5058813207303	1326.917501578
1878	-60.5058813207303	1327.34274615
1879	-60.5058813207303	1327.877799027
1880	-60.5058813207303	1328.329026063
1881	-60.5058813207303	1328.744862095
1882	-60.5058813207303	1329.237860358
1883	-60.5058813207303	1330.02033295
1884	-60.5058813207303	1330.586246614
1885	-60.5058813207303	1331.203362282
1886	-60.5058813207303	1331.920186637
1887	-60.5058813207303	1332.485034317
1888	-60.5058813207303	1333.069464853
1889	-60.5058813207303	1333.794734684
1890	-60.5058813207303	1334.691024354
1891	-60.5058813207303	1335.337068411
1892	-60.5058813207303	1336.014287433
1893	-60.5058813207303	1336.876207321
1894	-60.5058813207303	1337.505463345
1895	-60.5058813207303	1338.38254706
1896	-60.5058813207303	1338.939101506
1897	-60.5058813207303	1339.612219099
1898	-60.5058813207303	1340.34502922
1899	-60.5058813207303	1341.115054405
1900	-60.5058813207303	1342.007766087
1901	-60.5058813207303	1342.628519614
1902	-60.5058813207303	1343.289104557
1903	-60.5058813207303	1344.010820349
1904	-60.5058813207303	1344.779487895
1905	-60.5058813207303	1345.604610387
1906	-60.5058813207303	1346.248496817
1907	-60.5058813207303	1346.813808923
1908	-60.5058813207303	1347.556383387
1909	-60.5058813207303	1348.41922614
1910	-60.5058813207303	1349.083751716
1911	-60.5058813207303	1349.655790724
1912	-60.5058813207303	1350.194018745
1913	-60.5058813207303	1350.745397795
1914	-60.5058813207303	1351.313203944
1915	-60.5058813207303	1351.86125903
1916	-60.5058813207303	1352.493341521
1917	-60.5058813207303	1353.418241979
1918	-60.5058813207303	1354.472656475
1919	-60.5058813207303	1355.512998502
1920	-60.5058813207303	1356.151008765
1921	-60.5058813207303	1356.919726203
1922	-60.5058813207303	1358.04214328
1923	-60.5058813207303	1358.857061808
1924	-60.5058813207303	1359.626666188
1925	-60.5058813207303	1360.302574612
1926	-60.5058813207303	1361.375672191
1927	-60.5058813207303	1362.148905022
1928	-60.5058813207303	1362.768309177
1929	-60.5058813207303	1363.483270982
1930	-60.5058813207303	1364.604811667
1931	-60.5058813207303	1365.465083685
1932	-60.5058813207303	1366.269245441
1933	-60.5058813207303	1367.115018198
1934	-60.5058813207303	1368.606117704
1935	-60.5058813207303	1369.236349905
1936	-60.5058813207303	1369.811956067
1937	-60.5058813207303	1370.527565332
1938	-60.5058813207303	1371.367841387
1939	-60.5058813207303	1372.144342588
1940	-60.5058813207303	1373.909000222
1941	-60.5058813207303	1374.748474865
1942	-60.5058813207303	1375.339350625
1943	-60.5058813207303	1376.080134669
1944	-60.5058813207303	1376.643065346
1945	-60.5058813207303	1377.195746157
1946	-60.5058813207303	1377.802656435
1947	-60.5058813207303	1378.584368384
1948	-60.5058813207303	1379.081697865
1949	-60.5058813207303	1379.732049762
1950	-60.5058813207303	1380.487204203
1951	-60.5058813207303	1380.967272102
1952	-60.5058813207303	1381.561697626
1953	-60.5058813207303	1382.452723804
1954	-60.5058813207303	1383.374961726
1955	-60.5058813207303	1383.974251317
1956	-60.5058813207303	1384.541314214
1957	-60.5058813207303	1385.12703539
1958	-60.5058813207303	1385.85721177
1959	-60.5058813207303	1386.543011406
1960	-60.5058813207303	1387.170979639
1961	-60.5058813207303	1388.021144055
1962	-60.5058813207303	1388.847602805
1963	-60.5058813207303	1389.736254397
1964	-60.5058813207303	1390.595202417
1965	-60.5058813207303	1391.514426561
1966	-60.5058813207303	1392.272461924
1967	-60.5058813207303	1393.165427913
1968	-60.5058813207303	1393.747717358
1969	-60.5058813207303	1394.777315443
1970	-60.5058813207303	1395.433811216
1971	-60.5058813207303	1396.128436935
1972	-60.5058813207303	1396.835299373
1973	-60.5058813207303	1397.424089067
1974	-60.5058813207303	1398.265912353
1975	-60.5058813207303	1399.429720906
1976	-60.5058813207303	1400.214672145
1977	-60.5058813207303	1400.888530425
1978	-60.5058813207303	1401.609754137
1979	-60.5058813207303	1402.376960837
1980	-60.5058813207303	1402.807188078
1981	-60.5058813207303	1403.429330606
1982	-60.5058813207303	1403.943923949
1983	-60.5058813207303	1404.311420652
1984	-60.5058813207303	1404.679986475
1985	-60.5058813207303	1405.224996137
1986	-60.5058813207303	1405.753770002
1987	-60.5058813207303	1406.261633592
1988	-60.5058813207303	1406.964748409
1989	-60.5058813207303	1407.757031245
1990	-60.5058813207303	1408.548416591
1991	-60.5058813207303	1409.202002932
1992	-60.5058813207303	1409.875485737
1993	-60.5058813207303	1410.618633819
1994	-60.5058813207303	1411.565301843
1995	-60.5058813207303	1412.195390069
1996	-60.5058813207303	1412.746009332
1997	-60.5058813207303	1413.292802856
1998	-60.5058813207303	1413.946862461
1999	-60.5058813207303	1414.48347996
2000	-60.5058813207303	1415.106535943
2001	-60.5058813207303	1415.89040894
2002	-60.5058813207303	1416.424678651
2003	-60.5058813207303	1417.438667586
2004	-60.5058813207303	1418.146595723
2005	-60.5058813207303	1418.815883586
2006	-60.5058813207303	1419.320800968
2007	-60.5058813207303	1419.94454632
2008	-60.5058813207303	1420.3956271
2009	-60.5058813207303	1420.929306657
2010	-60.5058813207303	1421.555905277
2011	-60.5058813207303	1422.22410948
2012	-60.5058813207303	1423.22075729
2013	-60.5058813207303	1424.047141059
2014	-60.5058813207303	1424.765914919
2015	-60.5058813207303	1425.484226633
2016	-60.5058813207303	1426.113994409
2017	-60.5058813207303	1426.692838721
2018	-60.5058813207303	1427.239575796
2019	-60.5058813207303	1427.739370525
2020	-60.5058813207303	1428.314776833
2021	-60.5058813207303	1428.824053088
2022	-60.5058813207303	1429.231690538
2023	-60.5058813207303	1429.699703897
2024	-60.5058813207303	1430.336591726
2025	-60.5058813207303	1430.866453812
2026	-60.5058813207303	1431.27395413
2027	-60.5058813207303	1432.231276575
2028	-60.5058813207303	1432.978548038
2029	-60.5058813207303	1433.71581254
2030	-60.5058813207303	1434.45566203
2031	-60.5058813207303	1434.933700312
2032	-60.5058813207303	1435.424852846
2033	-60.5058813207303	1435.944455088
2034	-60.5058813207303	1436.658801366
2035	-60.5058813207303	1437.256790337
2036	-60.5058813207303	1438.079150509
2037	-60.5058813207303	1439.103712897
2038	-60.5058813207303	1440.297170567
2039	-60.5058813207303	1441.317271161
2040	-60.5058813207303	1441.987300566
2041	-60.5058813207303	1443.04280699
2042	-60.5058813207303	1443.799976223
2043	-60.5058813207303	1444.400243987
2044	-60.5058813207303	1445.05814045
2045	-60.5058813207303	1445.86024693
2046	-60.5058813207303	1446.527783147
2047	-60.5058813207303	1447.18471341
2048	-60.5058813207303	1448.045385992
2049	-60.5058813207303	1448.694637409
2050	-60.5058813207303	1449.36919304
2051	-60.5058813207303	1450.05685323
2052	-60.5058813207303	1450.747443663
2053	-60.5058813207303	1451.388150959
2054	-60.5058813207303	1451.94353422
2055	-60.5058813207303	1452.495264512
2056	-60.5058813207303	1453.00124189
2057	-60.5058813207303	1453.506289846
2058	-60.5058813207303	1454.037739647
2059	-60.5058813207303	1454.765259762
2060	-60.5058813207303	1455.315924926
2061	-60.5058813207303	1455.724490657
2062	-60.5058813207303	1456.289819299
2063	-60.5058813207303	1456.980661475
2064	-60.5058813207303	1457.494355332
2065	-60.5058813207303	1458.167970138
2066	-60.5058813207303	1458.947688107
2067	-60.5058813207303	1459.533070587
2068	-60.5058813207303	1460.159329083
2069	-60.5058813207303	1460.661920345
2070	-60.5058813207303	1461.268729412
2071	-60.5058813207303	1461.813203659
2072	-60.5058813207303	1462.498969654
2073	-60.5058813207303	1463.27782748
2074	-60.5058813207303	1463.818803567
2075	-60.5058813207303	1464.524391329
2076	-60.5058813207303	1465.134403765
2077	-60.5058813207303	1465.806416031
2078	-60.5058813207303	1466.287022766
2079	-60.5058813207303	1466.902302115
2080	-60.5058813207303	1467.448371773
2081	-60.5058813207303	1467.922136427
2082	-60.5058813207303	1468.64358166
2083	-60.5058813207303	1469.249552538
2084	-60.5058813207303	1470.062198829
2085	-60.5058813207303	1470.836527008
2086	-60.5058813207303	1471.367373825
2087	-60.5058813207303	1471.930174498
2088	-60.5058813207303	1472.493681644
2089	-60.5058813207303	1472.970870617
2090	-60.5058813207303	1473.437309091
2091	-60.5058813207303	1473.980562545
2092	-60.5058813207303	1474.532494687
2093	-60.5058813207303	1475.003796088
2094	-60.5058813207303	1475.483420374
2095	-60.5058813207303	1476.131853557
2096	-60.5058813207303	1476.70188262
2097	-60.5058813207303	1477.270029177
2098	-60.5058813207303	1477.781776381
2099	-60.5058813207303	1478.25175578
2100	-60.5058813207303	1479.035949798
2101	-60.5058813207303	1479.581406779
2102	-60.5058813207303	1480.115900293
2103	-60.5058813207303	1480.658042433
2104	-60.5058813207303	1481.424895611
2105	-60.5058813207303	1482.146951526
2106	-60.5058813207303	1483.041155699
2107	-60.5058813207303	1483.786424344
2108	-60.5058813207303	1484.436761701
2109	-60.5058813207303	1485.349431143
2110	-60.5058813207303	1485.980431685
2111	-60.5058813207303	1486.734727979
2112	-60.5058813207303	1487.244143932
2113	-60.5058813207303	1487.797219034
2114	-60.5058813207303	1488.368805591
2115	-60.5058813207303	1488.962481305
2116	-60.5058813207303	1489.528466814
2117	-60.5058813207303	1490.087827201
2118	-60.5058813207303	1490.712438968
2119	-60.5058813207303	1491.226705018
2120	-60.5058813207303	1491.984329554
2121	-60.5058813207303	1492.78274087
2122	-60.5058813207303	1493.503365875
2123	-60.5058813207303	1494.085737713
2124	-60.5058813207303	1495.237296433
2125	-60.5058813207303	1495.907017076
2126	-60.5058813207303	1496.746793638
2127	-60.5058813207303	1497.659707694
2128	-60.5058813207303	1498.53397777
2129	-60.5058813207303	1499.328135415
2130	-60.5058813207303	1499.940399275
2131	-60.5058813207303	1500.920236244
2132	-60.5058813207303	1501.740863587
2133	-60.5058813207303	1502.705225687
2134	-60.5058813207303	1503.392065933
2135	-60.5058813207303	1504.135496263
2136	-60.5058813207303	1505.078695776
2137	-60.5058813207303	1505.731910634
2138	-60.5058813207303	1506.631705876
2139	-60.5058813207303	1507.54548207
2140	-60.5058813207303	1508.290156
2141	-60.5058813207303	1509.345872256
2142	-60.5058813207303	1510.104563346
2143	-60.5058813207303	1510.736823454
2144	-60.5058813207303	1511.349148895
2145	-60.5058813207303	1512.076555826
2146	-60.5058813207303	1512.690888362
2147	-60.5058813207303	1513.438445209
2148	-60.5058813207303	1514.147002558
2149	-60.5058813207303	1515.169748583
2150	-60.5058813207303	1516.17241454
2151	-60.5058813207303	1516.788947182
2152	-60.5058813207303	1517.422901346
2153	-60.5058813207303	1517.982680543
2154	-60.5058813207303	1518.359717216
2155	-60.5058813207303	1518.943695015
2156	-60.5058813207303	1519.489123772
2157	-60.5058813207303	1520.338622483
2158	-60.5058813207303	1521.142602631
2159	-60.5058813207303	1521.635945008
2160	-60.5058813207303	1522.189485676
2161	-60.5058813207303	1522.69128693
2162	-60.5058813207303	1523.313877062
2163	-60.5058813207303	1523.867351588
2164	-60.5058813207303	1524.400664508
2165	-60.5058813207303	1525.018558496
2166	-60.5058813207303	1525.768787573
2167	-60.5058813207303	1526.764350297
2168	-60.5058813207303	1527.800535871
2169	-60.5058813207303	1528.519431183
2170	-60.5058813207303	1529.033322614
2171	-60.5058813207303	1529.504312402
2172	-60.5058813207303	1530.068189036
2173	-60.5058813207303	1530.52794993
2174	-60.5058813207303	1531.440747665
2175	-60.5058813207303	1532.187097975
2176	-60.5058813207303	1532.7566552
2177	-60.5058813207303	1533.348611769
2178	-60.5058813207303	1533.988535043
2179	-60.5058813207303	1534.433928961
2180	-60.5058813207303	1535.077090671
2181	-60.5058813207303	1535.541614422
2182	-60.5058813207303	1536.362861569
2183	-60.5058813207303	1536.986511128
2184	-60.5058813207303	1537.703419302
2185	-60.5058813207303	1538.499307781
2186	-60.5058813207303	1539.087572608
2187	-60.5058813207303	1539.615586114
2188	-60.5058813207303	1540.233555368
2189	-60.5058813207303	1541.380903751
2190	-60.5058813207303	1541.864627755
2191	-60.5058813207303	1542.284704914
2192	-60.5058813207303	1542.778370023
2193	-60.5058813207303	1543.551926725
2194	-60.5058813207303	1544.508278979
2195	-60.5058813207303	1545.723501935
2196	-60.5058813207303	1546.895152126
2197	-60.5058813207303	1547.7410623
2198	-60.5058813207303	1549.499597441
2199	-60.5058813207303	1550.690422511
2200	-60.5058813207303	1551.308930886
2201	-60.5058813207303	1552.076904787
2202	-60.5058813207303	1552.644570667
2203	-60.5058813207303	1553.130243605
2204	-60.5058813207303	1553.754354169
2205	-60.5058813207303	1554.182610808
2206	-60.5058813207303	1554.619240794
2207	-60.5058813207303	1555.115450122
2208	-60.5058813207303	1555.7549218
2209	-60.5058813207303	1556.525932287
2210	-60.5058813207303	1557.250316602
2211	-60.5058813207303	1557.857628299
2212	-60.5058813207303	1558.364991826
2213	-60.5058813207303	1559.040237966
2214	-60.5058813207303	1559.667048984
2215	-60.5058813207303	1560.270656394
2216	-60.5058813207303	1561.154315909
2217	-60.5058813207303	1563.474454877
2218	-60.5058813207303	1564.145999581
2219	-60.5058813207303	1564.830565881
2220	-60.5058813207303	1565.4135484
2221	-60.5058813207303	1566.327857159
2222	-60.5058813207303	1567.086660862
2223	-60.5058813207303	1567.681505195
2224	-60.5058813207303	1568.254355309
2225	-60.5058813207303	1568.828290509
2226	-60.5058813207303	1569.821662536
2227	-60.5058813207303	1570.426918956
2228	-60.5058813207303	1571.059880122
2229	-60.5058813207303	1571.77011043
2230	-60.5058813207303	1572.474703768
2231	-60.5058813207303	1573.091937468
2232	-60.5058813207303	1573.662868012
2233	-60.5058813207303	1574.168712534
2234	-60.5058813207303	1574.748785908
2235	-60.5058813207303	1575.204636103
2236	-60.5058813207303	1575.664244754
2237	-60.5058813207303	1576.392439412
2238	-60.5058813207303	1577.243654132
2239	-60.5058813207303	1578.053787849
2240	-60.5058813207303	1578.901525791
2241	-60.5058813207303	1579.334508225
2242	-60.5058813207303	1579.774061897
2243	-60.5058813207303	1580.661426839
2244	-60.5058813207303	1581.426499861
2245	-60.5058813207303	1582.367232131
2246	-60.5058813207303	1583.170621555
2247	-60.5058813207303	1584.191841732
2248	-60.5058813207303	1584.896560798
2249	-60.5058813207303	1585.94467718
2250	-60.5058813207303	1586.755428991
2251	-60.5058813207303	1587.449411243
2252	-60.5058813207303	1588.155133287
2253	-60.5058813207303	1588.706005147
2254	-60.5058813207303	1589.221978938
2255	-60.5058813207303	1589.893093999
2256	-60.5058813207303	1590.764967536
2257	-60.5058813207303	1591.50469586
2258	-60.5058813207303	1592.346449011
2259	-60.5058813207303	1592.849035711
2260	-60.5058813207303	1593.358668339
2261	-60.5058813207303	1593.970031002
2262	-60.5058813207303	1594.905047899
2263	-60.5058813207303	1595.757694099
2264	-60.5058813207303	1596.410748162
2265	-60.5058813207303	1597.022637117
2266	-60.5058813207303	1597.4656918
2267	-60.5058813207303	1598.184508709
2268	-60.5058813207303	1598.754820875
2269	-60.5058813207303	1599.229619296
2270	-60.5058813207303	1599.672161943
2271	-60.5058813207303	1600.318543557
2272	-60.5058813207303	1600.977162174
2273	-60.5058813207303	1601.592630827
2274	-60.5058813207303	1602.055532082
2275	-60.5058813207303	1602.594069435
2276	-60.5058813207303	1603.326579062
2277	-60.5058813207303	1603.984098339
2278	-60.5058813207303	1604.790770103
2279	-60.5058813207303	1605.360077296
2280	-60.5058813207303	1605.892348751
2281	-60.5058813207303	1606.671311779
2282	-60.5058813207303	1607.251151086
2283	-60.5058813207303	1607.74226
2284	-60.5058813207303	1608.406151801
2285	-60.5058813207303	1609.015923899
2286	-60.5058813207303	1609.740598445
2287	-60.5058813207303	1610.418898847
2288	-60.5058813207303	1611.060507909
2289	-60.5058813207303	1611.521240419
2290	-60.5058813207303	1612.049169536
2291	-60.5058813207303	1612.586985019
2292	-60.5058813207303	1613.166594252
2293	-60.5058813207303	1614.086724154
2294	-60.5058813207303	1614.819908894
2295	-60.5058813207303	1615.650151188
2296	-60.5058813207303	1616.495121677
2297	-60.5058813207303	1617.641235013
2298	-60.5058813207303	1618.4137206
2299	-60.5058813207303	1619.101416142
2300	-60.5058813207303	1619.866099434
2301	-60.5058813207303	1620.572303865
2302	-60.5058813207303	1621.274120057
2303	-60.5058813207303	1621.892814032
2304	-60.5058813207303	1622.432504609
2305	-60.5058813207303	1623.088809365
2306	-60.5058813207303	1623.725473962
2307	-60.5058813207303	1624.496921505
2308	-60.5058813207303	1625.257417839
2309	-60.5058813207303	1625.972615991
2310	-60.5058813207303	1626.760696758
2311	-60.5058813207303	1627.41123625
2312	-60.5058813207303	1628.054900304
2313	-60.5058813207303	1629.229515521
2314	-60.5058813207303	1629.796145638
2315	-60.5058813207303	1630.575181936
2316	-60.5058813207303	1631.403296253
2317	-60.5058813207303	1632.131405667
2318	-60.5058813207303	1632.791016428
2319	-60.5058813207303	1633.708125995
2320	-60.5058813207303	1634.24288237
2321	-60.5058813207303	1634.812330402
2322	-60.5058813207303	1635.369660316
2323	-60.5058813207303	1636.030440266
2324	-60.5058813207303	1636.861297803
2325	-60.5058813207303	1637.538417041
2326	-60.5058813207303	1638.034632357
2327	-60.5058813207303	1638.651019883
2328	-60.5058813207303	1639.296366589
2329	-60.5058813207303	1639.999179201
2330	-60.5058813207303	1640.540780224
2331	-60.5058813207303	1640.941609804
2332	-60.5058813207303	1641.442486767
2333	-60.5058813207303	1642.095061864
2334	-60.5058813207303	1642.611997293
2335	-60.5058813207303	1643.141372146
2336	-60.5058813207303	1643.651404196
2337	-60.5058813207303	1644.236901571
2338	-60.5058813207303	1644.866742332
2339	-60.5058813207303	1645.765220133
2340	-60.5058813207303	1646.38207123
2341	-60.5058813207303	1646.906701186
2342	-60.5058813207303	1647.567411572
2343	-60.5058813207303	1648.083986637
2344	-60.5058813207303	1648.913730863
2345	-60.5058813207303	1649.925136519
2346	-60.5058813207303	1650.570788281
2347	-60.5058813207303	1651.376705104
2348	-60.5058813207303	1652.079549647
2349	-60.5058813207303	1652.727000095
2350	-60.5058813207303	1653.471906095
2351	-60.5058813207303	1654.338739374
2352	-60.5058813207303	1655.094238214
2353	-60.5058813207303	1656.025007997
2354	-60.5058813207303	1656.794508886
2355	-60.5058813207303	1657.408072511
2356	-60.5058813207303	1658.205486267
2357	-60.5058813207303	1658.866963853
2358	-60.5058813207303	1659.39423981
2359	-60.5058813207303	1660.106718121
2360	-60.5058813207303	1660.668441691
2361	-60.5058813207303	1661.428676874
2362	-60.5058813207303	1662.24168239
2363	-60.5058813207303	1663.112493649
2364	-60.5058813207303	1663.782850918
2365	-60.5058813207303	1664.658558747
2366	-60.5058813207303	1665.208621782
2367	-60.5058813207303	1665.751124572
2368	-60.5058813207303	1666.429109084
2369	-60.5058813207303	1667.500336702
2370	-60.5058813207303	1668.190316739
2371	-60.5058813207303	1669.112957505
2372	-60.5058813207303	1669.773727476
2373	-60.5058813207303	1670.723221398
2374	-60.5058813207303	1671.657547787
2375	-60.5058813207303	1672.29337676
2376	-60.5058813207303	1672.988324356
2377	-60.5058813207303	1673.559298235
2378	-60.5058813207303	1674.040708664
2379	-60.5058813207303	1674.603540982
2380	-60.5058813207303	1675.148519568
2381	-60.5058813207303	1675.671708066
2382	-60.5058813207303	1676.270867937
2383	-60.5058813207303	1676.929194328
2384	-60.5058813207303	1677.581394805
2385	-60.5058813207303	1678.207369344
2386	-60.5058813207303	1678.845114749
2387	-60.5058813207303	1679.283882405
2388	-60.5058813207303	1679.779075072
2389	-60.5058813207303	1680.508305208
2390	-60.5058813207303	1681.391367156
2391	-60.5058813207303	1681.978708264
2392	-60.5058813207303	1682.694176689
2393	-60.5058813207303	1683.267477259
2394	-60.5058813207303	1683.923775174
2395	-60.5058813207303	1684.400052401
2396	-60.5058813207303	1684.931647602
2397	-60.5058813207303	1685.544687215
2398	-60.5058813207303	1686.163776907
2399	-60.5058813207303	1686.720339336
2400	-60.5058813207303	1687.29426085
2401	-60.5058813207303	1687.897397563
2402	-60.5058813207303	1688.770515555
2403	-60.5058813207303	1689.635302681
2404	-60.5058813207303	1690.303183583
2405	-60.5058813207303	1690.910168271
2406	-60.5058813207303	1691.71389069
2407	-60.5058813207303	1692.556196932
2408	-60.5058813207303	1693.282038957
2409	-60.5058813207303	1693.792412841
2410	-60.5058813207303	1694.224396004
2411	-60.5058813207303	1694.71464278
2412	-60.5058813207303	1695.233360931
2413	-60.5058813207303	1695.732468857
2414	-60.5058813207303	1696.177032568
2415	-60.5058813207303	1696.676858943
2416	-60.5058813207303	1697.150962579
2417	-60.5058813207303	1697.628419829
2418	-60.5058813207303	1698.124767146
2419	-60.5058813207303	1698.603317465
2420	-60.5058813207303	1699.282290414
2421	-60.5058813207303	1700.204520353
2422	-60.5058813207303	1701.084044797
2423	-60.5058813207303	1701.958298338
2424	-60.5058813207303	1702.493414792
2425	-60.5058813207303	1703.035757356
2426	-60.5058813207303	1703.743107598
2427	-60.5058813207303	1704.61596444
2428	-60.5058813207303	1705.469935209
2429	-60.5058813207303	1706.046337937
2430	-60.5058813207303	1706.755751152
2431	-60.5058813207303	1707.161069895
2432	-60.5058813207303	1707.701096033
2433	-60.5058813207303	1708.249492097
2434	-60.5058813207303	1708.90289626
2435	-60.5058813207303	1709.651677036
2436	-60.5058813207303	1710.577006282
2437	-60.5058813207303	1711.575962536
2438	-60.5058813207303	1712.179502663
2439	-60.5058813207303	1712.824502688
2440	-60.5058813207303	1713.568324173
2441	-60.5058813207303	1714.283220691
2442	-60.5058813207303	1715.135218577
2443	-60.5058813207303	1715.923416805
2444	-60.5058813207303	1716.677307403
2445	-60.5058813207303	1717.297629291
2446	-60.5058813207303	1717.947736859
2447	-60.5058813207303	1718.87091247
2448	-60.5058813207303	1719.677423723
2449	-60.5058813207303	1720.452172423
2450	-60.5058813207303	1721.027464407
2451	-60.5058813207303	1721.758478121
2452	-60.5058813207303	1722.789309828
2453	-60.5058813207303	1723.584256625
2454	-60.5058813207303	1724.176078913
2455	-60.5058813207303	1724.689231083
2456	-60.5058813207303	1725.278453271
2457	-60.5058813207303	1725.821288201
2458	-60.5058813207303	1726.283150842
2459	-60.5058813207303	1726.712571824
2460	-60.5058813207303	1727.157960325
2461	-60.5058813207303	1727.72311135
2462	-60.5058813207303	1728.178283866
2463	-60.5058813207303	1728.694111117
2464	-60.5058813207303	1729.604499769
2465	-60.5058813207303	1730.391725525
2466	-60.5058813207303	1731.405835912
2467	-60.5058813207303	1732.236551755
2468	-60.5058813207303	1732.883238709
2469	-60.5058813207303	1733.840036572
2470	-60.5058813207303	1734.576202589
2471	-60.5058813207303	1735.070573031
2472	-60.5058813207303	1735.481937576
2473	-60.5058813207303	1736.096664118
2474	-60.5058813207303	1736.84722733
2475	-60.5058813207303	1737.477761166
2476	-60.5058813207303	1738.030193371
2477	-60.5058813207303	1738.593763524
2478	-60.5058813207303	1739.324567976
2479	-60.5058813207303	1740.133665929
2480	-60.5058813207303	1740.669591494
2481	-60.5058813207303	1741.384098852
2482	-60.5058813207303	1742.063081494
2483	-60.5058813207303	1742.943645693
2484	-60.5058813207303	1743.58411151
2485	-60.5058813207303	1744.158317268
2486	-60.5058813207303	1744.684471932
2487	-60.5058813207303	1745.154874132
2488	-60.5058813207303	1745.712042966
2489	-60.5058813207303	1746.228633996
2490	-60.5058813207303	1746.764018157
2491	-60.5058813207303	1747.353416537
2492	-60.5058813207303	1747.796593242
2493	-60.5058813207303	1748.249409133
2494	-60.5058813207303	1749.139171469
2495	-60.5058813207303	1749.769934524
2496	-60.5058813207303	1750.371236342
2497	-60.5058813207303	1750.873559325
2498	-60.5058813207303	1751.265593898
2499	-60.5058813207303	1751.686033987
2500	-60.5058813207303	1752.186045961
2501	-60.5058813207303	1752.601476013
