1	-50.59023878286788	1.457780028
2	-50.59023878286788	2.557080738
3	-50.632162769975	3.437588203
4	-50.73449395447838	3.997433542
5	-50.73449395447838	4.54451302
6	-50.73449395503549	5.151349458
7	-50.73449395503549	5.72741862
8	-50.73449395503549	6.364334674
9	-50.73449395503549	6.844431938
10	-50.73449395503549	7.398089212
11	-50.73449395503549	7.831765006
12	-50.73449395503549	8.323972405
13	-50.73449395503549	8.772329068
14	-50.73449395503549	9.167353755
15	-50.73449395503549	9.643116949
16	-50.73449395503549	10.033644775
17	-50.73449395503549	10.561265131
18	-50.73449395503549	10.937590198
19	-50.73449395503549	11.36251774
20	-50.73449395503549	11.739468314
21	-50.73449395509296	12.143811735
22	-50.73449395509296	12.525992728
23	-50.73449395509296	12.909038995
24	-50.73449395509296	13.312689056
25	-50.73449395509296	13.712077177
26	-50.73449395509296	14.113727557
27	-50.73449395509296	14.510210238
28	-50.73449395509296	15.012873344
29	-50.73449395509296	15.414164784
30	-50.73449395509296	15.790359276
31	-50.73449395509296	16.177693997
32	-50.73449395509296	16.836003282
33	-50.73449395514391	17.44992385
34	-50.73449395514391	17.879908757
35	-50.73449395514391	18.253068659
36	-50.73449395514391	18.662999158
37	-50.73449395514391	19.046733083
38	-50.73449395514391	19.448989012
39	-50.73449395514391	19.873827888
40	-50.73449395514391	20.264259636
41	-50.73449395514391	20.673094216
42	-50.73449395514391	21.094859159
43	-50.73449395514391	21.721801037
44	-50.73449395514391	22.156568188
45	-50.73449395514391	22.574127641
46	-50.73449395514391	23.009330423
47	-50.73449395514391	23.42204548
48	-50.73449395514391	23.873226615
49	-50.73449395514391	24.29327669
50	-50.73449395514391	24.716256724
51	-50.73449395514391	25.05269307
52	-50.73449395514391	25.396903772
53	-50.73449395514391	25.738632405
54	-50.73449395514391	26.095800554
55	-50.73449395514391	26.416930526
56	-50.73449395514391	26.786723698
57	-50.73449395514391	27.182671249
58	-50.73449395514391	27.537438298
59	-50.73449395514391	27.899121269
60	-50.73449395514391	28.26986382
61	-50.73449395514391	28.585407569
62	-50.73449395514391	29.054500881
63	-50.73449395514391	29.522712668
64	-50.73449395514391	29.953116385
65	-50.73449395514391	30.371293362
66	-50.73449395514391	30.827532717
67	-50.73449395514391	31.239344581
68	-50.73449395514391	31.638088665
69	-50.73449395514391	31.994045145
70	-50.73449395514391	32.382811917
71	-50.73449395514391	32.738486434
72	-50.85936883472512	33.159943471
73	-50.85936883472512	33.589895306
74	-50.85936883472512	34.03458389
75	-50.85936883472512	34.487687445
76	-50.85936883472512	34.893793916
77	-50.85936883472512	35.288927511
78	-50.85936883472512	35.68349661
79	-50.85936883472512	36.019839444
80	-50.85936883472512	36.485390121
81	-50.85936883472512	36.854109897
82	-50.85936883472512	37.229483019
83	-50.85936883472512	37.590724088
84	-50.85936883472512	37.934033023
85	-50.85936883472512	38.359982929
86	-50.85936883472512	38.772328498
87	-50.85936883472512	39.148619638
88	-50.85936883472512	39.487075909
89	-50.85936883472512	39.775808697
90	-50.85936883472512	40.154726736
91	-50.85936883472512	40.4942182
92	-50.85936883472512	40.921900935
93	-50.85936883472512	41.258579616
94	-50.85936883472512	41.699245173
95	-50.85936883472512	42.130318872
96	-50.85936883472512	42.585246203
97	-50.85936883472512	42.918400494
98	-50.85936883472512	43.271427016
99	-50.85936883472512	43.641088187
100	-50.85936883472512	44.045825044
101	-50.85936883472512	44.389157927
102	-50.85936883472512	44.696824115
103	-50.85936883472512	44.998661747
104	-50.85936883472512	45.273293271
105	-50.85936883472512	45.576738574
106	-50.85936883472512	45.867621291
107	-50.85936883472512	46.31177617
108	-50.85936883472512	46.617267056
109	-50.85936883472512	46.936883724
110	-50.85936883472512	47.29778467
111	-50.85936883472512	47.686406896
112	-50.85936883472512	48.089464807
113	-50.85936883472512	48.519310586
114	-50.85936883472512	48.895998584
115	-50.85936883472512	49.257038088
116	-50.85936883472512	49.561482947
117	-50.85936883472512	49.9553125
118	-50.85936883472512	50.335407426
119	-50.85936883472512	50.718590541
120	-50.85936883472512	51.082604194
121	-50.85936883472512	51.428576235
122	-50.85936883472512	51.853694223
123	-50.85936883472512	52.280473766
124	-50.85936883472512	52.654653466
125	-50.85936883472512	53.059376067
126	-50.85936883472512	53.40945581
127	-50.85936883472512	53.727943772
128	-50.85936883472512	54.106581844
129	-50.85936883472512	54.46292891
130	-50.85936883472512	54.836763925
131	-50.85936883472512	55.222329039
132	-50.85936883472512	55.598017766
133	-50.85936883472512	55.96268401
134	-50.85936883472512	56.316004183
135	-50.85936883472512	56.691414654
136	-50.85936883472512	57.063461246
137	-50.85936883472512	57.386652765
138	-50.85936883472512	57.741622804
139	-50.85936883472512	58.135972663
140	-50.85936883472512	58.450448147
141	-50.85936883472512	58.752720269
142	-50.85936883472512	59.043315321
143	-50.85936883472512	59.445727198
144	-50.85936883472512	59.773523061
145	-50.85936883472512	60.136003738
146	-50.85936883472512	60.526879955
147	-50.85936883472512	60.877083145
148	-50.85936883472512	61.162381919
149	-50.85936883472512	61.461693862
150	-50.85936883472512	61.78070213
151	-50.85936883472512	62.0990541
152	-50.85936883472512	62.405283106
153	-50.85936883472512	62.752240448
154	-50.85936883472512	63.052788864
155	-50.85936883472512	63.398763185
156	-50.85936883472512	63.696267888
157	-50.85936883472512	64.034881533
158	-50.85936883472512	64.332033569
159	-50.85936883472512	64.653463464
160	-50.85936883472512	65.011513709
161	-50.85936883472512	65.358842819
162	-50.85936883472512	65.698841188
163	-50.85936883472512	66.05581433
164	-50.85936883472512	66.372201116
165	-50.85936883472512	66.737030436
166	-50.85936883472512	67.106560462
167	-50.85936883472512	67.425143362
168	-50.85936883472512	67.79836342
169	-50.85936883472512	68.197011425
170	-50.85936883472512	68.566287999
171	-50.85936883472512	68.968124832
172	-50.85936883472512	69.269602385
173	-50.85936883472512	69.58519346
174	-50.85936883472512	69.942616772
175	-50.85936883472512	70.37071005
176	-50.85936883472512	70.732915037
177	-50.85936883472512	71.063561886
178	-50.85936883472512	71.461718381
179	-50.85936883472512	71.82215205
180	-50.85936883472512	72.136505797
181	-50.85936883472512	72.496943743
182	-50.85936883472512	72.876925485
183	-50.85936883472512	73.218663811
184	-50.85936883472512	73.546275215
185	-50.85936883472512	73.849256948
186	-50.85936883472512	74.221076031
187	-50.85936883472512	74.585840633
188	-50.85936883472512	74.95832029
189	-50.85936883472512	75.338388417
190	-50.85936883472512	75.693716255
191	-50.85936883472512	76.080774146
192	-50.85936883472512	76.426839699
193	-50.85936883472512	76.817756685
194	-50.85936883472512	77.164793569
195	-50.85936883472512	77.484311307
196	-50.85936883472512	77.814896575
197	-50.85936883472512	78.170002606
198	-50.85936883472512	78.563005088
199	-50.85936883472512	78.923145391
200	-50.85936883472512	79.279350762
201	-50.85936883472512	79.692865806
202	-50.85936883472512	80.0267203
203	-50.85936883472512	80.371764345
204	-50.85936883472512	80.697897227
205	-50.85936883472512	81.056599207
206	-50.85936883472512	81.413690665
207	-50.85936883472512	81.709230183
208	-50.85936883472512	82.053438888
209	-50.85936883472512	82.424849996
210	-50.85936883472512	82.802675537
211	-50.85936883472512	83.15479573
212	-50.85936883472512	83.459410222
213	-50.85936883472512	83.759151239
214	-50.85936883472512	84.109679156
215	-50.85936883472512	84.459593256
216	-50.85936883472512	84.861245345
217	-50.85936883472512	85.249360667
218	-50.85936883472512	85.653926464
219	-50.85936883472512	86.022810172
220	-50.85936883472512	86.402143315
221	-50.85936883472512	86.737935909
222	-50.85936883472512	87.158738359
223	-50.85936883472512	87.51508799
224	-50.85936883472512	87.928329624
225	-50.85936883472512	88.261574292
226	-50.85936883472512	88.600466479
227	-50.85936883472512	88.945061778
228	-50.85936883472512	89.306979671
229	-50.85936883472512	89.670297113
230	-50.85936883472512	89.978344193
231	-50.85936883472512	90.326653473
232	-50.85936883472512	90.650268364
233	-50.85936883472512	91.070581299
234	-50.85936883472512	91.4486372
235	-50.85936883472512	91.789181818
236	-50.85936883472512	92.154063026
237	-50.85936883472512	92.463677864
238	-50.85936883472512	92.797330508
239	-50.85936883472512	93.134167703
240	-50.85936883472512	93.483864558
241	-50.85936883472512	93.895937573
242	-50.85936883472512	94.286784709
243	-50.85936883472512	94.692004808
244	-50.85936883472512	95.085974345
245	-50.85936883472512	95.513501416
246	-50.85936883472512	95.861309493
247	-50.85936883472512	96.238567687
248	-50.85936883472512	96.544434618
249	-50.85936883472512	96.897453157
250	-50.85936883472512	97.312154496
251	-50.85936883472512	97.635354569
252	-50.85936883472512	98.029276779
253	-50.85936883472512	98.370330298
254	-50.85936883472512	98.759962344
255	-50.85936883472512	99.095315031
256	-50.85936883472512	99.399024906
257	-50.85936883472512	99.657540945
258	-50.85936883472512	99.984520285
259	-50.85936883472512	100.337061568
260	-50.85936883472512	100.709370451
261	-50.85936883472512	101.062798962
262	-50.85936883472512	101.403894961
263	-50.85936883472512	101.84657531
264	-50.85936883472512	102.177821151
265	-50.85936883472512	102.56639377
266	-50.85936883472512	102.901624435
267	-50.85936883472512	103.223300941
268	-50.85936883472512	103.588699603
269	-50.85936883472512	103.915189143
270	-50.85936883472512	104.331218757
271	-50.85936883472512	104.717826192
272	-50.85936883472512	105.081261379
273	-50.85936883472512	105.547571844
274	-50.85936883472512	105.88026399
275	-50.85936883472512	106.18299284
276	-50.85936883472512	106.502857544
277	-50.85936883472512	106.812727259
278	-50.85936883472512	107.212339753
279	-50.85936883472512	107.515083999
280	-50.85936883472512	107.843276719
281	-50.85936883472512	108.171393032
282	-50.85936883472512	108.465188887
283	-50.85936883472512	108.804275795
284	-50.85936883472512	109.108982945
285	-50.85936883472512	109.458887922
286	-50.85936883472512	109.772113818
287	-50.85936883472512	110.112625935
288	-50.85936883472512	110.445159567
289	-50.85936883472512	110.806676611
290	-50.85936883472512	111.119893955
291	-50.85936883472512	111.434636291
292	-50.85936883472512	111.751184442
293	-50.85936883472512	112.087300053
294	-50.85936883472512	112.45535783
295	-50.85936883472512	112.843864877
296	-50.85936883472512	113.176000796
297	-50.85936883472512	113.532759829
298	-50.85936883472512	113.93879588
299	-50.85936883472512	114.323580109
300	-50.85936883472512	114.730837523
301	-50.85936883472512	115.099116537
302	-50.85936883472512	115.544112742
303	-50.85936883472512	115.857358596
304	-50.85936883472512	116.204094416
305	-50.85936883472512	116.51390312
306	-50.85936883472512	116.887587604
307	-50.85936883472512	117.262510271
308	-50.85936883472512	117.675930662
309	-50.85936883472512	118.080105874
310	-50.85936883472512	118.424770453
311	-50.85936883472512	118.784096514
312	-50.85936883472512	119.172381754
313	-50.85936883472512	119.51907652
314	-50.85936883472512	119.908055405
315	-50.85936883472512	120.282530182
316	-50.85936883472512	120.600794912
317	-50.85936883472512	120.973035656
318	-50.85936883472512	121.382528814
319	-50.85936883472512	121.729877596
320	-50.85936883472512	122.111941984
321	-50.85936883472512	122.457730706
322	-50.85936883472512	122.842331617
323	-50.85936883472512	123.179052492
324	-50.85936883472512	123.514796905
325	-50.85936883472512	123.869145428
326	-50.85936883472512	124.239671589
327	-50.85936883472512	124.650418325
328	-50.85936883472512	125.056501988
329	-50.85936883472512	125.400769424
330	-50.85936883472512	125.717016796
331	-50.85936883472512	126.106818761
332	-50.85936883472512	126.428964254
333	-50.85936883472512	126.799553992
334	-50.85936883472512	127.088781996
335	-50.85936883472512	127.37627489
336	-50.85936883472512	127.705629957
337	-50.85936883472512	128.081833002
338	-50.85936883472512	128.369011147
339	-50.85936883472512	128.70027609
340	-50.85936883472512	129.035762203
341	-50.85936883472512	129.362773189
342	-50.85936883472512	129.744334378
343	-50.85936883472512	130.057776664
344	-50.85936883472512	130.362565067
345	-50.85936883472512	130.680999716
346	-50.85936883472512	130.996191653
347	-50.85936883472512	131.327560086
348	-50.85936883472512	131.686607036
349	-50.85936883472512	132.063924531
350	-50.85936883472512	132.348216908
351	-50.85936883472512	132.681312754
352	-50.85936883472512	133.051005857
353	-50.85936883472512	133.400091175
354	-50.85936883472512	133.684150341
355	-50.85936883472512	134.022727778
356	-50.85936883472512	134.364014223
357	-50.85936883472512	134.711652666
358	-50.85936883472512	135.010668961
359	-50.85936883472512	135.372298619
360	-50.85936883472512	135.699428777
361	-50.85936883472512	136.024021841
362	-50.85936883472512	136.355163621
363	-50.85936883472512	136.717559909
364	-50.85936883472512	137.053993405
365	-50.85936883472512	137.435657515
366	-50.85936883472512	137.84316382
367	-50.85936883472512	138.166715419
368	-50.85936883472512	138.489144014
369	-50.85936883472512	138.850902252
370	-50.85936883472512	139.233613814
371	-50.85936883472512	139.579759195
372	-50.85936883472512	139.931200853
373	-50.85936883472512	140.30602231
374	-50.85936883472512	140.639038328
375	-50.85936883472512	141.07931159
376	-50.85936883472512	141.426817461
377	-50.85936883472512	141.749951106
378	-50.85936883472512	142.124450116
379	-50.85936883472512	142.466119449
380	-50.85936883472512	142.798420725
381	-50.85936883472512	143.132891317
382	-50.85936883472512	143.429116497
383	-50.85936883472512	143.740015988
384	-50.85936883472512	144.070843305
385	-50.85936883472512	144.397435766
386	-50.85936883472512	144.753233161
387	-50.85936883472512	145.078702619
388	-50.85936883472512	145.445187792
389	-50.85936883472512	145.805393952
390	-50.85936883472512	146.156161637
391	-50.85936883472512	146.502208089
392	-50.85936883472512	146.825517925
393	-50.85936883472512	147.210606354
394	-50.85936883472512	147.545908293
395	-50.85936883472512	147.942343078
396	-50.85936883472512	148.372732254
397	-50.85936883472512	148.764174107
398	-50.85936883472512	149.163478124
399	-50.85936883472512	149.542213985
400	-50.85936883472512	150.004611471
401	-50.85936883472512	150.463033256
402	-50.85936883472512	150.896872411
403	-50.85936883472512	151.282231114
404	-50.85936883472512	151.66324919
405	-50.85936883472512	152.088109448
406	-50.85936883472512	152.488843235
407	-50.85936883472512	152.905713605
408	-50.85936883472512	153.256818562
409	-50.85936883472512	153.586952803
410	-50.85936883472512	153.935443976
411	-50.85936883472512	154.256447078
412	-50.85936883472512	154.589833155
413	-50.85936883472512	154.93937349
414	-50.85936883472512	155.331116977
415	-50.85936883472512	155.686835115
416	-50.85936883472512	156.042985177
417	-50.85936883472512	156.431118459
418	-50.85936883472512	156.811193714
419	-50.85936883472512	157.150176277
420	-50.85936883472512	157.48382778
421	-50.85936883472512	157.839183272
422	-50.85936883472512	158.188696238
423	-50.85936883472512	158.53029116
424	-50.85936883472512	158.888068565
425	-50.85936883472512	159.212867471
426	-50.85936883472512	159.558490266
427	-50.85936883472512	159.94117959
428	-50.85936883472512	160.297124096
429	-50.85936883472512	160.625243831
430	-50.85936883472512	160.975407107
431	-50.85936883472512	161.379347113
432	-50.85936883472512	161.756941154
433	-50.85936883472512	162.166594537
434	-50.85936883472512	162.470426719
435	-50.85936883472512	162.817654619
436	-50.85936883472512	163.208841308
437	-50.85936883472512	163.597496891
438	-50.85936883472512	164.034070142
439	-50.85936883472512	164.41585884
440	-50.85936883472512	164.744978415
441	-50.85936883472512	165.102342143
442	-50.85936883472512	165.535412957
443	-50.85936883472512	165.854953218
444	-50.85936883472512	166.15767266
445	-50.85936883472512	166.461328081
446	-50.85936883472512	166.851760114
447	-50.85936883472512	167.204681149
448	-50.85936883472512	167.582624436
449	-50.85936883472512	167.983700626
450	-50.85936883472512	168.36958277
451	-50.85936883472512	169.462735613
452	-50.85936883472512	169.910759566
453	-50.85936883472512	170.230561833
454	-50.85936883472512	170.584905795
455	-50.85936883472512	170.982940268
456	-50.85936883472512	171.408446275
457	-50.85936883472512	171.766312346
458	-50.85936883472512	172.146288672
459	-50.85936883472512	172.49199215
460	-50.85936883472512	172.897818083
461	-50.85936883472512	173.293309476
462	-50.85936883472512	173.725227922
463	-50.85936883472512	174.123219345
464	-50.85936883472512	174.46245251
465	-50.85936883472512	174.933172595
466	-50.85936883472512	175.579637172
467	-50.85936883472512	175.989421985
468	-50.85936883472512	176.353222099
469	-50.85936883472512	176.712697837
470	-50.85936883472512	177.068283404
471	-50.85936883472512	177.491643189
472	-50.85936883472512	177.87467007
473	-50.85936883472512	178.237257659
474	-50.85936883472512	178.553011811
475	-50.85936883472512	178.850459494
476	-50.85936883472512	179.201107722
477	-50.85936883472512	179.525684251
478	-50.85936883472512	179.871686228
479	-50.85936883472512	180.245322244
480	-50.85936883472512	180.598125249
481	-50.85936883472512	180.880250591
482	-50.85936883472512	181.205967514
483	-50.85936883472512	181.586398857
484	-50.85936883472512	181.890526116
485	-50.85936883472512	182.214532162
486	-50.85936883472512	182.559161388
487	-50.85936883472512	182.906202264
488	-50.85936883472512	183.232141564
489	-50.85936883472512	183.589755038
490	-50.85936883472512	183.914782307
491	-50.85936883472512	184.229410034
492	-50.85936883472512	184.535081957
493	-50.85936883472512	184.849911249
494	-50.85936883472512	185.175471653
495	-50.85936883472512	185.512392383
496	-50.85936883472512	185.853572201
497	-50.85936883472512	186.173939248
498	-50.85936883472512	186.519241307
499	-50.85936883472512	186.834560113
500	-50.85936883472512	187.142076054
501	-50.85936883472512	187.491121458
502	-50.85936883472512	187.961877751
503	-50.85936883472512	188.408118982
504	-50.85936883472512	188.740404293
505	-50.85936883472512	189.164074835
506	-50.85936883472512	189.607266651
507	-50.85936883472512	189.975209248
508	-50.85936883472512	190.376763549
509	-50.85936883472512	190.740068162
510	-50.85936883472512	191.141177138
511	-50.85936883472512	191.520339507
512	-50.85936883472512	191.856086485
513	-50.85936883472512	192.182484224
514	-50.85936883472512	192.561928841
515	-50.85936883472512	192.959703589
516	-50.85936883472512	193.295532676
517	-50.85936883472512	193.63574829
518	-50.85936883472512	194.010781575
519	-50.85936883472512	194.400106
520	-50.85936883472512	194.720345323
521	-50.85936883472512	195.048803185
522	-50.85936883472512	195.410273187
523	-50.85936883472512	195.799960257
524	-50.85936883472512	196.137476843
525	-50.85936883472512	196.509821648
526	-50.85936883472512	196.853312476
527	-50.85936883472512	197.199522289
528	-50.85936883472512	197.562742512
529	-50.85936883472512	197.885686566
530	-50.85936883472512	198.243247582
531	-50.85936883472512	198.589828308
532	-50.85936883472512	198.940782163
533	-50.85936883472512	199.303822204
534	-50.85936883472512	199.667723813
535	-50.85936883472512	200.025538281
536	-50.85936883472512	200.396957085
537	-50.85936883472512	200.736975982
538	-50.85936883472512	201.112820658
539	-50.85936883472512	201.430246057
540	-50.85936883472512	201.776157372
541	-50.85936883472512	202.217410518
542	-50.85936883472512	202.691930112
543	-50.85936883472512	203.169224287
544	-50.85936883472512	203.532321062
545	-50.85936883472512	203.971328771
546	-50.85936883472512	204.33566544
547	-50.85936883472512	204.74825876
548	-50.85936883472512	205.102580485
549	-50.85936883472512	205.504042129
550	-50.85936883472512	205.878038225
551	-50.85936883472512	206.198446897
552	-50.85936883472512	206.567596887
553	-50.85936883472512	206.965156956
554	-50.85936883472512	207.318687246
555	-50.85936883472512	207.696180363
556	-50.85936883472512	208.078384164
557	-50.85936883472512	208.463093412
558	-50.85936883472512	208.857106283
559	-50.85936883472512	209.198836912
560	-50.85936883472512	209.508705772
561	-50.85936883472512	209.863062564
562	-50.85936883472512	210.2205084
563	-50.85936883472512	210.583985782
564	-50.85936883472512	210.956482544
565	-50.85936883472512	211.38621685
566	-50.85936883472512	211.766422109
567	-50.85936883472512	212.13830534
568	-50.85936883472512	212.487120099
569	-50.85936883472512	212.884356296
570	-50.85936883472512	213.259126435
571	-50.85936883472512	213.620858158
572	-50.85936883472512	214.021094448
573	-50.85936883472512	214.461307269
574	-50.85936883472512	214.862993285
575	-50.85936883472512	215.310199005
576	-50.85936883472512	215.683378294
577	-50.85936883472512	216.072743202
578	-50.85936883472512	216.403768662
579	-50.85936883472512	216.798402193
580	-50.85936883472512	217.179845921
581	-50.85936883472512	217.687158987
582	-50.85936883472512	218.132913269
583	-50.85936883472512	218.57896605
584	-50.85936883472512	218.891400513
585	-50.85936883472512	219.232832928
586	-50.85936883472512	219.659329083
587	-50.85936883472512	220.020758317
588	-50.85936883472512	220.352365093
589	-50.85936883472512	220.763401774
590	-50.85936883472512	221.090189528
591	-50.85936883472512	221.47401554
592	-50.85936883472512	221.784994005
593	-50.85936883472512	222.16521466
594	-50.85936883472512	222.52235544
595	-50.85936883472512	222.912055909
596	-50.85936883472512	223.327207704
597	-50.85936883472512	223.745203643
598	-50.85936883472512	224.14989745
599	-50.85936883472512	224.474706334
600	-50.85936883472512	224.813238726
601	-50.85936883472512	225.198000432
602	-50.85936883472512	225.549274738
603	-50.85936883472512	225.918047827
604	-50.85936883472512	226.329110738
605	-50.85936883472512	226.742900616
606	-50.85936883472512	227.228093734
607	-50.85936883472512	227.571072239
608	-50.85936883472512	227.943330089
609	-50.85936883472512	228.283882405
610	-50.85936883472512	228.683712144
611	-50.85936883472512	229.011954471
612	-50.85936883472512	229.419436258
613	-50.85936883472512	229.785059292
614	-50.85936883472512	230.120926012
615	-50.85936883472512	230.483374188
616	-50.85936883472512	230.838118144
617	-50.85936883472512	231.203164424
618	-50.85936883472512	231.545438451
619	-50.85936883472512	232.152431977
620	-50.85936883472512	232.523558556
621	-50.85936883472512	232.923153944
622	-50.85936883472512	233.357523668
623	-50.85936883472512	233.800743423
624	-50.85936883472512	234.132773286
625	-50.85936883472512	234.588006243
626	-50.85936883472512	234.967001544
627	-50.85936883472512	235.323795359
628	-50.85936883472512	235.724055597
629	-50.85936883472512	236.101151285
630	-50.85936883472512	236.514737034
631	-50.85936883472512	236.878311635
632	-50.85936883472512	237.215175059
633	-50.85936883472512	237.6209052
634	-50.85936883472512	238.116549748
635	-50.85936883472512	238.548175683
636	-50.85936883472512	238.907576439
637	-50.85936883472512	239.330047572
638	-50.85936883472512	239.715083258
639	-50.85936883472512	240.112371057
640	-50.85936883472512	240.4105848
641	-50.85936883472512	240.745172853
642	-50.85936883472512	241.187069466
643	-50.85936883472512	241.617961556
644	-50.85936883472512	241.973800006
645	-50.85936883472512	242.330265102
646	-50.85936883472512	242.704524915
647	-50.85936883472512	243.054053276
648	-50.85936883472512	243.39191084
649	-50.85936883472512	243.797592798
650	-50.85936883472512	244.242015956
651	-50.85936883472512	244.622815646
652	-50.85936883472512	244.961118819
653	-50.85936883472512	245.318134725
654	-50.85936883472512	245.671335442
655	-50.85936883472512	245.990543564
656	-50.85936883472512	246.383432291
657	-50.85936883472512	246.798852364
658	-50.85936883472512	247.110137024
659	-50.85936883472512	247.497058352
660	-50.85936883472512	247.859907663
661	-50.85936883472512	248.270994521
662	-50.85936883472512	248.660080888
663	-50.85936883472512	249.026949804
664	-50.85936883472512	249.382240864
665	-50.85936883472512	249.769704735
666	-50.85936883472512	250.071578574
667	-50.85936883472512	250.437431113
668	-50.85936883472512	250.802875391
669	-50.85936883472512	251.148111878
670	-50.85936883472512	251.50816494
671	-50.85936883472512	251.783048491
672	-50.85936883472512	252.095492078
673	-50.85936883472512	252.436182096
674	-50.85936883472512	252.804226759
675	-50.85936883472512	253.169807028
676	-50.85936883472512	253.516238078
677	-50.85936883472512	253.898633465
678	-50.85936883472512	254.374991376
679	-50.85936883472512	254.707534416
680	-50.85936883472512	255.048197065
681	-50.85936883472512	255.44664322
682	-50.85936883472512	255.808510366
683	-50.85936883472512	256.162095395
684	-50.85936883472512	256.456941268
685	-50.85936883472512	256.775477697
686	-50.85936883472512	257.157344512
687	-50.85936883472512	257.604289081
688	-50.85936883472512	258.057911231
689	-50.85936883472512	258.410922357
690	-50.85936883472512	258.749780902
691	-50.85936883472512	259.113227779
692	-50.85936883472512	259.459259405
693	-50.85936883472512	259.83984128
694	-50.85936883472512	260.353414256
695	-50.85936883472512	260.879460867
696	-50.85936883472512	261.222058481
697	-50.85936883472512	261.591447383
698	-50.85936883472512	261.936764553
699	-50.85936883472512	262.226543082
700	-50.85936883472512	262.560704057
701	-50.85936883472512	262.888757649
702	-50.85936883472512	263.244944774
703	-50.85936883472512	263.625330216
704	-50.85936883472512	264.033494813
705	-50.85936883472512	264.388566348
706	-50.85936883472512	264.777395556
707	-50.85936883472512	265.10665711
708	-50.85936883472512	265.446429396
709	-50.85936883472512	265.773403034
710	-50.85936883472512	266.085147844
711	-50.85936883472512	266.453426002
712	-50.85936883472512	266.761192545
713	-50.85936883472512	267.0577932
714	-50.85936883472512	267.388298355
715	-50.85936883472512	267.704038822
716	-50.85936883472512	268.023058208
717	-50.85936883472512	268.362764351
718	-50.85936883472512	268.701358324
719	-50.85936883472512	269.032774084
720	-50.85936883472512	269.410143753
721	-50.85936883472512	269.745481329
722	-50.85936883472512	270.051126453
723	-50.85936883472512	270.378320758
724	-50.85936883472512	270.683770019
725	-50.85936883472512	270.983163785
726	-50.85936883472512	271.319589298
727	-50.85936883472512	271.636623543
728	-50.85936883472512	271.983592574
729	-50.85936883472512	272.301163659
730	-50.85936883472512	272.648996253
731	-50.85936883472512	273.004530788
732	-50.85936883472512	273.31959329
733	-50.85936883472512	273.643299698
734	-50.85936883472512	273.958252722
735	-50.85936883472512	274.320819784
736	-50.85936883472512	274.656786574
737	-50.85936883472512	275.018182166
738	-50.85936883472512	275.404530731
739	-50.85936883472512	275.779463091
740	-50.85936883472512	276.194206055
741	-50.85936883472512	276.560577473
742	-50.85936883472512	276.884946165
743	-50.85936883472512	277.200171173
744	-50.85936883472512	277.506684423
745	-50.85936883472512	277.891828161
746	-50.85936883472512	278.225893057
747	-50.85936883472512	278.565642536
748	-50.85936883472512	278.939556524
749	-50.85936883472512	279.299611867
750	-50.85936883472512	279.689479975
751	-50.85936883472512	280.039886725
752	-50.85936883472512	280.395046354
753	-50.85936883472512	280.795801524
754	-50.85936883472512	281.166835445
755	-50.85936883472512	281.536306171
756	-50.85936883472512	281.909714964
757	-50.85936883472512	282.29791439
758	-50.85936883472512	282.673798124
759	-50.85936883472512	283.025893799
760	-50.85936883472512	283.409567283
761	-50.85936883472512	283.856128395
762	-50.85936883472512	284.162018989
763	-50.85936883472512	284.533662451
764	-50.85936883472512	284.995406206
765	-50.85936883472512	285.408407217
766	-50.85936883472512	285.828291364
767	-50.85936883472512	286.231629527
768	-50.85936883472512	286.749065875
769	-50.85936883472512	287.103307772
770	-50.85936883472512	287.486838137
771	-50.85936883472512	287.882226609
772	-50.85936883472512	288.346626057
773	-50.85936883472512	288.791763101
774	-50.85936883472512	289.135279873
775	-50.85936883472512	289.55814159
776	-50.85936883472512	289.927395071
777	-50.85936883472512	290.301116332
778	-50.85936883472512	290.576572077
779	-50.85936883472512	290.934726097
780	-50.85936883472512	291.251361774
781	-50.85936883472512	291.611248054
782	-50.85936883472512	291.93010978
783	-50.85936883472512	292.330936224
784	-50.85936883472512	292.737826716
785	-50.85936883472512	293.209066821
786	-50.85936883472512	293.629859008
787	-50.85936883472512	294.053046878
788	-50.85936883472512	294.413755097
789	-50.85936883472512	294.755678737
790	-50.85936883472512	295.1608364
791	-50.85936883472512	295.525955095
792	-50.85936883472512	295.854102769
793	-50.85936883472512	296.232065728
794	-50.85936883472512	296.560947246
795	-50.85936883472512	296.979682731
796	-50.85936883472512	297.355744652
797	-50.85936883472512	297.670544578
798	-50.85936883472512	298.073716244
799	-50.85936883472512	298.46240946
800	-50.85936883472512	298.913499649
801	-50.85936883472512	299.338435459
802	-50.85936883472512	299.678082586
803	-50.85936883472512	299.983764488
804	-50.85936883472512	300.340600213
805	-50.85936883472512	300.706681971
806	-50.85936883472512	301.143444243
807	-50.85936883472512	301.463257058
808	-50.85936883472512	301.796705857
809	-50.85936883472512	302.099572409
810	-50.85936883472512	302.522293573
811	-50.85936883472512	302.866829287
812	-50.85936883472512	303.235782844
813	-50.85936883472512	303.595060723
814	-50.85936883472512	303.934397094
815	-50.85936883472512	304.247555137
816	-50.85936883472512	304.54416577
817	-50.85936883472512	304.848703001
818	-50.85936883472512	305.235704727
819	-50.85936883472512	305.534293945
820	-50.85936883472512	305.84226747
821	-50.85936883472512	306.20102704
822	-50.85936883472512	306.5190329
823	-50.85936883472512	306.890851983
824	-50.85936883472512	307.208754923
825	-50.85936883472512	307.523784069
826	-50.85936883472512	307.859015019
827	-50.85936883472512	308.220043404
828	-50.85936883472512	308.579212375
829	-50.85936883472512	308.916689617
830	-50.85936883472512	309.254452243
831	-50.85936883472512	309.612110762
832	-50.85936883472512	310.025935708
833	-50.85936883472512	310.381423486
834	-50.85936883472512	310.776374332
835	-50.85936883472512	311.09993591
836	-50.85936883472512	311.491634921
837	-50.85936883472512	311.844187039
838	-50.85936883472512	312.207262717
839	-50.85936883472512	312.548489576
840	-50.85936883472512	312.961952732
841	-50.85936883472512	313.313766729
842	-50.85936883472512	313.617142183
843	-50.85936883472512	313.995802208
844	-50.85936883472512	314.315670048
845	-50.85936883472512	314.66495693
846	-50.85936883472512	314.97163069
847	-50.85936883472512	315.33105283
848	-50.85936883472512	315.701099169
849	-50.85936883472512	316.083141034
850	-50.85936883472512	316.457824789
851	-50.85936883472512	316.841990354
852	-50.85936883472512	317.202321958
853	-50.85936883472512	317.532909791
854	-50.85936883472512	317.896771486
855	-50.85936883472512	318.207229075
856	-50.85936883472512	318.531363131
857	-50.85936883472512	318.858029718
858	-50.85936883472512	319.173861131
859	-50.85936883472512	319.525513477
860	-50.85936883472512	319.837628344
861	-50.85936883472512	320.198595433
862	-50.85936883472512	320.546218766
863	-50.85936883472512	320.892173415
864	-50.85936883472512	321.216372189
865	-50.85936883472512	321.561855856
866	-50.85936883472512	321.891405075
867	-50.85936883472512	322.22874661
868	-50.85936883472512	322.564923517
869	-50.85936883472512	322.888729994
870	-50.85936883472512	323.263864204
871	-50.85936883472512	323.611743555
872	-50.85936883472512	323.981184346
873	-50.85936883472512	324.358774395
874	-50.85936883472512	324.728739482
875	-50.85936883472512	325.050505223
876	-50.85936883472512	325.34739896
877	-50.85936883472512	325.643733903
878	-50.85936883472512	325.973530017
879	-50.85936883472512	326.340506985
880	-50.85936883472512	326.664968904
881	-50.85936883472512	327.004192376
882	-50.85936883472512	327.371427073
883	-50.85936883472512	327.728041846
884	-50.85936883472512	328.044188863
885	-50.85936883472512	328.369620688
886	-50.85936883472512	328.696007023
887	-50.85936883472512	329.042181199
888	-50.85936883472512	329.38217073
889	-50.85936883472512	329.68641716
890	-50.85936883472512	330.095020239
891	-50.85936883472512	330.423186445
892	-50.85936883472512	330.760626339
893	-50.85936883472512	331.137774771
894	-50.85936883472512	331.469345054
895	-50.85936883472512	331.791416707
896	-50.85936883472512	332.113153653
897	-50.85936883472512	332.42675645
898	-50.85936883472512	332.750813529
899	-50.85936883472512	333.127875576
900	-50.85936883472512	333.446808292
901	-50.85936883472512	333.809691814
902	-50.85936883472512	334.13479549
903	-50.85936883472512	334.486267654
904	-50.85936883472512	334.830540222
905	-50.85936883472512	335.225342532
906	-50.85936883472512	335.610173232
907	-50.85936883472512	335.998163965
908	-50.85936883472512	336.374086188
909	-50.85936883472512	336.753146491
910	-50.85936883472512	337.081133655
911	-50.85936883472512	337.39906596
912	-50.85936883472512	337.732310913
913	-50.85936883472512	338.137261594
914	-50.85936883472512	338.485826322
915	-50.85936883472512	338.817821972
916	-50.85936883472512	339.178389353
917	-50.85936883472512	339.580955753
918	-50.85936883472512	339.902133336
919	-50.85936883472512	340.254199931
920	-50.85936883472512	340.641386401
921	-50.85936883472512	341.032774084
922	-50.85936883472512	341.335737
923	-50.85936883472512	341.645585333
924	-50.85936883472512	342.03276154
925	-50.85936883472512	342.389922277
926	-50.85936883472512	342.779042285
927	-50.85936883472512	343.154256038
928	-50.85936883472512	343.592044665
929	-50.85936883472512	343.942515847
930	-50.85936883472512	344.339285053
931	-50.85936883472512	344.729965406
932	-50.85936883472512	345.103414969
933	-50.85936883472512	345.422511046
934	-50.85936883472512	345.749320753
935	-50.85936883472512	346.067379356
936	-50.85936883472512	346.433239308
937	-50.85936883472512	346.774722186
938	-50.85936883472512	347.113891488
939	-50.85936883472512	347.480319356
940	-50.85936883472512	347.814679045
941	-50.85936883472512	348.185255098
942	-50.85936883472512	348.525754671
943	-50.85936883472512	348.904722602
944	-50.85936883472512	349.212607176
945	-50.85936883472512	349.503333944
946	-50.85936883472512	349.826536867
947	-50.85936883472512	350.184510705
948	-50.85936883472512	350.545583566
949	-50.85936883472512	350.886939575
950	-50.85936883472512	351.282952413
951	-50.85936883472512	351.596566899
952	-50.85936883472512	351.964037658
953	-50.85936883472512	352.283208717
954	-50.85936883472512	352.608567841
955	-50.85936883472512	352.902654782
956	-50.85936883472512	353.219797934
957	-50.85936883472512	353.587612807
958	-50.85936883472512	353.961633136
959	-50.85936883472512	354.238596482
960	-50.85936883472512	354.563917974
961	-50.85936883472512	354.890117854
962	-50.85936883472512	355.237074626
963	-50.85936883472512	355.589476781
964	-50.85936883472512	355.944362146
965	-50.85936883472512	356.285381739
966	-50.85936883472512	356.66978365
967	-50.85936883472512	357.055129523
968	-50.85936883472512	357.410296566
969	-50.85936883472512	357.757828666
970	-50.85936883472512	358.106169877
971	-50.85936883472512	358.435222169
972	-50.85936883472512	358.810774619
973	-50.85936883472512	359.182995976
974	-50.85936883472512	359.5290621
975	-50.85936883472512	359.952068647
976	-50.85936883472512	360.316850071
977	-50.85936883472512	360.675560319
978	-50.85936883472512	361.003885609
979	-50.85936883472512	361.37987426
980	-50.85936883472512	361.754370135
981	-50.85936883472512	362.137088539
982	-50.85936883472512	362.522985222
983	-50.85936883472512	362.991176483
984	-50.85936883472512	363.400187823
985	-50.85936883472512	363.746321515
986	-50.85936883472512	364.116328511
987	-50.85936883472512	364.52021663
988	-50.85936883472512	364.916060405
989	-50.85936883472512	365.330764595
990	-50.85936883472512	365.703097711
991	-50.85936883472512	366.074166129
992	-50.85936883472512	366.465314615
993	-50.85936883472512	366.851089847
994	-50.85936883472512	367.192854687
995	-50.85936883472512	367.527894336
996	-50.85936883472512	367.895418123
997	-50.85936883472512	368.262047271
998	-50.85936883472512	368.635180659
999	-50.85936883472512	369.076432379
1000	-50.85936883472512	369.502906581
1001	-50.85936883472512	369.904584899
1002	-50.85936883472512	370.278031041
1003	-50.85936883472512	370.62635372
1004	-50.85936883472512	371.057569683
1005	-50.85936883472512	371.492255581
1006	-50.85936883472512	371.938053769
1007	-50.85936883472512	372.307655355
1008	-50.85936883472512	372.694866343
1009	-50.85936883472512	373.050964803
1010	-50.85936883472512	373.382666801
1011	-50.85936883472512	373.725782439
1012	-50.85936883472512	374.081183832
1013	-50.85936883472512	374.436187798
1014	-50.85936883472512	374.782803877
1015	-50.85936883472512	375.161289422
1016	-50.85936883472512	375.505562275
1017	-50.85936883472512	375.859225707
1018	-50.85936883472512	376.175943777
1019	-50.85936883472512	376.507404012
1020	-50.85936883472512	376.837749226
1021	-50.85936883472512	377.158764873
1022	-50.85936883472512	377.506950135
1023	-50.85936883472512	377.887138574
1024	-50.85936883472512	378.21816945
1025	-50.85936883472512	378.607873341
1026	-50.85936883472512	378.944580247
1027	-50.85936883472512	379.261921542
1028	-50.85936883472512	379.610940147
1029	-50.85936883472512	379.96324708
1030	-50.85936883472512	380.408991669
1031	-50.85936883472512	380.853526585
1032	-50.85936883472512	381.167661376
1033	-50.85936883472512	381.462550299
1034	-50.85936883472512	381.800836936
1035	-50.85936883472512	382.2099894
1036	-50.85936883472512	382.593939716
1037	-50.85936883472512	382.971609593
1038	-50.85936883472512	383.289411893
1039	-50.85936883472512	383.637300367
1040	-50.85936883472512	383.948906048
1041	-50.85936883472512	384.286753633
1042	-50.85936883472512	384.608496852
1043	-50.85936883472512	384.970021879
1044	-50.85936883472512	385.3416183
1045	-50.85936883472512	385.74110307
1046	-50.85936883472512	386.15242656
1047	-50.85936883472512	386.593933443
1048	-50.85936883472512	386.901512677
1049	-50.85936883472512	387.222092122
1050	-50.85936883472512	387.652309955
1051	-50.85936883472512	388.146769063
1052	-50.85936883472512	388.534446473
1053	-50.85936883472512	388.825109378
1054	-50.85936883472512	389.11852149
1055	-50.85936883472512	389.455363532
1056	-50.85936883472512	389.798789072
1057	-50.85936883472512	390.138903192
1058	-50.85936883472512	390.450234893
1059	-50.85936883472512	390.760236324
1060	-50.85936883472512	391.063049278
1061	-50.85936883472512	391.343418698
1062	-50.85936883472512	391.622619783
1063	-50.85936883472512	391.953445389
1064	-50.85936883472512	392.288146055
1065	-50.85936883472512	392.606968723
1066	-50.85936883472512	392.97639982
1067	-50.85936883472512	393.304920118
1068	-50.85936883472512	393.642531927
1069	-50.85936883472512	393.990470293
1070	-50.85936883472512	394.370800996
1071	-50.85936883472512	394.697703645
1072	-50.85936883472512	395.048304832
1073	-50.85936883472512	395.420509369
1074	-50.85936883472512	395.760149654
1075	-50.85936883472512	396.066545158
1076	-50.85936883472512	396.377314645
1077	-50.85936883472512	396.765591047
1078	-50.85936883472512	397.141007505
1079	-50.85936883472512	397.487952872
1080	-50.85936883472512	397.860442222
1081	-50.85936883472512	398.160255369
1082	-50.85936883472512	398.498303663
1083	-50.85936883472512	398.833588497
1084	-50.85936883472512	399.23467381
1085	-50.85936883472512	399.6302992
1086	-50.85936883472512	400.075563968
1087	-50.85936883472512	400.410867903
1088	-50.85936883472512	400.852408143
1089	-50.85936883472512	401.207108193
1090	-50.85936883472512	401.621894492
1091	-50.85936883472512	402.008875691
1092	-50.85936883472512	402.352685259
1093	-50.85936883472512	402.725226497
1094	-50.85936883472512	403.11311659
1095	-50.85936883472512	403.471074178
1096	-50.85936883472512	403.851859613
1097	-50.85936883472512	404.208895477
1098	-50.85936883472512	404.534195871
1099	-50.85936883472512	404.904351974
1100	-50.85936883472512	405.236835713
1101	-50.85936883472512	405.553103898
1102	-50.85936883472512	405.875269347
1103	-50.85936883472512	406.260027347
1104	-50.85936883472512	406.636729029
1105	-50.85936883472512	407.059233233
1106	-50.85936883472512	407.423940816
1107	-50.85936883472512	407.824096993
1108	-50.85936883472512	408.164274689
1109	-50.85936883472512	408.546075646
1110	-50.85936883472512	408.907600958
1111	-50.85936883472512	409.284220532
1112	-50.85936883472512	409.600537183
1113	-50.85936883472512	409.951141222
1114	-50.85936883472512	410.249231802
1115	-50.85936883472512	410.538483754
1116	-50.85936883472512	410.904609988
1117	-50.85936883472512	411.243887343
1118	-50.85936883472512	411.544668684
1119	-50.85936883472512	411.841968686
1120	-50.85936883472512	412.179167672
1121	-50.85936883472512	412.565735763
1122	-50.85936883472512	412.975151373
1123	-50.85936883472512	413.381059986
1124	-50.85936883472512	413.88520646
1125	-50.85936883472512	414.198972334
1126	-50.85936883472512	414.566245234
1127	-50.85936883472512	414.924142666
1128	-50.85936883472512	415.298817582
1129	-50.85936883472512	415.690692214
1130	-50.85936883472512	416.126099697
1131	-50.85936883472512	416.549497115
1132	-50.85936883472512	416.93428505
1133	-50.85936883472512	417.354348239
1134	-50.85936883472512	417.753177852
1135	-50.85936883472512	418.173666409
1136	-50.85936883472512	418.641849686
1137	-50.85936883472512	419.012403216
1138	-50.85936883472512	419.343656185
1139	-50.85936883472512	419.644469457
1140	-50.85936883472512	419.954875158
1141	-50.85936883472512	420.273827546
1142	-50.85936883472512	420.630243035
1143	-50.85936883472512	420.974970051
1144	-50.85936883472512	421.317660891
1145	-50.85936883472512	421.699485226
1146	-50.85936883472512	422.021004357
1147	-50.85936883472512	422.353031368
1148	-50.85936883472512	422.646173777
1149	-50.85936883472512	422.989993608
1150	-50.85936883472512	423.301576197
1151	-50.85936883472512	423.598377276
1152	-50.85936883472512	423.880806533
1153	-50.85936883472512	424.15482424
1154	-50.85936883472512	424.476847995
1155	-50.85936883472512	424.789048677
1156	-50.85936883472512	425.149735514
1157	-50.85936883472512	425.484017656
1158	-50.85936883472512	425.828435624
1159	-50.85936883472512	426.167707277
1160	-50.85936883472512	426.492226501
1161	-50.85936883472512	426.834802447
1162	-50.85936883472512	427.224480109
1163	-50.85936883472512	427.627288273
1164	-50.85936883472512	428.01446733
1165	-50.85936883472512	428.393063208
1166	-50.85936883472512	428.729952862
1167	-50.85936883472512	429.043271416
1168	-50.859368834732585	429.367635546
1169	-50.859368834732585	429.723818965
1170	-50.859368834732585	430.068824236
1171	-50.859368834732585	430.370884245
1172	-50.859368834732585	430.727854536
1173	-50.859368834732585	431.121158367
1174	-50.859368834732585	431.515825255
1175	-50.859368834732585	431.847333672
1176	-50.859368834732585	432.302671545
1177	-50.859368834732585	432.716698056
1178	-50.859368834732585	433.08967578
1179	-50.859368834732585	433.407433605
1180	-50.859368834732585	433.788235576
1181	-50.859368834732585	434.11522518
1182	-50.859368834732585	434.506513934
1183	-50.859368834732585	434.82151628
1184	-50.859368834732585	435.141649547
1185	-50.859368834732585	435.474296077
1186	-50.859368834732585	435.802676392
1187	-50.859368834732585	436.135135613
1188	-50.859368834732585	436.415202258
1189	-50.859368834732585	436.776563923
1190	-50.859368834732585	437.141589391
1191	-50.859368834732585	437.464256329
1192	-50.859368834732585	437.817184206
1193	-50.859368834732585	438.206781755
1194	-50.859368834732585	438.544812089
1195	-50.859368834732585	438.880948512
1196	-50.859368834732585	439.193965146
1197	-50.859368834732585	439.594230231
1198	-50.859368834732585	440.005830267
1199	-50.859368834732585	440.358443396
1200	-50.859368834732585	440.678826694
1201	-50.859368834732585	441.069055736
1202	-50.859368834732585	441.39817018
1203	-50.859368834732585	441.773193487
1204	-50.859368834732585	442.199941384
1205	-50.859368834732585	442.475263987
1206	-50.859368834732585	442.753010499
1207	-50.859368834732585	443.039605047
1208	-50.859368834732585	443.427949588
1209	-50.859368834732585	443.781002909
1210	-50.859368834732585	444.075897819
1211	-50.859368834732585	444.424301751
1212	-50.859368834732585	444.738180524
1213	-50.859368834732585	445.062758193
1214	-50.859368834732585	445.50979827
1215	-50.859368834732585	445.773060916
1216	-50.859368834732585	446.094408133
1217	-50.859368834732585	446.451424039
1218	-50.859368834732585	446.770806071
1219	-50.859368834732585	447.125572264
1220	-50.859368834732585	447.503637003
1221	-50.859368834732585	447.833157713
1222	-50.859368834732585	448.231946272
1223	-50.859368834732585	448.584649491
1224	-50.859368834732585	448.884088303
1225	-50.859368834732585	449.212737466
1226	-50.859368834732585	449.526170344
1227	-50.859368834732585	449.801385751
1228	-50.859368834732585	450.104957922
1229	-50.859368834732585	450.387250617
1230	-50.859368834732585	450.69589897
1231	-50.859368834732585	450.970193223
1232	-50.859368834732585	451.289608041
1233	-50.859368834732585	451.635052079
1234	-50.859368834732585	451.959128545
1235	-50.859368834732585	452.338024347
1236	-50.859368834732585	452.701718974
1237	-50.859368834732585	453.006032972
1238	-50.859368834732585	453.349331643
1239	-50.859368834732585	453.721327203
1240	-50.859368834732585	454.109302255
1241	-50.859368834732585	454.451149489
1242	-50.859368834732585	454.890514712
1243	-50.859368834732585	455.185599212
1244	-50.859368834732585	455.54177978
1245	-50.859368834732585	455.963077731
1246	-50.859368834732585	456.345539261
1247	-50.859368834732585	456.72520711
1248	-50.859368834732585	457.023236109
1249	-50.859368834732585	457.37029067
1250	-50.859368834732585	457.731954254
1251	-50.859368834732585	458.07230472
1252	-50.859368834732585	458.447348839
1253	-50.859368834732585	459.086332999
1254	-50.859368834732585	459.45716279
1255	-50.859368834732585	459.873526824
1256	-50.859368834732585	460.295245866
1257	-50.859368834732585	460.743059416
1258	-50.859368834732585	461.140418206
1259	-50.859368834732585	461.521585103
1260	-50.859368834732585	461.872531545
1261	-50.859368834732585	462.260246873
1262	-50.859368834732585	462.669990632
1263	-50.859368834732585	463.066750999
1264	-50.859368834732585	463.529573852
1265	-50.859368834732585	464.037164603
1266	-50.859368834732585	464.395454045
1267	-50.859368834732585	464.843292684
1268	-50.859368834732585	465.281926913
1269	-50.859368834732585	465.71024827
1270	-50.859368834732585	466.130024365
1271	-50.859368834732585	466.526611677
1272	-50.859368834732585	466.901202489
1273	-50.859368834732585	467.318329163
1274	-50.859368834732585	467.733885798
1275	-50.859368834732585	468.278378861
1276	-50.859368834732585	468.668871905
1277	-50.859368834732585	469.067497672
1278	-50.859368834732585	469.423615804
1279	-50.859368834732585	469.850643667
1280	-50.859368834732585	470.272138622
1281	-50.859368834732585	470.753202086
1282	-50.859368834732585	471.144518779
1283	-50.859368834732585	471.476589696
1284	-50.859368834924496	471.901496996
1285	-50.859368834924496	472.400797934
1286	-50.859368834924496	472.80267012
1287	-50.859368834924496	473.225764193
1288	-50.859368834924496	473.680972631
1289	-50.859368834924496	474.161961114
1290	-50.859368834924496	474.645962519
1291	-50.859368834924496	475.187824407
1292	-50.859368834924496	475.658269657
1293	-50.859368834924496	476.182713444
1294	-50.859368834924496	476.589035164
1295	-50.859368834924496	477.023146018
1296	-50.859368834924496	477.454064053
1297	-50.859368834924496	477.898301326
1298	-50.859368834924496	478.321782847
1299	-50.859368834924496	478.706938275
1300	-50.859368834924496	479.291381925
1301	-50.859368834924496	479.758439633
1302	-50.859368834924496	480.210153332
1303	-50.859368834924496	480.637339426
1304	-50.859368834924496	481.080851122
1305	-50.859368834924496	481.523375237
1306	-50.859368834924496	481.990327459
1307	-50.859368834924496	482.398680222
1308	-50.859368834924496	482.85820933
1309	-50.859368834924496	483.29000946
1310	-50.859368834924496	483.69088323
1311	-50.859368834924496	484.08168133
1312	-50.859368834924496	484.455383774
1313	-50.859368834924496	485.054679067
1314	-50.859368834924496	485.35841118
1315	-50.859368834924496	485.770249273
1316	-50.859368834924496	486.179284277
1317	-50.859368834924496	486.547472629
1318	-50.859368834924496	486.901318239
1319	-50.859368834924496	487.22275127
1320	-50.859368834924496	487.516714763
1321	-50.859368834924496	487.844570496
1322	-50.859368834924496	488.175559463
1323	-50.859368834924496	488.501304326
1324	-50.859368834924496	488.852233377
1325	-50.859368834924496	489.210055828
1326	-50.859368834924496	489.52044984
1327	-50.859368834924496	489.870174064
1328	-50.859368834924496	490.136822827
1329	-50.859368834924496	490.454828402
1330	-50.859368834924496	490.800041226
1331	-50.859368834924496	491.168623584
1332	-50.859368834924496	491.502741794
1333	-50.859368834924496	491.822014918
1334	-50.859368834924496	492.159630147
1335	-50.859368834924496	492.457297071
1336	-50.859368834924496	492.81712348
1337	-50.859368834924496	493.214834652
1338	-50.859368834924496	493.600507818
1339	-50.859368834924496	493.971553714
1340	-50.859368834924496	494.307370826
1341	-50.859368834924496	494.755088868
1342	-50.859368834924496	495.055644126
1343	-50.859368834924496	495.349186813
1344	-50.859368834924496	495.707704905
1345	-50.859368834924496	496.089900723
1346	-50.859368834924496	496.51669224
1347	-50.859368834924496	496.941342096
1348	-50.859368834924496	497.24264916
1349	-50.859368834924496	497.591038267
1350	-50.859368834924496	497.922555522
1351	-50.859368834924496	498.266603147
1352	-50.859368834924496	498.64264169
1353	-50.859368834924496	498.952734638
1354	-50.859368834924496	499.328449309
1355	-50.859368834924496	499.625020028
1356	-50.859368834924496	499.926981108
1357	-50.859368834924496	500.344815396
1358	-50.859368834924496	500.690946807
1359	-50.859368834924496	501.070903461
1360	-50.859368834924496	501.38575442
1361	-50.859368834924496	501.704480439
1362	-50.859368834924496	502.057396913
1363	-50.859368834924496	502.356105017
1364	-50.859368834924496	502.64942048
1365	-50.859368834924496	502.999155538
1366	-50.859368834924496	503.387947398
1367	-50.859368834924496	503.712553292
1368	-50.859368834924496	504.022929628
1369	-50.859368834924496	504.361933003
1370	-50.859368834924496	504.671049773
1371	-50.859368834924496	505.02390438
1372	-50.859368834924496	505.347818055
1373	-50.859368834924496	505.84638914
1374	-50.859368834924496	506.353064155
1375	-50.859368834924496	506.670654627
1376	-50.859368834924496	507.01183587
1377	-50.859368834924496	507.328514026
1378	-50.859368834924496	507.677715665
1379	-50.859368834924496	508.040569251
1380	-50.859368834924496	508.386237947
1381	-50.859368834924496	508.774299099
1382	-50.859368834924496	509.108541897
1383	-50.859368834924496	509.388928423
1384	-50.859368834924496	509.717983566
1385	-50.859368834924496	510.059063314
1386	-50.859368834924496	510.412877848
1387	-50.859368834924496	510.824868185
1388	-50.859368834924496	511.308624405
1389	-50.859368834924496	511.604366058
1390	-50.859368834924496	511.992978876
1391	-50.859368834924496	512.368223705
1392	-50.859368834924496	512.760711869
1393	-50.859368834924496	513.070623209
1394	-50.859368834924496	513.403547996
1395	-50.859368834924496	513.710788247
1396	-50.859368834924496	513.997968672
1397	-50.859368834924496	514.314211768
1398	-50.859368834924496	514.659987946
1399	-50.859368834924496	515.005437401
1400	-50.859368834924496	515.381773017
1401	-50.859368834924496	515.705038948
1402	-50.859368834924496	516.063743779
1403	-50.859368834924496	516.462973955
1404	-50.859368834924496	516.785766337
1405	-50.859368834924496	517.125320237
1406	-50.859368834924496	517.462059929
1407	-50.859368834924496	517.812544511
1408	-50.859368834924496	518.241762503
1409	-50.859368834924496	518.627246649
1410	-50.859368834924496	518.945518791
1411	-50.859368834924496	519.28628151
1412	-50.859368834924496	519.660162712
1413	-50.859368834924496	519.991662861
1414	-50.859368834924496	520.36716884
1415	-50.859368834924496	520.711948598
1416	-50.859368834924496	520.996744744
1417	-50.859368834924496	521.287892032
1418	-50.859368834924496	521.581738349
1419	-50.859368834924496	521.919814584
1420	-50.859368834924496	522.293350816
1421	-50.859368834924496	522.663357812
1422	-50.859368834924496	523.045240877
1423	-50.859368834924496	523.469359309
1424	-50.859368834924496	523.807414446
1425	-50.859368834924496	524.164388159
1426	-50.859368834924496	524.523004039
1427	-50.859368834924496	524.884082316
1428	-50.859368834924496	525.232583467
1429	-50.859368834924496	525.578122728
1430	-50.859368834924496	525.928343879
1431	-50.859368834924496	526.26547102
1432	-50.859368834924496	526.626637393
1433	-50.859368834924496	526.951946625
1434	-50.859368834924496	527.30586408
1435	-50.859368834924496	527.664793854
1436	-50.859368834924496	528.022383664
1437	-50.859368834924496	528.380446168
1438	-50.859368834924496	528.775882822
1439	-50.859368834924496	529.254766422
1440	-50.859368834924496	529.635808161
1441	-50.859368834924496	530.022493997
1442	-50.859368834924496	530.338320849
1443	-50.859368834924496	530.660235127
1444	-50.859368834924496	531.032541729
1445	-50.859368834924496	531.38266338
1446	-50.859368834924496	531.732251327
1447	-50.859368834924496	532.139191426
1448	-50.859368834924496	532.473569076
1449	-50.859368834924496	532.882088906
1450	-50.859368834924496	533.333430552
1451	-50.859368834924496	533.765528895
1452	-50.859368834924496	534.220285167
1453	-50.859368834924496	534.607650109
1454	-50.859368834924496	534.986521962
1455	-50.859368834924496	535.294308177
1456	-50.859368834924496	535.589028321
1457	-50.859368834924496	535.914512604
1458	-50.859368834924496	536.2407849
1459	-50.859368834924496	536.551600858
1460	-50.859368834924496	536.844252041
1461	-50.859368834924496	537.178624844
1462	-50.859368834924496	537.504857511
1463	-50.859368834924496	537.851995035
1464	-50.859368834924496	538.170268888
1465	-50.859368834924496	538.512371
1466	-50.859368834924496	538.943437286
1467	-50.859368834924496	539.279037724
1468	-50.859368834924496	539.661712223
1469	-50.859368834924496	539.943341778
1470	-50.859368834924496	540.272706538
1471	-50.859368834924496	540.615176713
1472	-50.859368834924496	540.901180252
1473	-50.859368834924496	541.292410846
1474	-50.859368834924496	541.632304869
1475	-50.859368834924496	541.996326504
1476	-50.859368834924496	542.363606817
1477	-50.859368834924496	542.745373847
1478	-50.859368834924496	543.132035165
1479	-50.859368834924496	543.567728317
1480	-50.859368834924496	543.965244196
1481	-50.859368834924496	544.3613457
1482	-50.859368834924496	544.690371193
1483	-50.859368834924496	544.994093897
1484	-50.859368834924496	545.374277489
1485	-50.859368834924496	545.876699687
1486	-50.859368834924496	546.273258204
1487	-50.859368834924496	546.780290447
1488	-50.859368834924496	547.188879557
1489	-50.859368834924496	547.619902793
1490	-50.859368834924496	548.047998351
1491	-50.859368834924496	548.38056591
1492	-50.859368834924496	548.683560757
1493	-50.859368834924496	548.972070883
1494	-50.859368834924496	549.268951219
1495	-50.859368834924496	549.7572043
1496	-50.859368834924496	550.16815089
1497	-50.859368834924496	550.521615609
1498	-50.859368834924496	550.870394161
1499	-50.859368834924496	551.252474229
1500	-50.859368834924496	551.671126465
1501	-50.859368834924496	552.071497606
1502	-50.859368834924496	552.389757204
1503	-50.859368834924496	552.797289739
1504	-50.859368834924496	553.124496302
1505	-50.859368834924496	553.494573718
1506	-50.859368834924496	553.825633104
1507	-50.859368834924496	554.122170753
1508	-50.859368834924496	554.428805739
1509	-50.859368834924496	554.725927554
1510	-50.859368834924496	555.067322052
1511	-50.859368834924496	555.407306736
1512	-50.859368834924496	555.782006456
1513	-50.859368834924496	556.102158539
1514	-50.859368834924496	556.455766092
1515	-50.859368834924496	556.812623484
1516	-50.859368834924496	557.173586011
1517	-50.859368834924496	557.551815822
1518	-50.859368834924496	557.908081349
1519	-50.859368834924496	558.250912744
1520	-50.859368834924496	558.557605035
1521	-50.859368834924496	558.828897484
1522	-50.859368834924496	559.147472401
1523	-50.859368834924496	559.494441147
1524	-50.859368834924496	559.854827775
1525	-50.859368834924496	560.168469346
1526	-50.859368834924496	560.548991065
1527	-50.859368834924496	560.893460921
1528	-50.859368834924496	561.321642864
1529	-50.859368834924496	561.674144804
1530	-50.859368834924496	562.011324688
1531	-50.859368834924496	562.386517344
1532	-50.859368834924496	562.786134399
1533	-50.859368834924496	563.160756572
1534	-50.859368834924496	563.555605923
1535	-50.859368834924496	563.868393623
1536	-50.859368834924496	564.199330703
1537	-50.859368834924496	564.490775349
1538	-50.859368834924496	564.884548738
1539	-50.859368834924496	565.277083943
1540	-50.859368834924496	565.561680805
1541	-50.859368834924496	565.885562548
1542	-50.859368834924496	566.214682694
1543	-50.859368834924496	566.56795269
1544	-50.859368834924496	566.918602914
1545	-50.859368834924496	567.284679541
1546	-50.859368834924496	567.632006941
1547	-50.859368834924496	568.020605789
1548	-50.859368834924496	568.404534152
1549	-50.859368834924496	568.718149493
1550	-50.859368834924496	569.047469778
1551	-50.859368834924496	569.43197404
1552	-50.859368834924496	569.836099646
1553	-50.859368834924496	570.217622916
1554	-50.859368834924496	570.593894955
1555	-50.859368834924496	570.889865542
1556	-50.859368834924496	571.210780549
1557	-50.859368834924496	571.535689503
1558	-50.859368834924496	571.893945589
1559	-50.859368834924496	572.251657991
1560	-50.859368834924496	572.583165268
1561	-50.859368834924496	572.950266824
1562	-50.859368834924496	573.265015148
1563	-50.859368834924496	573.623339942
1564	-50.859368834924496	573.996101847
1565	-50.859368834924496	574.372319432
1566	-50.859368834924496	574.681967626
1567	-50.859368834924496	574.969629583
1568	-50.859368834924496	575.271982103
1569	-50.859368834924496	575.644488844
1570	-50.859368834924496	576.012230447
1571	-50.859368834924496	576.371196428
1572	-50.859368834924496	576.740485831
1573	-50.859368834924496	577.106306724
1574	-50.859368834924496	577.425670224
1575	-50.859368834924496	577.793616528
1576	-50.859368834924496	578.167754603
1577	-50.859368834924496	578.559941133
1578	-50.859368834924496	578.90679869
1579	-50.859368834924496	579.239419562
1580	-50.859368834924496	579.549417857
1581	-50.859368834924496	579.916645142
1582	-50.859368834924496	580.24360481
1583	-50.859368834924496	580.648599396
1584	-50.859368834924496	580.971780367
1585	-50.859368834924496	581.365020051
1586	-50.859368834924496	581.69812445
1587	-50.859368834924496	582.039453375
1588	-50.859368834924496	582.380020516
1589	-50.859368834924496	582.745775266
1590	-50.859368834924496	583.087251587
1591	-50.859368834924496	583.392233571
1592	-50.859368834924496	583.700621914
1593	-50.859368834924496	584.056033286
1594	-50.859368834924496	584.376426562
1595	-50.859368834924496	584.811920145
1596	-50.859368834924496	585.156374036
1597	-50.859368834924496	585.531845518
1598	-50.859368834924496	585.97123982
1599	-50.859368834924496	586.328223226
1600	-50.859368834924496	586.623239302
1601	-50.859368834924496	586.947705783
1602	-50.859368834924496	587.283834508
1603	-50.859368834924496	587.723073147
1604	-50.859368834924496	588.053131267
1605	-50.859368834924496	588.4531027
1606	-50.859368834924496	588.786709158
1607	-50.859368834924496	589.065979522
1608	-50.859368834924496	589.397479671
1609	-50.859368834924496	589.700757621
1610	-50.859368834924496	590.019144944
1611	-50.859368834924496	590.362941397
1612	-50.859368834924496	590.746548454
1613	-50.859368834924496	591.058169245
1614	-50.859368834924496	591.425564453
1615	-50.859368834924496	591.754940332
1616	-50.859368834924496	592.109714223
1617	-50.859368834924496	592.428112949
1618	-50.859368834924496	592.764896261
1619	-50.859368834924496	593.132946626
1620	-50.859368834924496	593.43590327
1621	-50.859368834924496	593.753491746
1622	-50.859368834924496	594.138040483
1623	-50.859368834924496	594.535573468
1624	-50.859368834924496	594.931211686
1625	-50.859368834924496	595.260198976
1626	-50.859368834924496	595.593720475
1627	-50.859368834924496	595.962499551
1628	-50.859368834924496	596.298971535
1629	-50.859368834924496	596.708104898
1630	-50.859368834924496	597.00502971
1631	-50.859368834924496	597.392916097
1632	-50.859368834924496	597.807580659
1633	-50.859368834924496	598.192610928
1634	-50.859368834924496	598.607544622
1635	-50.859368834924496	598.919315091
1636	-50.859368834924496	599.227581982
1637	-50.859368834924496	599.520786257
1638	-50.859368834924496	599.868361407
1639	-50.859368834924496	600.206156819
1640	-50.859368834924496	600.563499449
1641	-50.859368834924496	600.863733686
1642	-50.859368834924496	601.160586653
1643	-50.859368834924496	601.425478353
1644	-50.859368834924496	601.73325801
1645	-50.859368834924496	602.072111139
1646	-50.859368834924496	602.393889424
1647	-50.859368834924496	602.815367558
1648	-50.859368834924496	603.153184637
1649	-50.859368834924496	603.480387495
1650	-50.859368834924496	603.7978568
1651	-50.859368834924496	604.150087041
1652	-50.859368834924496	604.474835769
1653	-50.859368834924496	604.867350162
1654	-50.859368834924496	605.214361673
1655	-50.859368834924496	605.560072278
1656	-50.859368834924496	605.982237215
1657	-50.859368834924496	606.312292484
1658	-50.859368834924496	606.611415407
1659	-50.859368834924496	606.946596179
1660	-50.859368834924496	607.272237551
1661	-50.859368834924496	607.6382908
1662	-50.859368834924496	607.98868244
1663	-50.859368834924496	608.367520081
1664	-50.859368834924496	608.703447527
1665	-50.859368834924496	609.061787147
1666	-50.859368834924496	609.418653947
1667	-50.859368834924496	609.838715996
1668	-50.859368834924496	610.222390906
1669	-50.859368834924496	610.544591708
1670	-50.859368834924496	610.864827325
1671	-50.859368834924496	611.1946414
1672	-50.859368834924496	611.562500749
1673	-50.859368834924496	611.918619165
1674	-50.859368834924496	612.27602024
1675	-50.859368834924496	612.620420247
1676	-50.859368834924496	612.979271619
1677	-50.859368834924496	613.330198674
1678	-50.859368834924496	613.715675407
1679	-50.859368834924496	614.102953964
1680	-50.859368834924496	614.418675044
1681	-50.859368834924496	614.774910351
1682	-50.859368834924496	615.051898501
1683	-50.859368834924496	615.30671738
1684	-50.859368834924496	615.602056474
1685	-50.859368834924496	615.928231265
1686	-50.859368834924496	616.240289683
1687	-50.859368834924496	616.567303235
1688	-50.859368834924496	616.946011442
1689	-50.859368834924496	617.304174015
1690	-50.859368834924496	617.712802468
1691	-50.859368834924496	618.118836524
1692	-50.859368834924496	618.510781575
1693	-50.859368834924496	618.888928993
1694	-50.859368834924496	619.213457055
1695	-50.859368834924496	619.587050022
1696	-50.859368834924496	619.907458694
1697	-50.859368834924496	620.226462399
1698	-50.859368834924496	620.561709315
1699	-50.859368834924496	620.891345774
1700	-50.859368834924496	621.206872417
1701	-50.859368834924496	621.55537984
1702	-50.859368834924496	621.908924671
1703	-50.859368834924496	622.268544098
1704	-50.859368834924496	622.569722297
1705	-50.859368834924496	622.892424302
1706	-50.859368834924496	623.271086323
1707	-50.859368834924496	623.578641038
1708	-50.859368834924496	623.893992345
1709	-50.859368834924496	624.196323197
1710	-50.859368834924496	624.519444582
1711	-50.859368834924496	624.818478839
1712	-50.859368834924496	625.153090555
1713	-50.859368834924496	625.517567493
1714	-50.859368834924496	625.842169396
1715	-50.859368834924496	626.208780867
1716	-50.859368834924496	626.510968315
1717	-50.859368834924496	626.844362089
1718	-50.859368834924496	627.233801694
1719	-50.859368834924496	627.630320867
1720	-50.859368834924496	627.992951222
1721	-50.859368834924496	628.32826428
1722	-50.859368834924496	628.650078773
1723	-50.859368834924496	628.99141511
1724	-50.859368834924496	629.287577283
1725	-50.859368834924496	629.611849042
1726	-50.859368834924496	630.008531007
1727	-50.859368834924496	630.337701045
1728	-50.859368834924496	630.63418652
1729	-50.859368834924496	630.956385896
1730	-50.859368834924496	631.293512752
1731	-50.859368834924496	631.621287802
1732	-50.859368834924496	631.952892582
1733	-50.859368834924496	632.322451404
1734	-50.859368834924496	632.679722759
1735	-50.859368834924496	633.097325262
1736	-50.859368834924496	633.368856053
1737	-50.859368834924496	633.680154968
1738	-50.859368834924496	634.030627576
1739	-50.859368834924496	634.402204041
1740	-50.859368834924496	634.760589846
1741	-50.859368834924496	635.155235352
1742	-50.859368834924496	635.51076732
1743	-50.859368834924496	635.885093276
1744	-50.859368834924496	636.262545053
1745	-50.859368834924496	636.603653311
1746	-50.859368834924496	636.928877014
1747	-50.859368834924496	637.29967801
1748	-50.859368834924496	637.674130834
1749	-50.859368834924496	638.060428367
1750	-50.859368834924496	638.418322947
1751	-50.859368834924496	638.75529585
1752	-50.859368834924496	639.073730499
1753	-50.859368834924496	639.376125498
1754	-50.859368834924496	639.714735437
1755	-50.859368834924496	640.028371306
1756	-50.859368834924496	640.36579837
1757	-50.859368834924496	640.6713152
1758	-50.859368834924496	640.967235325
1759	-50.859368834924496	641.379442336
1760	-50.859368834924496	641.832914524
1761	-50.859368834924496	642.216727136
1762	-50.859368834924496	642.598491885
1763	-50.859368834924496	642.940148388
1764	-50.859368834924496	643.282820698
1765	-50.859368834924496	643.579548222
1766	-50.859368834924496	643.905508334
1767	-50.859368834924496	644.227875348
1768	-50.859368834924496	644.600792917
1769	-50.859368834924496	644.959610077
1770	-50.859368834924496	645.302000138
1771	-50.859368834924496	645.644621415
1772	-50.859368834924496	645.976908151
1773	-50.859368834924496	646.380657996
1774	-50.859368834924496	646.818531868
1775	-50.859368834924496	647.262673632
1776	-50.859368834924496	647.641763871
1777	-50.859368834924496	647.933618489
1778	-50.859368834924496	648.265132608
1779	-50.859368834924496	648.655280112
1780	-50.859368834924496	649.012886173
1781	-50.859368834924496	649.481135309
1782	-50.859368834924496	649.833682009
1783	-50.859368834924496	650.218896452
1784	-50.859368834924496	650.55240284
1785	-50.859368834924496	650.869525465
1786	-50.859368834924496	651.269099756
1787	-50.859368834924496	651.616476192
1788	-50.859368834924496	651.990915332
1789	-50.859368834924496	652.276464139
1790	-50.859368834924496	652.630483088
1791	-50.859368834924496	652.956005574
1792	-50.859368834924496	653.361831508
1793	-50.859368834924496	653.662996592
1794	-50.859368834924496	654.004383962
1795	-50.859368834924496	654.321690475
1796	-50.859368834924496	654.7027325
1797	-50.859368834924496	655.02719841
1798	-50.859368834924496	655.287511711
1799	-50.859368834924496	655.588010804
1800	-50.859368834924496	655.967646437
1801	-50.859368834924496	656.302745386
1802	-50.859368834924496	656.601476013
1803	-50.859368834924496	656.96112224
1804	-50.859368834924496	657.261619908
1805	-50.859368834924496	657.598407211
1806	-50.859368834924496	657.958245594
1807	-50.859368834924496	658.404777626
1808	-50.859368834924496	658.766501652
1809	-50.859368834924496	659.172996427
1810	-50.859368834924496	659.550005161
1811	-50.859368834924496	659.885959976
1812	-50.859368834924496	660.166551202
1813	-50.859368834924496	660.501583438
1814	-50.859368834924496	660.815784372
1815	-50.859368834924496	661.124679621
1816	-50.859368834924496	661.442416063
1817	-50.859368834924496	661.788483612
1818	-50.859368834924496	662.109216441
1819	-50.859368834924496	662.445756278
1820	-50.859368834924496	662.840008348
1821	-50.859368834924496	663.20637606
1822	-50.859368834924496	663.580506438
1823	-50.859368834924496	663.916738369
1824	-50.859368834924496	664.333918071
1825	-50.859368834924496	664.696351137
1826	-50.859368834924496	665.037121838
1827	-50.859368834924496	665.318864008
1828	-50.859368834924496	665.640691615
1829	-50.859368834924496	666.035173474
1830	-50.859368834924496	666.367952006
1831	-50.859368834924496	666.74892247
1832	-50.859368834924496	667.061922854
1833	-50.859368834924496	667.422315184
1834	-50.859368834924496	667.843161254
1835	-50.859368834924496	668.231502373
1836	-50.859368834924496	668.636542005
1837	-50.859368834924496	669.044649297
1838	-50.859368834924496	669.440686369
1839	-50.859368834924496	669.762723525
1840	-50.859368834924496	670.090249114
1841	-50.859368834924496	670.425476072
1842	-50.859368834924496	670.80654461
1843	-50.859368834924496	671.150706845
1844	-50.859368834924496	671.528995672
1845	-50.859368834924496	671.815875034
1846	-50.859368834924496	672.120352393
1847	-50.859368834924496	672.474634775
1848	-50.859368834924496	672.792793448
1849	-50.859368834924496	673.119230245
1850	-50.859368834924496	673.462897264
1851	-50.859368834924496	673.787145359
1852	-50.859368834924496	674.08146608
1853	-50.859368834924496	674.376141749
1854	-50.859368834924496	674.699922282
1855	-50.859368834924496	675.032088137
1856	-50.859368834924496	675.323736628
1857	-50.859368834924496	675.652278594
1858	-50.859368834924496	676.071992537
1859	-50.859368834924496	676.437532608
1860	-50.859368834924496	676.783624961
1861	-50.859368834924496	677.21276455
1862	-50.859368834924496	677.574184091
1863	-50.859368834924496	677.951304013
1864	-50.859368834924496	678.329369037
1865	-50.859368834924496	678.681814243
1866	-50.859368834924496	679.107745047
1867	-50.859368834924496	679.540376809
1868	-50.859368834924496	679.937621559
1869	-50.859368834924496	680.336331716
1870	-50.859368834924496	680.674021927
1871	-50.859368834924496	680.983058869
1872	-50.859368834924496	681.286465684
1873	-50.859368834924496	681.570278524
1874	-50.859368834924496	681.87601602
1875	-50.859368834924496	682.228018468
1876	-50.859368834924496	682.552553372
1877	-50.859368834924496	682.880608959
1878	-50.859368834924496	683.260551073
1879	-50.859368834924496	683.597109442
1880	-50.859368834924496	683.914960209
1881	-50.859368834924496	684.288843691
1882	-50.859368834924496	684.690632628
1883	-50.859368834924496	685.044976876
1884	-50.859368834924496	685.471851927
1885	-50.859368834924496	685.783032241
1886	-50.859368834924496	686.10174315
1887	-50.859368834924496	686.414063859
1888	-50.859368834924496	686.743636741
1889	-50.859368834924496	687.130525568
1890	-50.859368834924496	687.510156639
1891	-50.859368834924496	687.87571068
1892	-50.859368834924496	688.26470325
1893	-50.859368834924496	688.60152448
1894	-50.859368834924496	688.943374279
1895	-50.859368834924496	689.288475059
1896	-50.859368834924496	689.646265294
1897	-50.859368834924496	690.014194776
1898	-50.859368834924496	690.35008915
1899	-50.859368834924496	690.689463724
1900	-50.859368834924496	691.025068438
1901	-50.859368834924496	691.347105023
1902	-50.859368834924496	691.715699071
1903	-50.859368834924496	692.124745193
1904	-50.859368834924496	692.498749558
1905	-50.859368834924496	692.80758408
1906	-50.859368834924496	693.154413127
1907	-50.859368834924496	693.486643414
1908	-50.859368834924496	693.842138605
1909	-50.859368834924496	694.192292473
1910	-50.859368834924496	694.553168615
1911	-50.859368834924496	694.932086654
1912	-50.859368834924496	695.28063114
1913	-50.859368834924496	695.580342791
1914	-50.859368834924496	695.967108741
1915	-50.859368834924496	696.351169104
1916	-50.859368834924496	696.735715561
1917	-50.859368834924496	697.267664569
1918	-50.859368834924496	697.607568286
1919	-50.859368834924496	697.949987142
1920	-50.859368834924496	698.277461699
1921	-50.859368834924496	698.618934313
1922	-50.859368834924496	698.998533738
1923	-50.859368834924496	699.35255896
1924	-50.859368834924496	699.7263495
1925	-50.859368834924496	700.107782395
1926	-50.859368834924496	700.498130608
1927	-50.859368834924496	700.878295954
1928	-50.859368834924496	701.234601395
1929	-50.859368834924496	701.577051043
1930	-50.859368834924496	701.950144802
1931	-50.859368834924496	702.263830848
1932	-50.859368834924496	702.61436019
1933	-50.859368834924496	702.9998412
1934	-50.859368834924496	703.344861582
1935	-50.859368834924496	703.699736113
1936	-50.859368834924496	704.081843836
1937	-50.859368834924496	704.381951774
1938	-50.859368834924496	704.713500105
1939	-50.859368834924496	705.079592697
1940	-50.859368834924496	705.419836251
1941	-50.859368834924496	705.851318496
1942	-50.859368834924496	706.297977682
1943	-50.859368834924496	706.748528749
1944	-50.859368834924496	707.114858543
1945	-50.859368834924496	707.467327697
1946	-50.859368834924496	707.795769878
1947	-50.859368834924496	708.118093557
1948	-50.859368834924496	708.467681504
1949	-50.859368834924496	708.792272573
1950	-50.859368834924496	709.171914477
1951	-50.859368834924496	709.495237998
1952	-50.859368834924496	709.860759252
1953	-50.859368834924496	710.197496378
1954	-50.859368834924496	710.566114944
1955	-50.859368834924496	710.875044119
1956	-50.859368834924496	711.20524935
1957	-50.859368834924496	711.589325964
1958	-50.859368834924496	711.928790344
1959	-50.859368834924496	712.208692487
1960	-50.859368834924496	712.570490923
1961	-50.859368834924496	712.888374476
1962	-50.859368834924496	713.210455822
1963	-50.859368834924496	713.539004059
1964	-50.859368834924496	713.828817656
1965	-50.859368834924496	714.125136349
1966	-50.859368834924496	714.431667274
1967	-50.859368834924496	714.746127648
1968	-50.859368834924496	715.066570532
1969	-50.859368834924496	715.376969105
1970	-50.859368834924496	715.75054069
1971	-50.859368834924496	716.055640705
1972	-50.859368834924496	716.328360928
1973	-50.859368834924496	716.634397778
1974	-50.859368834924496	717.006433821
1975	-50.859368834924496	717.315768692
1976	-50.859368834924496	717.700763893
1977	-50.859368834924496	718.079826193
1978	-50.859368834924496	718.455031392
1979	-50.859368834924496	718.801075563
1980	-50.859368834924496	719.107186539
1981	-50.859368834924496	719.427273904
1982	-50.859368834924496	719.729190793
1983	-50.859368834924496	720.057343314
1984	-50.859368834924496	720.375835268
1985	-50.859368834924496	720.711389805
1986	-50.859368834924496	721.05811023
1987	-50.859368834924496	721.471306818
1988	-50.859368834924496	721.900390243
1989	-50.859368834924496	722.254852807
1990	-50.859368834924496	722.605842298
1991	-50.859368834924496	722.916837584
1992	-50.859368834924496	723.276895208
1993	-50.859368834924496	723.73250592
1994	-50.859368834924496	724.216676104
1995	-50.859368834924496	724.600577097
1996	-50.859368834924496	724.972440655
1997	-50.859368834924496	725.331680047
1998	-50.859368834924496	725.660325503
1999	-50.859368834924496	726.004474623
2000	-50.859368834924496	726.49160242
2001	-50.859368834924496	726.915545802
2002	-50.859368834924496	727.255112817
2003	-50.859368834924496	727.635083725
2004	-50.859368834924496	727.985201956
2005	-50.859368834924496	728.406476814
2006	-50.859368834924496	728.777175745
2007	-50.859368834924496	729.12815982
2008	-50.859368834924496	729.572888603
2009	-50.859368834924496	729.945539033
2010	-50.859368834924496	730.326747555
2011	-50.859368834924496	730.702850816
2012	-50.859368834924496	731.085083697
2013	-50.859368834924496	731.426794938
2014	-50.859368834924496	731.804885051
2015	-50.859368834924496	732.124717254
2016	-50.859368834924496	732.498251205
2017	-50.859368834924496	732.896888947
2018	-50.859368834924496	733.304879634
2019	-50.859368834924496	733.815008619
2020	-50.859368834924496	734.196834094
2021	-50.859368834924496	734.581173854
2022	-50.859368834924496	734.950200111
2023	-50.859368834924496	735.243584283
2024	-50.859368834924496	735.559561382
2025	-50.859368834924496	735.89630592
2026	-50.859368834924496	736.218345641
2027	-50.859368834924496	736.549736027
2028	-50.859368834924496	736.909203497
2029	-50.859368834924496	737.247885851
2030	-50.859368834924496	737.576129034
2031	-50.859368834924496	737.942591398
2032	-50.859368834924496	738.27747909
2033	-50.859368834924496	738.656115166
2034	-50.859368834924496	738.971683148
2035	-50.859368834924496	739.274844778
2036	-50.859368834924496	739.612026373
2037	-50.859368834924496	739.952114263
2038	-50.859368834924496	740.275396444
2039	-50.859368834924496	740.593226969
2040	-50.859368834924496	740.94990703
2041	-50.859368834924496	741.434273931
2042	-50.859368834924496	741.887773488
2043	-50.859368834924496	742.303456422
2044	-50.859368834924496	742.732125599
2045	-50.859368834924496	743.102134591
2046	-50.859368834924496	743.50984018
2047	-50.859368834924496	743.8942247
2048	-50.859368834924496	744.280286171
2049	-50.859368834924496	744.649813346
2050	-50.859368834924496	745.013429571
2051	-50.859368834924496	745.317856184
2052	-50.859368834924496	745.690079252
2053	-50.859368834924496	746.075804021
2054	-50.859368834924496	746.45590636
2055	-50.859368834924496	746.814884601
2056	-50.859368834924496	747.118642942
2057	-50.859368834924496	747.427918797
2058	-50.859368834924496	747.716922144
2059	-50.859368834924496	748.041337592
2060	-50.859368834924496	748.40263511
2061	-50.859368834924496	748.76837646
2062	-50.859368834924496	749.070070688
2063	-50.859368834924496	749.412971361
2064	-50.859368834924496	749.72235983
2065	-50.859368834924496	750.076078856
2066	-50.859368834924496	750.481549842
2067	-50.859368834924496	750.848297591
2068	-50.859368834924496	751.246310966
2069	-50.859368834924496	751.588732959
2070	-50.859368834924496	751.993172458
2071	-50.859368834924496	752.285994131
2072	-50.859368834924496	752.602621824
2073	-50.859368834924496	752.887924876
2074	-50.859368834924496	753.249119188
2075	-50.859368834924496	753.55484471
2076	-50.859368834924496	753.899227896
2077	-50.859368834924496	754.224602416
2078	-50.859368834924496	754.50825104
2079	-50.859368834924496	754.807890846
2080	-50.859368834924496	755.119738006
2081	-50.859368834924496	755.459407656
2082	-50.859368834924496	755.905832206
2083	-50.859368834924496	756.237680175
2084	-50.859368834924496	756.554043583
2085	-50.859368834924496	756.942250706
2086	-50.859368834924496	757.341716659
2087	-50.859368834924496	757.689793868
2088	-50.859368834924496	758.01468201
2089	-50.859368834924496	758.33605517
2090	-50.859368834924496	758.748225689
2091	-50.859368834924496	759.122564189
2092	-50.859368834924496	759.49144248
2093	-50.859368834924496	759.842080445
2094	-50.859368834924496	760.179213288
2095	-50.859368834924496	760.501138399
2096	-50.859368834924496	760.809539572
2097	-50.859368834924496	761.114977144
2098	-50.859368834924496	761.420429826
2099	-50.859368834924496	761.802397851
2100	-50.859368834924496	762.16566426
2101	-50.859368834924496	762.544959485
2102	-50.859368834924496	762.896136572
2103	-50.859368834924496	763.26006555
2104	-50.859368834924496	763.662077434
2105	-50.859368834924496	763.966437904
2106	-50.859368834924496	764.274646065
2107	-50.859368834924496	764.63674642
2108	-50.859368834924496	764.973360669
2109	-50.859368834924496	765.319288234
2110	-50.859368834924496	765.671086836
2111	-50.859368834924496	765.981221693
2112	-50.859368834924496	766.294536541
2113	-50.859368834924496	766.602402013
2114	-50.859368834924496	766.879704342
2115	-50.859368834924496	767.218635016
2116	-50.859368834924496	767.646045198
2117	-50.859368834924496	768.06450043
2118	-50.859368834924496	768.374311131
2119	-50.859368834924496	768.663360093
2120	-50.859368834924496	768.986351758
2121	-50.859368834924496	769.321127406
2122	-50.859368834924496	769.63829194
2123	-50.859368834924496	769.975468973
2124	-50.859368834924496	770.315916943
2125	-50.859368834924496	770.639115875
2126	-50.859368834924496	770.963134466
2127	-50.859368834924496	771.324223292
2128	-50.859368834924496	771.719639134
2129	-50.859368834924496	772.089929803
2130	-50.859368834924496	772.431389018
2131	-50.859368834924496	772.783129459
2132	-50.859368834924496	773.15645871
2133	-50.859368834924496	773.54000276
2134	-50.859368834924496	773.909207489
2135	-50.859368834924496	774.268291216
2136	-50.859368834924496	774.625903834
2137	-50.859368834924496	774.970061793
2138	-50.859368834924496	775.306828284
2139	-50.859368834924496	775.601240521
2140	-50.859368834924496	775.929929598
2141	-50.859368834924496	776.265308514
2142	-50.859368834924496	776.597333245
2143	-50.859368834924496	776.904472
2144	-50.859368834924496	777.202073637
2145	-50.859368834924496	777.514671176
2146	-50.859368834924496	777.822554894
2147	-50.859368834924496	778.188868153
2148	-50.859368834924496	778.527587285
2149	-50.859368834924496	778.888020954
2150	-50.859368834924496	779.198995712
2151	-50.859368834924496	779.52556622
2152	-50.859368834924496	779.861312629
2153	-50.859368834924496	780.234545801
2154	-50.859368834924496	780.592829541
2155	-50.859368834924496	780.998922612
2156	-50.859368834924496	781.432998685
2157	-50.859368834924496	781.864963602
2158	-50.859368834924496	782.239663322
2159	-50.859368834924496	782.574795057
2160	-50.859368834924496	782.945763406
2161	-50.859368834924496	783.34787536
2162	-50.859368834924496	783.68624496
2163	-50.859368834924496	784.079858979
2164	-50.859368834924496	784.489170528
2165	-50.859368834924496	784.916139947
2166	-50.859368834924496	785.294607816
2167	-50.859368834924496	785.7357703
2168	-50.859368834924496	786.127015149
2169	-50.859368834924496	786.540115374
2170	-50.859368834924496	786.909446116
2171	-50.859368834924496	787.320918713
2172	-50.859368834924496	787.666063683
2173	-50.859368834924496	788.135686424
2174	-50.859368834924496	788.454164407
2175	-50.859368834924496	788.820285794
2176	-50.859368834924496	789.206238643
2177	-50.859368834924496	789.539957144
2178	-50.859368834924496	789.869533448
2179	-50.859368834924496	790.174197547
2180	-50.859368834924496	790.50483955
2181	-50.859368834924496	790.860928316
2182	-50.859368834924496	791.187565822
2183	-50.859368834924496	791.532496398
2184	-50.859368834924496	791.922051752
2185	-50.859368834924496	792.295910146
2186	-50.859368834924496	792.643530627
2187	-50.859368834924496	793.093797736
2188	-50.859368834924496	793.464087551
2189	-50.859368834924496	793.932033056
2190	-50.859368834924496	794.352852326
2191	-50.859368834924496	794.744696738
2192	-50.859368834924496	795.085600866
2193	-50.859368834924496	795.420313506
2194	-50.859368834924496	795.763158015
2195	-50.859368834924496	796.171635081
2196	-50.859368834924496	796.496055946
2197	-50.859368834924496	796.809110783
2198	-50.859368834924496	797.129488664
2199	-50.859368834924496	797.454897396
2200	-50.859368834924496	797.776953368
2201	-50.859368834924496	798.10617786
2202	-50.859368834924496	798.462019445
2203	-50.859368834924496	798.842319357
2204	-50.859368834924496	799.202745614
2205	-50.859368834924496	799.518569615
2206	-50.859368834924496	799.860080432
2207	-50.859368834924496	800.235751768
2208	-50.859368834924496	800.510501038
2209	-50.859368834924496	800.778779995
2210	-50.859368834924496	801.07234606
2211	-50.859368834924496	801.391727806
2212	-50.859368834924496	801.701584407
2213	-50.859368834924496	802.072017626
2214	-50.859368834924496	802.491091523
2215	-50.859368834924496	802.841451517
2216	-50.859368834924496	803.193624168
2217	-50.859368834924496	803.5662478
2218	-50.859368834924496	803.89084286
2219	-50.859368834924496	804.22490291
2220	-50.859368834924496	804.562103321
2221	-50.859368834924496	804.930337859
2222	-50.859368834924496	805.310031082
2223	-50.859368834924496	805.761790112
2224	-50.859368834924496	806.178355426
2225	-50.859368834924496	806.514530052
2226	-50.859368834924496	806.91289752
2227	-50.859368834924496	807.29055856
2228	-50.859368834924496	807.739358551
2229	-50.859368834924496	808.188989035
2230	-50.859368834924496	808.576960096
2231	-50.859368834924496	808.865370437
2232	-50.859368834924496	809.195910374
2233	-50.859368834924496	809.534619528
2234	-50.859368834924496	809.891033591
2235	-50.859368834924496	810.228278193
2236	-50.859368834924496	810.60269652
2237	-50.859368834924496	810.916451275
2238	-50.859368834924496	811.269453563
2239	-50.859368834924496	811.683006525
2240	-50.859368834924496	812.038277058
2241	-50.859368834924496	812.331122394
2242	-50.859368834924496	812.635564116
2243	-50.859368834924496	812.976449998
2244	-50.859368834924496	813.270888465
2245	-50.859368834924496	813.57136418
2246	-50.859368834924496	813.842490417
2247	-50.859368834924496	814.123949198
2248	-50.859368834924496	814.483570051
2249	-50.859368834924496	814.834101104
2250	-50.859368834924496	815.148414937
2251	-50.859368834924496	815.467530402
2252	-50.859368834924496	815.74471812
2253	-50.859368834924496	816.122531973
2254	-50.859368834924496	816.52354316
2255	-50.859368834924496	816.892672623
2256	-50.859368834924496	817.259068845
2257	-50.859368834924496	817.626975235
2258	-50.859368834924496	817.986062953
2259	-50.859368834924496	818.388099641
2260	-50.859368834924496	818.812103179
2261	-50.859368834924496	819.244836436
2262	-50.859368834924496	819.632804076
2263	-50.859368834924496	820.02193834
2264	-50.859368834924496	820.340528938
2265	-50.859368834924496	820.65994233
2266	-50.859368834924496	820.985391261
2267	-50.859368834924496	821.325967525
2268	-50.859368834924496	821.684000664
2269	-50.859368834924496	822.009201559
2270	-50.859368834924496	822.303872951
2271	-50.859368834924496	822.608569552
2272	-50.859368834924496	822.916143653
2273	-50.859368834924496	823.60214742
2274	-50.859368834924496	824.031372539
2275	-50.859368834924496	824.502650847
2276	-50.859368834924496	824.87631737
2277	-50.859368834924496	825.237808755
2278	-50.859368834924496	825.596062275
2279	-50.859368834924496	825.992879377
2280	-50.859368834924496	826.413164658
2281	-50.859368834924496	826.827588311
2282	-50.859368834924496	827.283716763
2283	-50.859368834924496	827.697555393
2284	-50.859368834924496	828.060517032
2285	-50.859368834924496	828.527301616
2286	-50.859368834924496	828.970200065
2287	-50.859368834924496	829.469091602
2288	-50.859368834924496	829.861049197
2289	-50.859368834924496	830.316013876
2290	-50.859368834924496	830.795269815
2291	-50.859368834924496	831.235693323
2292	-50.859368834924496	831.694544182
2293	-50.859368834924496	832.115007649
2294	-50.859368834924496	832.503839994
2295	-50.859368834924496	832.877313789
2296	-50.859368834924496	833.365101019
2297	-50.859368834924496	833.838806372
2298	-50.859368834924496	834.316751997
2299	-50.859368834924496	834.738972528
2300	-50.859368834924496	835.180590884
2301	-50.859368834924496	835.746166421
2302	-50.859368834924496	836.177500985
2303	-50.859368834924496	836.58888007
2304	-50.859368834924496	836.995653671
2305	-50.859368834924496	837.429741718
2306	-50.859368834924496	837.830791679
2307	-50.859368834924496	838.256967383
2308	-50.859368834924496	838.664445463
2309	-50.859368834924496	839.042856312
2310	-50.859368834924496	839.494267807
2311	-50.859368834924496	839.913005858
2312	-50.859368834924496	840.398131977
2313	-50.859368834924496	840.954323207
2314	-50.859368834924496	841.47921688
2315	-50.859368834924496	842.010932963
2316	-50.859368834924496	842.550152557
2317	-50.859368834924496	843.035477389
2318	-50.859368834924496	843.441965322
2319	-50.859368834924496	843.813631022
2320	-50.859368834924496	844.159503279
2321	-50.859368834924496	844.648256422
2322	-50.859368834924496	845.16956498
2323	-50.859368834924496	845.566863328
2324	-50.859368834924496	845.993210091
2325	-50.859368834924496	846.4377681
2326	-50.859368834924496	846.819212968
2327	-50.859368834924496	847.242730128
2328	-50.859368834924496	847.732181763
2329	-50.859368834924496	848.197562806
2330	-50.859368834924496	848.596176029
2331	-50.859368834924496	849.004786521
2332	-50.859368834924496	849.431779603
2333	-50.859368834924496	849.964210713
2334	-50.859368834924496	850.405526865
2335	-50.859368834924496	850.763347606
2336	-50.859368834924496	851.149446709
2337	-50.859368834924496	851.570534258
2338	-50.859368834924496	851.937510371
2339	-50.859368834924496	852.315665486
2340	-50.859368834924496	852.696544149
2341	-50.859368834924496	853.157912428
2342	-50.859368834924496	853.579927688
2343	-50.859368834924496	854.00131402
2344	-50.859368834924496	854.434955032
2345	-50.859368834924496	854.961951592
2346	-50.859368834924496	855.431646177
2347	-50.859368834924496	855.860345289
2348	-50.859368834924496	856.287286483
2349	-50.859368834924496	856.690458718
2350	-50.859368834924496	857.074896552
2351	-50.859368834924496	857.465670703
2352	-50.859368834924496	857.939900638
2353	-50.859368834924496	858.444173126
2354	-50.859368834924496	858.886093972
2355	-50.859368834924496	859.3113126
2356	-50.859368834924496	859.767755516
2357	-50.859368834924496	860.369055622
2358	-50.859368834924496	860.873352059
2359	-50.859368834924496	861.425000528
2360	-50.859368834924496	861.802519018
2361	-50.859368834924496	862.249788029
2362	-50.859368834924496	862.586464999
2363	-50.859368834924496	862.922369923
2364	-50.859368834924496	863.340844542
2365	-50.859368834924496	863.739171812
2366	-50.859368834924496	864.10576076
2367	-50.859368834924496	864.431336275
2368	-50.859368834924496	864.763274905
2369	-50.859368834924496	865.061052448
2370	-50.859368834924496	865.36994399
2371	-50.859368834924496	865.695390354
2372	-50.859368834924496	866.041100675
2373	-50.859368834924496	866.348984964
2374	-50.859368834924496	866.712479737
2375	-50.859368834924496	867.098319971
2376	-50.859368834924496	867.414203272
2377	-50.859368834924496	867.754470204
2378	-50.859368834924496	868.093935439
2379	-50.859368834924496	868.457248319
2380	-50.859368834924496	868.837569614
2381	-50.859368834924496	869.20608697
2382	-50.859368834924496	869.604250878
2383	-50.859368834924496	869.957523154
2384	-50.859368834924496	870.331756453
2385	-50.859368834924496	870.699332698
2386	-50.859368834924496	871.059462452
2387	-50.859368834924496	871.394056777
2388	-50.859368834924496	871.797903841
2389	-50.859368834924496	872.183712429
2390	-50.859368834924496	872.561783726
2391	-50.859368834924496	872.959512003
2392	-50.859368834924496	873.438186625
2393	-50.859368834924496	873.942195111
2394	-50.859368834924496	874.402905098
2395	-50.859368834924496	874.806267209
2396	-50.859368834924496	875.184895589
2397	-50.859368834924496	875.531641387
2398	-50.859368834924496	875.883564007
2399	-50.859368834924496	876.178992051
2400	-50.859368834924496	876.474063152
2401	-50.859368834924496	876.828860991
2402	-50.859368834924496	877.258659729
2403	-50.859368834924496	877.589073367
2404	-50.859368834924496	877.917427738
2405	-50.859368834924496	878.260058993
2406	-50.859368834924496	878.675686618
2407	-50.859368834924496	879.072007363
2408	-50.859368834924496	879.514780084
2409	-50.859368834924496	879.86793718
2410	-50.859368834924496	880.208594983
2411	-50.859368834924496	880.55227255
2412	-50.859368834924496	880.90603092
2413	-50.859368834924496	881.283688823
2414	-50.859368834924496	881.668827715
2415	-50.859368834924496	882.018292784
2416	-50.859368834924496	882.364801381
2417	-50.859368834924496	882.688269446
2418	-50.859368834924496	883.143292
2419	-50.859368834924496	883.574603756
2420	-50.859368834924496	883.966204408
2421	-50.859368834924496	884.272746167
2422	-50.859368834924496	884.639050588
2423	-50.859368834924496	884.996843673
2424	-50.859368834924496	885.403329895
2425	-50.859368834924496	885.792138862
2426	-50.859368834924496	886.193515546
2427	-50.859368834924496	886.565560427
2428	-50.859368834924496	886.893266484
2429	-50.859368834924496	887.315924926
2430	-50.859368834924496	887.652630976
2431	-50.859368834924496	887.99820844
2432	-50.859368834924496	888.404411559
2433	-50.859368834924496	888.776962776
2434	-50.859368834924496	889.128286689
2435	-50.859368834924496	889.427752015
2436	-50.859368834924496	889.735474652
2437	-50.859368834924496	890.115438433
2438	-50.859368834924496	890.445628554
2439	-50.859368834924496	890.757522755
2440	-50.859368834924496	891.088573874
2441	-50.859368834924496	891.489405165
2442	-50.859368834924496	891.951794953
2443	-50.859368834924496	892.299991333
2444	-50.859368834924496	892.644963533
2445	-50.859368834924496	892.988435259
2446	-50.859368834924496	893.344449614
2447	-50.859368834924496	893.691546369
2448	-50.859368834924496	894.003659526
2449	-50.859368834924496	894.294559634
2450	-50.859368834924496	894.719117688
2451	-50.859368834924496	895.074771109
2452	-50.859368834924496	895.440884513
2453	-50.859368834924496	895.794971031
2454	-50.859368834924496	896.130601689
2455	-50.859368834924496	896.4933649
2456	-50.859368834924496	896.790143741
2457	-50.859368834924496	897.085982898
2458	-50.859368834924496	897.471241816
2459	-50.859368834924496	897.875440406
2460	-50.859368834924496	898.269130546
2461	-50.859368834924496	898.622690202
2462	-50.859368834924496	898.974909895
2463	-50.859368834924496	899.262257103
2464	-50.859368834924496	899.573405771
2465	-50.859368834924496	899.869388047
2466	-50.859368834924496	900.188925173
2467	-50.859368834924496	900.515400743
2468	-50.859368834924496	900.844426521
2469	-50.859368834924496	901.227213349
2470	-50.859368834924496	901.641319403
2471	-50.859368834924496	901.940962345
2472	-50.859368834924496	902.225821213
2473	-50.859368834924496	902.546812056
2474	-50.859368834924496	902.844629227
2475	-50.859368834924496	903.192850411
2476	-50.859368834924496	903.554286487
2477	-50.859368834924496	903.852915618
2478	-50.859368834924496	904.146998567
2479	-50.859368834924496	904.456675841
2480	-50.859368834924496	904.768116165
2481	-50.859368834924496	905.105491627
2482	-50.859368834924496	905.447272718
2483	-50.859368834924496	905.77574569
2484	-50.859368834924496	906.120947394
2485	-50.859368834924496	906.435892436
2486	-50.859368834924496	906.719303288
2487	-50.859368834924496	907.10288326
2488	-50.859368834924496	907.44479179
2489	-50.859368834924496	907.808849063
2490	-50.859368834924496	908.222077297
2491	-50.859368834924496	908.573869342
2492	-50.859368834924496	908.977018484
2493	-50.859368834924496	909.34318007
2494	-50.859368834924496	909.676382258
2495	-50.859368834924496	910.025933998
2496	-50.859368834924496	910.450294479
2497	-50.859368834924496	910.832978671
2498	-50.859368834924496	911.291155841
2499	-50.859368834924496	911.640707296
2500	-50.859368834924496	912.006021568
2501	-50.859368834924496	912.351897531
