1.0
1.0
1.0
0.0
0.0
0.0
1.0
1.0
1.0
1.0
1.0
1.0
1.0
1.0
1.0
1.0
1.0
0.0
0.0
1.0
1.0
0.0
1.0
0.0
0.0
0.0
0.0
0.0
1.0
0.0
1.0
1.0
1.0
1.0
1.0
1.0
1.0
1.0
7.293354
6.051532
0.966308
3.742151
4.73921
3.319234
3.167173
7.383592
0.540829
4.181517
6.184266
1.664383
2.043375
5.653618
5.336919
5.0533
4.281586
6.544754
8.223894
5.146246
2.683788
7.658333
3.571255
8.689304
3.512851
4.651956
2.028946
2.573028
5.843492
5.744042
6.895165
2.41416
7.654275
3.972223
3.07284
6.260001
1.564949
6.80205
-3.22517
-5.281494
-1.767143
1.753988
0.383119
2.348523
-1.111755
0.467357
-1.162487
-2.643587
-1.692059
0.992907
0.419098
-4.716569
-0.471804
-3.88799
1.082616
-2.272362
-1.063412
-0.182929
-0.501346
-0.222161
-1.731458
-1.660576
-5.140624
-3.187648
-3.218009
-0.270753
2.518218
-1.083823
1.015524
-3.851797
-3.770508
-2.327271
-4.69895
1.883447
-2.657292
-2.547081
5.009249
6.090727
7.807604
8.093355
6.279833
5.709417
4.814699
5.887287
5.273403
2.835169
6.909641
4.213295
6.773697
3.561907
1.870771
8.078026
3.72032
9.386114
4.039494
8.918612
2.272228
8.351151
7.373332
6.503438
6.493252
5.434315
5.896924
9.205411
5.286162
4.400539
3.366673
8.430725
7.575722
9.917924
4.04413
7.77817
3.368496
2.518237