0.0
1.0
1.0
1.0
1.0
1.0
1.0
1.0
1.0
1.0
0.0
0.0
1.0
1.0
1.0
0.0
1.0
1.0
1.0
0.0
0.0
1.0
0.0
1.0
1.0
0.0
0.0
1.0
1.0
1.0
1.0
1.0
1.0
1.0
1.0
1.0
0.0
1.0
3.546459
0.369727
-3.445753
-2.326014
3.628583
-0.77123
-1.968606
0.049436
0.969073
1.256113
1.222549
-2.967826
-0.710253
2.444248
-0.72679
0.496801
2.758282
-0.379713
-1.365377
-0.212086
4.667934
4.37365
-1.528413
2.050028
-0.386503
2.853754
1.568929
-1.127357
1.713693
0.829984
4.051372
-2.290576
3.277566
1.726871
2.091982
2.030009
-2.597736
0.078189
-1.788873
3.898825
1.646648
3.86934
3.735585
1.688971
1.600932
2.708432
-1.861218
-0.729074
4.832369
-0.607456
3.815251
1.521849
-1.934812
0.408074
2.713525
-0.676703
-0.688786
1.487784
0.342865
2.615115
2.766684
3.923992
4.967773
-0.765406
0.49999
0.461031
2.693526
1.606897
1.41696
-1.710639
0.390513
-2.997263
0.325892
-1.805916
0.603099
-2.945349
-0.11185
2.241016
-0.594599
-1.452854
-1.98296
3.076558
-2.788845
-1.32894
-3.722119
-0.269516
-2.119517
-1.852841
-3.568079
-1.142414
-1.705526
-2.522727
2.427536
1.947943
-3.927231
-4.651762
-0.940219
0.301264
0.800083
0.160922
-0.051984
-2.334288
3.184597
-0.461718
-3.487881
1.014684
-3.204114
0.429469
1.22955
-1.476878
-4.552654
2.001886
1.610277
0.618693