0.0
1.0
1.0
1.0
1.0
0.0
1.0
1.0
1.0
1.0
1.0
1.0
0.0
1.0
0.0
0.0
1.0
0.0
0.0
0.0
0.0
1.0
0.0
1.0
1.0
1.0
0.0
0.0
0.0
0.0
1.0
1.0
1.0
0.0
1.0
0.0
1.0
1.0
3.763041
4.465999
2.653841
4.503194
0.385483
2.900677
1.121554
2.997106
0.290683
-1.38131
1.27628
1.214421
1.420656
5.291891
6.055533
1.891219
4.734708
0.096744
2.035084
5.576487
3.744815
7.012251
2.788056
-0.511635
0.929843
5.357828
4.310798
-0.231429
5.934867
6.158126
3.769662
3.495137
2.17289
3.616072
1.899779
1.952354
-0.63173
4.367322
1.222802
1.185344
1.172247
-0.661764
-0.788499
-0.741805
-0.780221
-2.624134
-2.772162
-0.857859
-4.49708
-2.58312
1.064565
-0.596565
1.163954
-2.644601
-4.355981
1.08711
-0.966083
-2.50975
-4.606911
-0.571344
-0.636689
-2.665711
2.95903
1.344404
2.94255
-0.766887
-0.639449
-2.379418
-2.637917
3.050708
-4.45903
-0.490855
1.228762
3.128255
1.007899
-2.550767
-4.379916
1.274542
-2.055342
-2.774217
1.549693
1.901569
-0.980191
-1.681545
-2.617461
-1.809904
-0.893255
-5.08599
-4.447593
-5.25868
-3.618858
0.68346
-2.728729
-2.502225
-3.37281
-1.28778
-0.438554
-2.063756
-5.608229
-0.08845
-1.066037
-1.199523
-2.798162
-4.058432
0.243406
-3.651707
-4.455204
-0.412383
-3.392832
-0.367926
0.668329
-3.316038
-0.094798
0.872801
