0.0
1.0
1.0
0.0
0.0
0.0
1.0
1.0
1.0
1.0
0.0
0.0
1.0
1.0
1.0
1.0
0.0
0.0
0.0
1.0
1.0
0.0
0.0
1.0
1.0
1.0
1.0
1.0
1.0
1.0
1.0
1.0
0.0
0.0
1.0
1.0
0.0
1.0
0.300842
0.09613
-2.759337
-3.12235
-1.171903
-3.175325
-4.822462
-4.034528
-0.735995
-2.028527
-1.970499
-3.546676
-4.445574
-2.382051
-5.553566
0.971939
-5.113039
0.424438
-4.267161
-1.082764
-4.727194
-1.58116
-2.765237
-1.561986
-1.927151
-2.31794
1.257102
-0.289626
-0.277129
-5.628159
-5.962942
1.735575
0.007849
1.246797
-0.774194
-3.590331
-2.363086
-3.941118
-0.008045
-4.488297
-1.751423
-2.595062
-1.568026
-1.260843
-2.798143
1.205741
-2.074969
-5.486133
0.772375
-0.802577
-4.693696
-3.715942
-1.896272
-0.415743
-2.318459
1.382346
1.504517
-0.116806
-4.213453
-1.038233
-3.099626
0.329236
2.262222
2.715925
-2.279465
-3.986425
-2.569187
-0.470073
-0.001563
-2.838902
1.836398
-0.972269
-3.342711
0.614137
-4.864323
-0.303422
-0.655896
3.797905
6.145705
-0.607371
0.556688
3.595294
4.889756
2.831943
3.060102
2.495819
-0.178973
1.106372
3.109517
4.425481
-0.181661
1.743246
2.340131
3.476108
0.326526
4.925521
0.597486
-1.81883
1.83813
2.292453
4.063546
1.495671
-0.073879
1.207064
5.610369
4.079716
1.515982
2.493935
1.005482
4.236337
-1.28819
5.361445
0.034653
-1.385046