0.0
0.0
0.0
0.0
0.0
0.0
0.0
0.0
0.0
0.0
0.0
0.0
0.0
0.0
1.0
0.0
0.0
0.0
1.0
0.0
0.0
0.0
0.0
0.0
0.0
0.0
0.0
0.0
1.0
0.0
0.0
0.0
0.0
1.0
0.0
0.0
0.0
0.0
-2.798198
-8.704449
-7.356854
-9.114744
-7.639249
-7.957201
-5.865599
-6.93029
-6.565508
-6.978316
-3.27366
-9.467413
-5.22145
-8.782079
-3.498603
-7.220622
-4.720188
-4.807803
-4.295186
-6.581154
-4.674958
-6.831312
-8.058576
-8.362268
-9.786004
-3.901602
-5.431704
-5.466697
-7.352526
-5.757065
-6.180004
-4.113564
-5.021074
-1.976354
-5.06581
-3.201369
-6.273668
-2.482621
2.938164
3.900122
-0.107518
-0.215042
0.746057
1.691548
0.851113
4.012105
2.880476
-1.292345
-1.290166
0.66935
-1.153859
-1.369019
-0.264212
4.880497
3.048034
-2.307849
1.900018
-2.425286
2.758342
3.76872
1.902222
2.791801
1.777483
0.715934
4.965396
-0.300643
-0.480305
0.662639
1.742909
1.006028
3.98564
0.86305
-1.408859
4.064402
2.007407
2.034576
-0.600808
2.043177
4.425952
2.76838
1.103397
-2.230485
2.791076
3.675048
1.580381
2.321352
0.153337
-0.52282
4.008217
0.681871
2.425867
0.416589
3.318817
1.839083
1.108496
0.192296
-2.156023
-1.708496
3.263316
-0.093962
1.588913
-1.097538
2.043092
0.634096
-1.158732
-2.701959
-0.56935
4.479196
-0.113562
0.606794
-1.492749
1.593116
4.879942
2.849643
