1	-65.5446461263424	2.420734312
2	-65.59225614643317	3.482088964
3	-65.78487722687035	4.39653628
4	-65.78487722687035	5.288753886
5	-65.78487722687035	5.937483572
6	-65.86783598498764	6.739997742
7	-65.86783598498764	7.233556224
8	-65.86783598498764	7.861556103
9	-65.86783598498764	8.599733775
10	-65.86783598498764	9.217713008
11	-65.86783598498764	9.948771197
12	-65.86783598498764	10.662199742
13	-65.86783598498764	12.172730715
14	-65.86783598498764	13.436931621
15	-65.91448140022108	14.543250889
16	-65.91448140022108	15.283473574
17	-65.9647628825124	15.883081905
18	-65.9647628825124	16.546263241
19	-65.9647628825124	17.199677383
20	-65.9647628825124	17.965202001
21	-65.9647628825124	18.867201056
22	-65.9647628825124	19.777766469
23	-65.9647628825124	20.637372782
24	-65.9647628825124	21.429956683
25	-65.9647628825124	22.14535754
26	-65.9647628825124	23.002218353
27	-65.9647628825124	23.873443291
28	-65.9647628825124	24.839817047
29	-65.9647628825124	25.724142552
30	-65.9647628825124	26.809732584
31	-65.9647628825124	27.599951876
32	-65.9647628825124	28.465760225
33	-65.9647628825124	29.381573734
34	-65.9647628825124	30.346404536
35	-65.9647628825124	31.084201602
36	-65.9647628825124	31.861082269
37	-65.9647628825124	32.619625392
38	-65.9647628825124	33.584384635
39	-65.9647628825124	34.950156776
40	-65.9647628825124	35.949550656
41	-65.9647628825124	36.721968675
42	-65.9647628825124	37.669970105
43	-65.9647628825124	38.915356781
44	-65.9647628825124	39.608864629
45	-65.9647628825124	40.25091759
46	-65.9647628825124	41.090312406
47	-65.9647628825124	41.988875737
48	-65.9647628825124	42.939562796
49	-65.9647628825124	43.822614195
50	-65.9647628825124	44.922160375
51	-65.9647628825124	45.696459189
52	-65.9647628825124	46.446043373
53	-65.9647628825124	47.185379401
54	-65.9647628825124	47.846323568
55	-65.9647628825124	48.669820143
56	-65.9647628825124	49.377318636
57	-65.9647628825124	50.045014509
58	-65.9647628825124	50.779684613
59	-65.9647628825124	51.448415109
60	-65.9647628825124	52.049054357
61	-65.9647628825124	52.764302971
62	-65.9647628825124	53.511432741
63	-65.9647628825124	54.136492113
64	-65.9647628825124	55.012565723
65	-65.9647628825124	55.870532434
66	-65.9647628825124	57.163801141
67	-65.9647628825124	58.046373289
68	-65.9647628825124	58.692585269
69	-65.9647628825124	59.413882251
70	-65.9647628825124	60.423650016
71	-65.9647628825124	61.329359629
72	-65.9647628825124	62.261934942
73	-65.9647628825124	63.241691799
74	-65.9647628825124	64.112763923
75	-65.9647628825124	64.972599171
76	-65.9647628825124	66.209934091
77	-65.9647628825124	67.105857409
78	-65.9647628825124	67.951439435
79	-65.9647628825124	68.993630612
80	-65.9647628825124	70.041265747
81	-65.9647628825124	70.905016539
82	-65.9647628825124	71.857079199
83	-65.9647628825124	73.257610281
84	-65.9647628825124	74.09808448
85	-65.9647628825124	75.032946569
86	-65.9647628825124	75.767855585
87	-65.9647628825124	76.324818578
88	-65.9647628825124	77.044028923
89	-65.9647628825124	77.798198918
90	-65.9647628825124	78.676379407
91	-65.9647628825124	79.485094188
92	-65.9647628825124	80.50433521
93	-65.9647628825124	81.640434171
94	-65.9647628825124	82.569431782
95	-65.9647628825124	83.662697809
96	-65.9647628825124	84.834088275
97	-65.9647628825124	85.915774451
98	-65.9647628825124	86.825629969
99	-65.9647628825124	87.475284515
100	-65.9647628825124	88.287747487
101	-65.9647628825124	88.926441131
102	-65.9647628825124	89.808182217
103	-65.9647628825124	91.03754407
104	-65.9647628825124	92.057160281
105	-65.9647628825124	93.491939122
106	-65.9647628825124	94.078898197
107	-65.9647628825124	94.700721414
108	-65.9647628825124	95.299038534
109	-65.9647628825124	96.003296881
110	-65.9647628825124	96.707770478
111	-65.9647628825124	97.44266638
112	-65.9647628825124	98.581535359
113	-65.9647628825124	99.198274412
114	-65.9647628825124	99.962702257
115	-65.9647628825124	100.595664848
116	-65.9647628825124	101.216095358
117	-65.9647628825124	101.786013232
118	-65.9647628825124	102.25182563
119	-65.9647628825124	103.047586099
120	-65.9647628825124	103.785679952
121	-65.9647628825124	104.443419895
122	-65.9647628825124	105.318110492
123	-65.9647628825124	106.087437756
124	-65.9647628825124	106.919642099
125	-65.9647628825124	107.784587169
126	-65.9647628825124	108.656905745
127	-65.9647628825124	109.4906921
128	-65.9647628825124	110.286432327
129	-65.9647628825124	111.058113366
130	-65.9647628825124	111.83984128
131	-65.9647628825124	112.832976675
132	-65.9647628825124	113.4693174
133	-65.9647628825124	114.168219029
134	-65.9647628825124	115.169281592
135	-65.9647628825124	116.234686925
136	-65.9647628825124	117.279722246
137	-65.9647628825124	118.098139504
138	-65.9647628825124	119.021987663
139	-65.9647628825124	119.707696352
140	-65.9647628825124	120.328267986
141	-65.9647628825124	121.02806397
142	-65.9647628825124	122.161969952
143	-65.9647628825124	123.1291876
144	-65.9647628825124	124.089178569
145	-65.9647628825124	125.539244968
146	-65.9647628825124	128.500261151
147	-65.9647628825124	129.005491
148	-65.9647628825124	129.735916556
149	-65.9647628825124	130.490089687
150	-65.9647628825124	131.68202151
151	-65.9647628825124	132.520233451
152	-65.9647628825124	133.339808779
153	-65.9647628825124	134.019887626
154	-65.9647628825124	134.594201721
155	-65.9647628825124	135.586254597
156	-65.9647628825124	136.406361919
157	-65.9647628825124	137.221989487
158	-65.9647628825124	138.22835517
159	-65.9647628825124	139.570492919
160	-65.9647628825124	140.535629917
161	-65.9647628825124	141.59439844
162	-65.9647628825124	142.879977466
163	-65.9647628825124	143.943151047
164	-65.9647628825124	144.667766293
165	-65.9647628825124	145.330719264
166	-65.9647628825124	146.17278745
167	-65.9647628825124	147.040823844
168	-65.9647628825124	148.126188363
169	-65.9647628825124	149.397950084
170	-65.9647628825124	150.416659682
171	-65.9647628825124	151.407813357
172	-65.9647628825124	152.296709278
173	-65.9647628825124	153.097950198
174	-65.9647628825124	153.812297046
175	-65.9647628825124	154.598132661
176	-65.9647628825124	155.570561343
177	-65.9647628825124	156.327433503
178	-65.9647628825124	157.146372491
179	-65.9647628825124	158.287209221
180	-65.9647628825124	159.397497348
181	-65.9647628825124	160.583335472
182	-65.9647628825124	161.669547589
183	-65.9647628825124	162.707379893
184	-65.9647628825124	163.568316761
185	-65.9647628825124	164.771196086
186	-65.9647628825124	165.688574502
187	-65.9647628825124	166.687873729
188	-65.9647628825124	167.48921814
189	-65.9647628825124	168.415744231
190	-65.9647628825124	169.337038761
191	-65.9647628825124	170.4252249
192	-65.9647628825124	171.336605126
193	-65.9647628825124	172.292209851
194	-65.9647628825124	172.941872095
195	-65.9647628825124	173.518906316
196	-65.9647628825124	174.367405757
197	-65.9647628825124	175.327582324
198	-65.9647628825124	176.124351757
199	-65.96476288251844	176.818528732
200	-65.96476288251844	177.311566908
201	-65.96476288251844	177.90094476
202	-65.96476288252245	178.878535723
203	-65.96476288252245	179.310827648
204	-65.96476288252245	180.095231783
205	-65.96476288252245	180.656508033
206	-65.96476288252245	181.499445199
207	-65.96476288252245	182.233999552
208	-65.96476288252245	183.126649938
209	-65.96476288252245	183.723192889
210	-65.96476288252245	184.473087545
211	-65.96476288252245	185.593666876
212	-65.96476288252245	186.409115687
213	-65.96476288252245	187.413479692
214	-65.96476288252245	188.107058244
215	-65.96476288252245	188.871960493
216	-65.96476288252245	189.752364181
217	-65.96476288252245	190.648962612
218	-65.96476288252245	191.655587734
219	-65.96476288252245	192.868648217
220	-65.96476288252245	193.571239592
221	-65.96476288252245	194.253658529
222	-65.96476288252245	195.198661291
223	-65.96476288252245	196.307643951
224	-65.96476288252245	198.407959327
225	-65.96476288252245	199.3063248
226	-65.96476288252245	200.029933647
227	-65.96476288252245	200.85338318
228	-65.96476288252245	201.675539792
229	-65.96476288252245	202.47940419
230	-65.96476288252245	203.193780973
231	-65.96476288252245	203.905887515
232	-65.96476288252245	204.625959999
233	-65.96476288252245	205.523767248
234	-65.96476288252245	206.153084283
235	-65.96476288252245	206.801782323
236	-65.96476288252245	207.5541351
237	-65.96476288252245	208.174153072
238	-65.96476288252245	208.707280393
239	-65.96476288252245	209.330754617
240	-65.96476288252245	210.016372075
241	-65.96476288252245	211.034970769
242	-65.96476288252245	211.95266821
243	-65.96476288252245	212.593899517
244	-65.96476288252245	213.214308075
245	-65.96476288252245	213.728046693
246	-65.96476288252245	214.369015139
247	-65.96476288252245	215.067092833
248	-65.96476288252245	215.805605781
249	-65.96476288252245	216.444105843
250	-65.96476288252245	217.178399901
251	-65.96476288252245	217.868903665
252	-65.96476288252245	218.429643074
253	-65.96476288252245	219.115120834
254	-65.96476288252245	219.69813728
255	-65.96476288252245	220.224645466
256	-65.96476288252245	220.832421588
257	-65.96476288252245	221.510099335
258	-65.96476288252245	222.336613679
259	-65.96476288252245	223.395083418
260	-65.96476288252245	224.243983421
261	-65.96476288252245	224.974110478
262	-65.96476288252245	225.961706407
263	-65.96476288252245	226.933816348
264	-65.96476288252245	227.799823695
265	-65.96476288252245	228.617445813
266	-65.96476288252245	229.575941724
267	-65.96476288252245	230.577558803
268	-65.96476288252245	231.398003398
269	-65.96476288252245	232.225198842
270	-65.96476288252245	233.073316536
271	-65.96476288252245	234.092957836
272	-65.96476288252245	235.364556766
273	-65.96476288252245	236.194280751
274	-65.96476288252245	237.011219487
275	-65.96476288252245	238.098867361
276	-65.96476288252245	238.880140543
277	-65.96476288252245	240.243762755
278	-65.96476288252245	240.960473641
279	-65.96476288252245	241.66434796
280	-65.96476288252245	242.281376673
281	-65.96476288252245	243.107158029
282	-65.96476288252245	244.253942772
283	-65.96476288252245	244.846813938
284	-65.96476288252245	245.669240538
285	-65.96476288252245	246.380808244
286	-65.96476288252245	247.281294565
287	-65.96476288252245	247.89535027
288	-65.96476288252245	248.58186978
289	-65.96476288252245	249.629462721
290	-65.96476288252245	250.298397632
291	-65.96476288252245	251.015515068
292	-65.96476288252245	251.88988721
293	-65.96476288252245	252.913091103
294	-65.96476288252245	253.710264806
295	-65.96476288252245	254.439957658
296	-65.96476288252245	255.363807812
297	-65.96476288252245	256.137449759
298	-65.96476288252245	256.971911513
299	-65.96476288252245	258.387516615
300	-65.96476288252245	259.899549773
301	-65.96476288252245	260.738698263
302	-65.96476288252245	261.833458207
303	-65.96476288252245	262.58224554
304	-65.96476288252245	263.332206054
305	-65.96476288252245	264.159777259
306	-65.96476288252245	264.862316461
307	-65.96476288252245	265.483479675
308	-65.96476288252245	266.145509497
309	-65.96476288252245	266.901550595
310	-65.96476288252245	267.601766814
311	-65.96476288252245	268.530473623
312	-65.96476288252245	269.504171564
313	-65.96476288252245	270.330238303
314	-65.96476288252245	271.149861813
315	-65.96476288252245	272.015970086
316	-65.96476288252245	273.1221622
317	-65.96476288252245	274.355502033
318	-65.96476288252245	275.239379934
319	-65.96476288252245	276.252519275
320	-65.96476288252245	277.237367993
321	-65.96476288252245	278.033646201
322	-65.96476288252245	278.767784596
323	-65.96476288252245	279.639248731
324	-65.96476288252245	280.728495438
325	-65.96476288252245	281.661274597
326	-65.96476288252245	282.41394982
327	-65.96476288252245	283.139252723
328	-65.96476288252245	283.910212462
329	-65.96476288252245	284.958156359
330	-65.96476288252245	285.618292556
331	-65.96476288252245	286.363836892
332	-65.96476288252245	287.261861957
333	-65.96476288252245	288.152288858
334	-65.96476288252245	289.125566278
335	-65.96476288252245	290.355332115
336	-65.96476288252245	291.236330234
337	-65.96476288252245	292.37380337
338	-65.96476288252245	293.747293702
339	-65.96476288252245	295.160629418
340	-65.96476288252245	296.106380565
341	-65.96476288252245	297.324788928
342	-65.96476288252245	298.454282724
343	-65.96476288252245	299.204898964
344	-65.96476288252245	299.948799992
345	-65.96476288252245	300.67044565
346	-65.96476288252245	301.47395681
347	-65.96476288252245	302.130253014
348	-65.96476288252245	303.070484081
349	-65.96476288252245	303.695829977
350	-65.96476288252245	304.315255229
351	-65.96476288252245	304.841003913
352	-65.96476288252245	305.375523085
353	-65.96476288252245	306.119402445
354	-65.96476288252245	306.969810051
355	-65.96476288252245	307.780669629
356	-65.96476288252245	308.627989331
357	-65.96476288252245	309.556024448
358	-65.96476288252245	310.569940113
359	-65.96476288252245	311.339290185
360	-65.96476288252245	312.114780711
361	-65.96476288252245	313.213213866
362	-65.96476288252245	314.131460977
363	-65.96476288252245	315.360880419
364	-65.96476288252245	316.151703265
365	-65.96476288252245	316.772188515
366	-65.96476288252245	317.336919019
367	-65.96476288252245	318.078021804
368	-65.96476288252245	318.631371456
369	-65.96476288252245	319.210693309
370	-65.96476288252245	319.760495764
371	-65.96476288252245	320.465138424
372	-65.96476288252245	320.994210788
373	-65.96476288252245	321.543116893
374	-65.96476288252245	322.220187094
375	-65.96476288252245	322.855329834
376	-65.96476288252245	323.449590285
377	-65.96476288252245	324.089705146
378	-65.96476288252245	324.850401619
379	-65.96476288252245	325.52984327
380	-65.96476288252245	326.379371632
381	-65.96476288252245	327.162143292
382	-65.96476288252245	328.118833388
383	-65.96476288252245	328.950982992
384	-65.96476288252245	329.786964322
385	-65.96476288252245	330.544483085
386	-65.96476288252245	331.139302615
387	-65.96476288252245	331.842876725
388	-65.96476288252245	333.319644608
389	-65.96476288252245	334.086685951
390	-65.96476288252245	334.770851117
391	-65.96476288252245	335.414973609
392	-65.96476288252245	336.125123519
393	-65.96476288252245	336.785742104
394	-65.96476288252245	337.47097924
395	-65.96476288252245	338.331753317
396	-65.96476288252245	339.345005272
397	-65.96476288252245	339.972616276
398	-65.96476288252245	340.548527495
399	-65.96476288252245	341.081856951
400	-65.96476288252245	341.706544269
401	-65.96476288252245	342.484161916
402	-65.96476288252245	343.126723778
403	-65.96476288252245	343.782760257
404	-65.96476288252245	344.539980808
405	-65.96476288252245	345.07481758
406	-65.96476288252245	345.862691081
407	-65.96476288252245	346.691277807
408	-65.96476288252245	347.53160575
409	-65.96476288252245	348.148408665
410	-65.96476288252245	348.636149994
411	-65.96476288252245	349.359129058
412	-65.96476288252245	350.10169782
413	-65.96476288252245	350.90295157
414	-65.96476288252245	351.451290328
415	-65.96476288252245	352.197004013
416	-65.96476288252245	352.939281119
417	-65.96476288252245	353.838426906
418	-65.96476288252245	354.498999874
419	-65.96476288252245	355.564126666
420	-65.96476288252245	356.368767388
421	-65.96476288252245	356.997104824
422	-65.96476288252245	357.687198045
423	-65.96476288252245	358.383907551
424	-65.96476288252245	358.918093443
425	-65.96476288252245	359.563154195
426	-65.96476288252245	360.133908549
427	-65.96476288252245	360.910924638
428	-65.96476288252245	361.5997027
429	-65.96476288252245	362.558769093
430	-65.96476288252245	363.450776866
431	-65.96476288252245	364.221297553
432	-65.96476288252245	365.294726702
433	-65.96476288252245	366.048760705
434	-65.96476288252245	366.998492969
435	-65.96476288252245	367.778295042
436	-65.96476288252245	368.725137546
437	-65.96476288252245	369.406635899
438	-65.96476288252245	369.952007637
439	-65.96476288252245	370.634811171
440	-65.96476288252245	371.239752273
441	-65.96476288252245	371.904244207
442	-65.96476288252245	372.668326511
443	-65.96476288252245	373.503495595
444	-65.96476288252245	374.415740809
445	-65.96476288252245	375.204276594
446	-65.96476288252245	376.135547866
447	-65.96476288252245	377.070445022
448	-65.96476288252245	378.057363271
449	-65.96476288252245	379.232217116
450	-65.96476288252245	380.219222605
451	-65.96476288252245	381.40144967
452	-65.96476288252245	382.38484353
453	-65.96476288252245	383.254046833
454	-65.96476288252245	384.124190962
455	-65.96476288252245	384.785332702
456	-65.96476288252245	385.576369942
457	-65.96476288252245	386.405794288
458	-65.96476288252245	387.269649141
459	-65.96476288252245	387.949182594
460	-65.96476288252245	388.714397881
461	-65.96476288252245	389.308208161
462	-65.96476288252245	389.916078651
463	-65.96476288252245	390.558349998
464	-65.96476288252245	391.167853248
465	-65.96476288252245	392.153886836
466	-65.96476288252245	393.05394893
467	-65.96476288252245	393.889321574
468	-65.96476288252245	394.813439436
469	-65.96476288252245	395.853827649
470	-65.96476288252245	396.618393481
471	-65.96476288252245	397.24853331
472	-65.96476288252245	397.990444635
473	-65.96476288252245	398.83404437
474	-65.96476288252245	399.631936236
475	-65.96476288252245	400.771738059
476	-65.96476288252245	401.844874412
477	-65.96476288252245	402.851108663
478	-65.96476288252245	404.110911923
479	-65.96476288252245	405.143419154
480	-65.96476288252245	406.287936508
481	-65.96476288252245	407.151375972
482	-65.96476288252245	408.012149194
483	-65.96476288252245	408.754039706
484	-65.96476288252245	409.361738281
485	-65.96476288252245	410.153866594
486	-65.96476288252245	410.796987249
487	-65.96476288252245	411.841831269
488	-65.96476288252245	412.778392831
489	-65.96476288252245	413.550523185
490	-65.96476288252245	414.348720962
491	-65.96476288252245	415.164331139
492	-65.96476288252245	416.10172804
493	-65.96476288252245	416.959660824
494	-65.96476288252245	417.643814871
495	-65.96476288252245	418.335822815
496	-65.96476288252245	419.326858174
497	-65.96476288252245	420.186353583
498	-65.96476288252245	421.015157555
499	-65.96476288252245	421.730819277
500	-65.96476288252245	422.499807559
501	-65.96476288252245	423.237537626
502	-65.96476288252245	423.929724327
503	-65.96476288252245	424.701127395
504	-65.96476288252245	425.542515335
505	-65.96476288252245	426.479946733
506	-65.96476288252245	427.483445463
507	-65.96476288252245	428.284743118
508	-65.96476288252245	429.107746758
509	-65.96476288252245	430.19390214
510	-65.96476288252245	431.372941232
511	-65.96476288252245	432.153747993
512	-65.96476288252245	432.859636249
513	-65.96476288252245	433.526428359
514	-65.96476288252245	434.652240106
515	-65.96476288252245	435.468015925
516	-65.96476288252245	436.301048479
517	-65.96476288252245	437.027752357
518	-65.96476288252245	437.706293952
519	-65.96476288252245	438.492570615
520	-65.96476288252245	439.185565856
521	-65.96476288252245	440.118425697
522	-65.96476288252245	441.486734361
523	-65.96476288252245	442.140982131
524	-65.96476288252245	442.941871525
525	-65.96476288252245	443.677133778
526	-65.96476288252245	444.208083516
527	-65.96476288252245	444.95357739
528	-65.96476288252245	445.672393443
529	-65.96476288252245	446.712619721
530	-65.96476288252245	447.448426513
531	-65.96476288252245	448.34784685
532	-65.96476288252245	449.076798731
533	-65.96476288252245	449.981163249
534	-65.96476288252245	451.143619293
535	-65.96476288252245	452.12206156
536	-65.96476288252245	453.162614845
537	-65.96476288252245	454.175339653
538	-65.96476288252245	454.998811709
539	-65.96476288252245	455.900738064
540	-65.96476288252245	456.533101378
541	-65.96476288252245	457.385759267
542	-65.96476288252245	458.178246233
543	-65.96476288252245	458.970601199
544	-65.96476288252245	459.725172899
545	-65.96476288252245	460.724374622
546	-65.96476288252245	461.857856093
547	-65.96476288252245	462.962055083
548	-65.96476288252245	463.908723106
549	-65.96476288252245	464.737005632
550	-65.96476288252245	465.660430135
551	-65.96476288252245	466.424397259
552	-65.96476288252245	467.399033744
553	-65.96476288252245	468.416222341
554	-65.96476288252245	469.069900199
555	-65.96476288252245	469.986410774
556	-65.96476288252245	470.715125452
557	-65.96476288252245	471.831741913
558	-65.96476288252245	472.581204075
559	-65.96476288252245	473.436737183
560	-65.96476288252245	474.35916213
561	-65.96476288252245	475.03085423
562	-65.96476288252245	476.011450702
563	-65.96476288252245	476.91071338
564	-65.96476288252245	477.635922201
565	-65.96476288252245	478.199055868
566	-65.96476288252245	478.844878403
567	-65.96476288252245	479.887326454
568	-65.96476288252245	481.047271065
569	-65.96476288252245	482.104987288
570	-65.96476288252245	482.950012231
571	-65.96476288252245	483.777519859
572	-65.96476288252245	484.496686299
573	-65.96476288252245	485.471376097
574	-65.96476288252245	486.780900274
575	-65.96476288252245	487.52754566
576	-65.96476288252245	488.194667059
577	-65.96476288252245	488.892828572
578	-65.96476288252245	489.635826692
579	-65.96476288252245	490.44229176
580	-65.96476288252245	491.268000416
581	-65.96476288252245	492.448139988
582	-65.96476288252245	493.977791672
583	-65.96476288252245	494.587706889
584	-65.96476288252245	495.405904336
585	-65.96476288252245	496.310996141
586	-65.96476288252245	497.046348771
587	-65.96476288252245	498.077094093
588	-65.96476288252245	498.935697999
589	-65.96476288252245	499.892743328
590	-65.96476288252245	500.703817015
591	-65.96476288252245	501.443070935
592	-65.96476288252245	502.316739738
593	-65.96476288252245	503.151285596
594	-65.96476288252245	504.148036327
595	-65.96476288252245	504.686436262
596	-65.96476288252245	505.258898357
597	-65.96476288252245	505.909984953
598	-65.96476288252245	506.533492818
599	-65.96476288252245	506.983733698
600	-65.96476288252245	507.692307583
601	-65.96476288252245	508.240645202
602	-65.96476288252245	508.880491214
603	-65.96476288252245	509.550083563
604	-65.96476288252245	510.167403077
605	-65.96476288252245	510.844275134
606	-65.96476288252245	511.733523152
607	-65.96476288252245	512.427135632
608	-65.96476288252245	513.003916115
609	-65.96476288252245	513.769510013
610	-65.96476288252245	514.387492951
611	-65.96476288252245	515.128669576
612	-65.96476288252245	516.142042698
613	-65.96476288252245	516.940750802
614	-65.96476288252245	517.722337308
615	-65.96476288252245	518.580421479
616	-65.96476288252245	519.33429041
617	-65.96476288252245	520.107416043
618	-65.96476288252245	520.924276948
619	-65.96476288252245	521.773429264
620	-65.96476288252245	522.531058361
621	-65.96476288252245	523.166897597
622	-65.96476288252245	523.945153865
623	-65.96476288252245	524.721279877
624	-65.96476288252245	525.278739511
625	-65.96476288252245	525.900381405
626	-65.96476288252245	526.489701953
627	-65.96476288252245	527.169606604
628	-65.96476288252245	528.135772809
629	-65.96476288252245	528.998254627
630	-65.96476288252245	530.140453273
631	-65.96476288252245	531.106522829
632	-65.96476288252245	532.096014664
633	-65.96476288252245	532.975480377
634	-65.96476288252245	533.746734338
635	-65.96476288252245	534.529714691
636	-65.96476288252245	535.706660589
637	-65.96476288252245	537.110647636
638	-65.96476288252245	538.14428728
639	-65.96476288252245	539.395992882
640	-65.96476288252245	540.348873775
641	-65.96476288252245	541.265899809
642	-65.96476288252245	542.122356067
643	-65.96476288252245	542.96365078
644	-65.96476288252245	543.634975958
645	-65.96476288252245	544.335372359
646	-65.96476288252245	545.028330537
647	-65.96476288252245	545.584975074
648	-65.96476288252245	546.105207954
649	-65.96476288252245	546.761989111
650	-65.96476288252245	547.638913455
651	-65.96476288252245	548.5206209
652	-65.96476288252245	549.694527361
653	-65.96476288252245	550.673810669
654	-65.96476288252245	551.55308166
655	-65.96476288252245	552.439152539
656	-65.96476288252245	553.301110346
657	-65.96476288252245	554.345075691
658	-65.96476288252245	555.074320938
659	-65.96476288252245	555.805648261
660	-65.96476288252245	556.392990508
661	-65.96476288252245	557.000089236
662	-65.96476288252245	557.671628809
663	-65.96476288252245	558.686063353
664	-65.96476288252245	559.39126224
665	-65.96476288252245	560.143674603
666	-65.96476288252245	560.753374
667	-65.96476288252245	561.584200746
668	-65.96476288252245	562.224571055
669	-65.96476288252245	563.023445372
670	-65.96476288252245	563.834200604
671	-65.96476288252245	564.612800131
672	-65.96476288252245	565.503848832
673	-65.96476288252245	566.262855241
674	-65.96476288252245	566.953090156
675	-65.96476288252245	567.603543548
676	-65.96476288252245	568.493021356
677	-65.96476288252245	569.788122392
678	-65.96476288252245	570.868020144
679	-65.96476288252245	571.577943687
680	-65.96476288252245	572.670925756
681	-65.96476288252245	573.451493319
682	-65.96476288252245	574.29208897
683	-65.96476288252245	575.105846005
684	-65.96476288252245	576.308683421
685	-65.96476288252245	577.280415321
686	-65.96476288252245	578.203479173
687	-65.96476288252245	579.077205281
688	-65.96476288252245	580.336161227
689	-65.96476288252245	581.305395948
690	-65.96476288252245	582.292215553
691	-65.96476288252245	583.172556805
692	-65.96476288252245	584.108512533
693	-65.96476288252245	584.854950083
694	-65.96476288252245	585.756866744
695	-65.96476288252245	586.406174039
696	-65.96476288252245	587.012467364
697	-65.96476288252245	587.650029166
698	-65.96476288252245	588.433341088
699	-65.96476288252245	589.223418972
700	-65.96476288252245	589.911445798
701	-65.96476288252245	590.659254388
702	-65.96476288252245	591.437759832
703	-65.96476288252245	592.212170975
704	-65.96476288252245	592.981519052
705	-65.96476288252245	593.54399015
706	-65.96476288252245	594.19982706
707	-65.96476288252245	594.899683199
708	-65.96476288252245	595.447111638
709	-65.96476288252245	596.202237854
710	-65.96476288252245	596.879872835
711	-65.96476288252245	597.636968227
712	-65.96476288252245	598.526610252
713	-65.96476288252245	599.384671615
714	-65.96476288252245	600.339994093
715	-65.96476288252245	601.048895272
716	-65.96476288252245	602.264070901
717	-65.96476288252245	603.243353924
718	-65.96476288252245	604.327096801
719	-65.96476288252245	605.402714368
720	-65.96476288252245	606.665101761
721	-65.96476288252245	607.63873869
722	-65.96476288252245	608.425086343
723	-65.96476288252245	609.331830294
724	-65.96476288252245	610.250052601
725	-65.96476288252245	611.170545434
726	-65.96476288252245	611.888285811
727	-65.96476288252245	612.818369932
728	-65.96476288252245	613.492099917
729	-65.96476288252245	614.316259062
730	-65.96476288252245	615.153053492
731	-65.96476288252245	616.050896664
732	-65.96476288252245	616.952331224
733	-65.96476288252245	617.932157359
734	-65.96476288252245	619.11424387
735	-65.96476288252245	620.085418403
736	-65.96476288252245	620.847783843
737	-65.96476288252245	621.770448843
738	-65.96476288252245	622.51421844
739	-65.96476288252245	623.072476065
740	-65.96476288252245	623.691582862
741	-65.96476288252245	624.467943795
742	-65.96476288252245	625.300965801
743	-65.96476288252245	626.086986445
744	-65.96476288252245	626.958308316
745	-65.96476288252245	627.932208392
746	-65.96476288252245	628.747554852
747	-65.96476288252245	629.469943192
748	-65.96476288252245	630.459474655
749	-65.96476288252245	631.247055359
750	-65.96476288252245	631.867828558
751	-65.96476288252245	632.818178346
752	-65.96476288252245	633.599435847
753	-65.96476288252245	634.463126768
754	-65.96476288252245	635.290893266
755	-65.96476288252245	636.076558107
756	-65.96476288252245	637.047108844
757	-65.96476288252245	637.734429481
758	-65.96476288252245	638.838836593
759	-65.96476288252245	639.651836691
760	-65.96476288252245	640.377421557
761	-65.96476288252245	641.049206885
762	-65.96476288252245	641.719190959
763	-65.96476288252245	642.675253268
764	-65.96476288252245	643.321416781
765	-65.96476288252245	644.156614089
766	-65.96476288252245	644.777858271
767	-65.96476288252245	645.938091402
768	-65.96476288252245	646.628950113
769	-65.96476288252245	647.662199172
770	-65.96476288252245	648.571386988
771	-65.96476288252245	649.356931233
772	-65.96476288252245	650.225831476
773	-65.96476288252245	651.053466543
774	-65.96476288252245	652.115356325
775	-65.96476288252245	653.054142227
776	-65.96476288252245	654.051425522
777	-65.96476288252245	655.008356242
778	-65.96476288252245	655.938098244
779	-65.96476288252245	656.865966864
780	-65.96476288252245	657.517121599
781	-65.96476288252245	658.503054262
782	-65.96476288252245	659.498523475
783	-65.96476288252245	660.410970254
784	-65.96476288252245	661.163065871
785	-65.96476288252245	662.302729421
786	-65.96476288252245	663.015597747
787	-65.96476288252245	664.13130959
788	-65.96476288252245	665.07423997
789	-65.96476288252245	666.072799082
790	-65.96476288252245	667.150124104
791	-65.96476288252245	668.039933481
792	-65.96476288252245	669.019158629
793	-65.96476288252245	669.90512117
794	-65.96476288252245	670.903678286
795	-65.96476288252245	671.759501055
796	-65.96476288252245	672.262397942
797	-65.96476288252245	672.809763944
798	-65.96476288252245	673.398467538
799	-65.96476288252245	673.957144259
800	-65.96476288252245	674.479265632
801	-65.96476288252245	675.132226752
802	-65.96476288252245	676.095685375
803	-65.96476288252245	676.864955049
804	-65.96476288252245	677.80677326
805	-65.96476288252245	678.449616799
806	-65.96476288252245	679.094149834
807	-65.96476288252245	679.735286488
808	-65.96476288252245	680.361875128
809	-65.96476288252245	680.9588252
810	-65.96476288252245	681.582482742
811	-65.96476288252245	682.166557189
812	-65.96476288252245	682.844337571
813	-65.96476288252245	683.717096054
814	-65.96476288252245	684.557598193
815	-65.96476288252245	685.179051352
816	-65.96476288252245	685.909448682
817	-65.96476288252245	686.552420801
818	-65.96476288252245	687.182362487
819	-65.96476288252245	687.734447727
820	-65.96476288252245	688.373819336
821	-65.96476288252245	689.056320666
822	-65.96476288252245	689.785045608
823	-65.96476288252245	690.51745773
824	-65.96476288252245	691.346522282
825	-65.96476288252245	692.150991659
826	-65.96476288252245	692.807562413
827	-65.96476288252245	694.063235163
828	-65.96476288252245	694.627519203
829	-65.96476288252245	695.258396868
830	-65.96476288252245	695.952860937
831	-65.96476288252245	696.842551428
832	-65.96476288252245	697.505347025
833	-65.96476288252245	698.177350168
834	-65.96476288252245	698.902986637
835	-65.96476288252245	699.560298362
836	-65.96476288252245	700.263737906
837	-65.96476288252245	701.115799939
838	-65.96476288252245	701.6501261
839	-65.96476288252245	702.388889935
840	-65.96476288252245	703.281989635
841	-65.96476288252245	704.335886962
842	-65.96476288252245	705.45378152
843	-65.96476288252245	706.113090076
844	-65.96476288252245	706.872231051
845	-65.96476288252245	707.366515394
846	-65.96476288252245	707.982224101
847	-65.96476288252245	708.738090433
848	-65.96476288252245	709.60555777
849	-65.96476288252245	710.242493781
850	-65.96476288252245	710.887486964
851	-65.96476288252245	711.725968894
852	-65.96476288252245	712.702376697
853	-65.96476288252245	713.568536002
854	-65.96476288252245	714.258510052
855	-65.96476288252245	714.964005728
856	-65.96476288252245	715.666476506
857	-65.96476288252245	716.529338931
858	-65.96476288252245	717.054687621
859	-65.96476288252245	717.497700395
860	-65.96476288252245	718.042176352
861	-65.96476288252245	718.697855603
862	-65.96476288252245	719.326149133
863	-65.96476288252245	719.982904916
864	-65.96476288252245	720.671630519
865	-65.96476288252245	721.292634078
866	-65.96476288252245	722.177838257
867	-65.96476288252245	722.926819457
868	-65.96476288252245	723.722035388
869	-65.96476288252245	724.258156815
870	-65.96476288252245	725.071967734
871	-65.96476288252245	726.300227395
872	-65.96476288252245	727.290403751
873	-65.96476288252245	728.211360725
874	-65.96476288252245	729.117168982
875	-65.96476288252245	729.859688137
876	-65.96476288252245	730.544591423
877	-65.96476288252245	731.10757969
878	-65.96476288252245	732.005449091
879	-65.96476288252245	732.740840779
880	-65.96476288252245	733.459284494
881	-65.96476288252245	734.266965222
882	-65.96476288252245	735.175325398
883	-65.96476288252245	735.967402393
884	-65.96476288252245	736.827336854
885	-65.96476288252245	737.773314654
886	-65.96476288252245	738.557288861
887	-65.96476288252245	739.448713607
888	-65.96476288252245	740.177489582
889	-65.96476288252245	740.798877453
890	-65.96476288252245	741.667533082
891	-65.96476288252245	742.503656676
892	-65.96476288252245	743.273449506
893	-65.96476288252245	744.123625896
894	-65.96476288252245	744.937033116
895	-65.96476288252245	745.724626364
896	-65.96476288252245	746.515676434
897	-65.96476288252245	747.378408283
898	-65.96476288252245	747.965138139
899	-65.96476288252245	748.60957595
900	-65.96476288252245	749.41324192
901	-65.96476288252245	750.121657575
902	-65.96476288252245	750.825592051
903	-65.96476288252245	751.716089086
904	-65.96476288252245	752.409589806
905	-65.96476288252245	753.084422838
906	-65.96476288252245	753.722928602
907	-65.96476288252245	754.507901509
908	-65.96476288252245	755.507406578
909	-65.96476288252245	756.221740881
910	-65.96476288252245	757.259785013
911	-65.96476288252245	758.099962139
912	-65.96476288252245	758.983432634
913	-65.96476288252245	759.886383918
914	-65.96476288252245	761.014219865
915	-65.96476288252245	762.164653301
916	-65.96476288252245	763.005704824
917	-65.96476288252245	764.051397297
918	-65.96476288252245	764.828358078
919	-65.96476288252245	765.710848403
920	-65.96476288252245	766.508019255
921	-65.96476288252245	767.138454732
922	-65.96476288252245	767.627961106
923	-65.96476288252245	768.121504192
924	-65.96476288252245	768.673830626
925	-65.96476288252245	769.741003571
926	-65.96476288252245	770.705271303
927	-65.96476288252245	771.695800327
928	-65.96476288252245	772.635635106
929	-65.96476288252245	773.613977303
930	-65.96476288252245	774.275474561
931	-65.96476288252245	774.953179392
932	-65.96476288252245	775.660575535
933	-65.96476288252245	776.338703737
934	-65.96476288252245	776.97220659
935	-65.96476288252245	777.661041101
936	-65.96476288252245	778.484384578
937	-65.96476288252245	779.385871595
938	-65.96476288252245	780.417256679
939	-65.96476288252245	781.311462562
940	-65.96476288252245	782.524073159
941	-65.96476288252245	783.83449397
942	-65.96476288252245	785.077611547
943	-65.96476288252245	786.040798756
944	-65.96476288252245	787.019448574
945	-65.96476288252245	788.256750423
946	-65.96476288252245	789.262726661
947	-65.96476288252245	790.473739565
948	-65.96476288252245	791.333583936
949	-65.96476288252245	792.377811572
950	-65.96476288252245	793.601398181
951	-65.96476288252245	794.64474971
952	-65.96476288252245	795.736730512
953	-65.96476288252245	796.595803406
954	-65.96476288252245	797.521956872
955	-65.96476288252245	798.540528482
956	-65.96476288252245	799.612690653
957	-65.96476288252245	800.31874113
958	-65.96476288252245	801.154321611
959	-65.96476288252245	801.836966346
960	-65.96476288252245	802.675681201
961	-65.96476288252245	803.495005357
962	-65.96476288252245	804.353197581
963	-65.96476288252245	805.533779912
964	-65.96476288252245	806.521031442
965	-65.96476288252245	807.444041125
966	-65.96476288252245	808.59361898
967	-65.96476288252245	809.750378754
968	-65.96476288252245	810.660328069
969	-65.96476288252245	811.660868616
970	-65.96476288252245	812.724964491
971	-65.96476288252245	813.803689918
972	-65.96476288252245	814.515330039
973	-65.96476288252245	815.460453399
974	-65.96476288252245	816.188861596
975	-65.96476288252245	816.88016164
976	-65.96476288252245	817.71193976
977	-65.96476288252245	818.747452787
978	-65.96476288252245	819.917182553
979	-65.96476288252245	820.859729476
980	-65.96476288252245	821.716582877
981	-65.96476288252245	822.700964033
982	-65.96476288252245	823.516287971
983	-65.96476288252245	824.309868291
984	-65.96476288252245	825.268537256
985	-65.96476288252245	826.138286238
986	-65.96476288252245	826.754499285
987	-65.96476288252245	827.48120972
988	-65.96476288252245	828.116674906
989	-65.96476288252245	828.908690605
990	-65.96476288252245	829.600012317
991	-65.96476288252245	830.383011486
992	-65.96476288252245	831.398323564
993	-65.96476288252245	832.122280231
994	-65.96476288252245	833.001490781
995	-65.96476288252245	833.852763376
996	-65.96476288252245	834.692419057
997	-65.96476288252245	835.773970951
998	-65.96476288252245	836.669307251
999	-65.96476288252245	837.717597828
1000	-65.96476288252245	838.710664229
1001	-65.96476288252245	839.688616411
1002	-65.96476288252245	840.644303815
1003	-65.96476288252245	841.764217157
1004	-65.96476288252245	842.592032691
1005	-65.96476288252245	843.358764702
1006	-65.96476288252245	844.43453166
1007	-65.96476288252245	845.140081504
1008	-65.96476288252245	845.838876507
1009	-65.96476288252245	846.61298516
1010	-65.96476288252245	847.53924953
1011	-65.96476288252245	848.316708377
1012	-65.96476288252245	849.16300372
1013	-65.96476288252245	850.11792763
1014	-65.96476288252245	850.867728774
1015	-65.96476288252245	851.579582148
1016	-65.96476288252245	852.349140913
1017	-65.96476288252245	853.210544488
1018	-65.96476288252245	853.993199543
1019	-65.96476288252245	854.879403848
1020	-65.96476288252245	855.554247999
1021	-65.96476288252245	856.246750589
1022	-65.96476288252245	857.148531828
1023	-65.96476288252245	858.202207633
1024	-65.96476288252245	858.829764469
1025	-65.96476288252245	859.533026112
1026	-65.96476288252245	860.298394781
1027	-65.96476288252245	861.208208674
1028	-65.96476288252245	862.16901702
1029	-65.96476288252245	863.095101778
1030	-65.96476288252245	864.234018654
1031	-65.96476288252245	865.382123119
1032	-65.96476288252245	866.778987262
1033	-65.96476288252245	867.852541569
1034	-65.96476288252245	868.870096518
1035	-65.96476288252245	869.505298559
1036	-65.96476288252245	870.182192569
1037	-65.96476288252245	870.866885167
1038	-65.96476288252245	871.683472091
1039	-65.96476288252245	872.399710283
1040	-65.96476288252245	873.053395554
1041	-65.96476288252245	873.904500796
1042	-65.96476288252245	874.572353473
1043	-65.96476288252245	875.295845429
1044	-65.96476288252245	876.214827239
1045	-65.96476288252245	877.056648529
1046	-65.96476288252245	877.861802713
1047	-65.96476288252245	878.902093138
1048	-65.96476288252245	879.593618695
1049	-65.96476288252245	880.471664047
1050	-65.96476288252245	881.177620442
1051	-65.96476288252245	881.927869761
1052	-65.96476288252245	882.751728981
1053	-65.96476288252245	883.88234293
1054	-65.96476288252245	884.846502325
1055	-65.96476288252245	885.702195944
1056	-65.96476288252245	886.452098583
1057	-65.96476288252245	887.277861407
1058	-65.96476288252245	887.979658783
1059	-65.96476288252245	888.851847069
1060	-65.96476288252245	889.87607019
1061	-65.96476288252245	890.942792678
1062	-65.96476288252245	891.778019637
1063	-65.96476288252245	892.8410826
1064	-65.96476288252245	893.819575614
1065	-65.96476288252245	894.666853122
1066	-65.96476288252245	895.27236271
1067	-65.96476288252245	895.895314632
1068	-65.96476288252245	896.656143676
1069	-65.96476288252245	897.373699024
1070	-65.96476288252245	898.22549506
1071	-65.96476288252245	898.708727269
1072	-65.96476288252245	899.231936579
1073	-65.96476288252245	899.85858509
1074	-65.96476288252245	901.138323871
1075	-65.96476288252245	901.939499789
1076	-65.96476288252245	902.673254156
1077	-65.96476288252245	903.358659216
1078	-65.96476288252245	904.051461445
1079	-65.96476288252245	904.711914101
1080	-65.96476288252245	905.478729361
1081	-65.96476288252245	906.220387233
1082	-65.96476288252245	907.188355831
1083	-65.96476288252245	908.084793752
1084	-65.96476288252245	908.8601155
1085	-65.96476288252245	909.760933391
1086	-65.96476288252245	911.288143204
1087	-65.96476288252245	912.619767371
1088	-65.96476288252245	914.210901716
1089	-65.96476288252245	915.379282966
1090	-65.96476288252245	916.608183529
1091	-65.96476288252245	917.614278082
1092	-65.96476288252245	918.839492605
1093	-65.96476288252245	920.481409289
1094	-65.96476288252245	921.92309949
1095	-65.96476288252245	922.762293596
1096	-65.96476288252245	923.34281828
1097	-65.96476288252245	923.965950385
1098	-65.96476288252245	924.686596202
1099	-65.96476288252245	925.504686737
1100	-65.96476288252245	926.357489456
1101	-65.96476288252245	927.149827316
1102	-65.96476288252245	928.266521324
1103	-65.96476288252245	929.409031583
1104	-65.96476288252245	930.401875322
1105	-65.96476288252245	931.424054
1106	-65.96476288252245	932.445681013
1107	-65.96476288252245	933.513806187
1108	-65.96476288252245	934.32278668
1109	-65.96476288252245	935.132179996
1110	-65.96476288252245	935.71756219
1111	-65.96476288252245	936.456616826
1112	-65.96476288252245	936.939176487
1113	-65.96476288252245	937.488926484
1114	-65.96476288252245	938.668462218
1115	-65.96476288252245	939.499182338
1116	-65.96476288252245	940.263717094
1117	-65.96476288252245	941.244186982
1118	-65.96476288252245	942.168794073
1119	-65.96476288252245	943.669332625
1120	-65.96476288252245	944.382082064
1121	-65.96476288252245	945.085627095
1122	-65.96476288252245	945.687909652
1123	-65.96476288252245	946.449748515
1124	-65.96476288252245	947.319763494
1125	-65.96476288252245	948.297865923
1126	-65.96476288252245	949.708862121
1127	-65.96476288252245	950.755352585
1128	-65.96476288252245	951.616867918
1129	-65.96476288252245	953.065501127
1130	-65.96476288252245	953.804503875
1131	-65.96476288252245	954.437050507
1132	-65.96476288252245	955.045823904
1133	-65.96476288252245	955.744418197
1134	-65.96476288252245	956.914833625
1135	-65.96476288252245	957.579045023
1136	-65.96476288252245	958.384543891
1137	-65.96476288252245	959.06009195
1138	-65.96476288252245	959.951069377
1139	-65.96476288252245	960.749029952
1140	-65.96476288252245	961.579216937
1141	-65.96476288252245	962.404854318
1142	-65.96476288252245	963.278182143
1143	-65.96476288252245	964.006818419
1144	-65.96476288252245	964.658070658
1145	-65.96476288252245	965.304281213
1146	-65.96476288252245	965.983983159
1147	-65.96476288252245	966.601600886
1148	-65.96476288252245	967.314951599
1149	-65.96476288252245	968.363653289
1150	-65.96476288252245	969.193044848
1151	-65.96476288252245	970.399708573
1152	-65.96476288252245	971.546306576
1153	-65.96476288252245	972.390194546
1154	-65.96476288252245	973.070137971
1155	-65.96476288252245	973.767611256
1156	-65.96476288252245	974.674281082
1157	-65.96476288252245	975.532355274
1158	-65.96476288252245	976.198262438
1159	-65.96476288252245	977.187048939
1160	-65.96476288252245	978.185928501
1161	-65.96476288252245	978.919149449
1162	-65.96476288252245	979.650885317
1163	-65.96476288252245	980.669027284
1164	-65.96476288252245	981.505630128
1165	-65.96476288252245	982.358966837
1166	-65.96476288252245	983.305133658
1167	-65.96476288252245	984.008556951
1168	-65.96476288252245	984.84008675
1169	-65.96476288252245	985.983048321
1170	-65.96476288252245	987.039993637
1171	-65.96476288252245	988.282842936
1172	-65.96476288252245	989.310839622
1173	-65.96476288252245	990.307861196
1174	-65.96476288252245	991.183267676
1175	-65.96476288252245	992.090212906
1176	-65.96476288252245	992.791373942
1177	-65.96476288252245	993.440373617
1178	-65.96476288252245	994.220189374
1179	-65.96476288252245	995.008994007
1180	-65.96476288252245	995.797681749
1181	-65.96476288252245	996.415883644
1182	-65.96476288252245	997.311063139
1183	-65.96476288252245	998.105240741
1184	-65.96476288252245	998.840275486
1185	-65.96476288252245	999.640115146
1186	-65.96476288252245	1000.535660993
1187	-65.96476288252245	1001.232432935
1188	-65.96476288252245	1001.963545863
1189	-65.96476288252245	1002.711997065
1190	-65.96476288252245	1003.465296654
1191	-65.96476288252245	1004.158459533
1192	-65.96476288252245	1004.871963058
1193	-65.96476288252245	1005.607774412
1194	-65.96476288252245	1006.676584393
1195	-65.96476288252245	1007.479092292
1196	-65.96476288252245	1008.139568897
1197	-65.96476288252245	1008.871120592
1198	-65.96476288252245	1009.733627499
1199	-65.96476288252245	1010.608703549
1200	-65.96476288252245	1011.492903325
1201	-65.96476288252245	1012.203798769
1202	-65.96476288252245	1012.993021071
1203	-65.96476288252245	1013.957643752
1204	-65.96476288252245	1014.617751439
1205	-65.96476288252245	1015.356747629
1206	-65.96476288252245	1016.111118049
1207	-65.96476288252245	1016.821876645
1208	-65.96476288252245	1017.626580088
1209	-65.96476288252245	1018.323313257
1210	-65.96476288252245	1019.066285718
1211	-65.96476288252245	1019.794481517
1212	-65.96476288252245	1020.63580645
1213	-65.96476288252245	1021.636399171
1214	-65.96476288252245	1022.260585
1215	-65.96476288252245	1023.018404828
1216	-65.96476288252245	1023.771990371
1217	-65.96476288252245	1024.563206938
1218	-65.96476288252245	1025.453228999
1219	-65.96476288252245	1026.110336594
1220	-65.96476288252245	1026.865521825
1221	-65.96476288252245	1027.584113791
1222	-65.96476288252245	1028.543770624
1223	-65.96476288252245	1029.282167252
1224	-65.96476288252245	1030.22127617
1225	-65.96476288252245	1031.285882657
1226	-65.96476288252245	1032.631853273
1227	-65.96476288252245	1033.523094701
1228	-65.96476288252245	1034.383698003
1229	-65.96476288252245	1035.429785053
1230	-65.96476288252245	1036.357206638
1231	-65.96476288252245	1037.135576946
1232	-65.96476288252245	1038.154012849
1233	-65.96476288252245	1038.964597307
1234	-65.96476288252245	1040.180103936
1235	-65.96476288252245	1041.053517861
1236	-65.96476288252245	1042.169272184
1237	-65.96476288252245	1042.988560703
1238	-65.96476288252245	1043.580850267
1239	-65.96476288252245	1044.132109861
1240	-65.96476288252245	1044.632434589
1241	-65.96476288252245	1045.47408653
1242	-65.96476288252245	1046.24214482
1243	-65.96476288252245	1047.26798445
1244	-65.96476288252245	1048.0029177
1245	-65.96476288252245	1048.695233835
1246	-65.96476288252245	1049.443688458
1247	-65.96476288252245	1050.075132899
1248	-65.96476288252245	1051.015967235
1249	-65.96476288252245	1051.77760995
1250	-65.96476288252245	1052.655835485
1251	-65.96476288252245	1053.662845775
1252	-65.96476288252245	1054.317956824
1253	-65.96476288252245	1054.977177855
1254	-65.96476288252245	1055.74832861
1255	-65.96476288252245	1056.494713131
1256	-65.96476288252245	1057.160982656
1257	-65.96476288252245	1057.927181533
1258	-65.96476288252245	1058.688685975
1259	-65.96476288252245	1059.439305352
1260	-65.96476288252245	1060.291187488
1261	-65.96476288252245	1061.017434352
1262	-65.96476288252245	1061.876341603
1263	-65.96476288252245	1062.932896335
1264	-65.96476288252245	1063.760972449
1265	-65.96476288252245	1064.712627418
1266	-65.96476288252245	1065.588045016
1267	-65.96476288252245	1066.430447052
1268	-65.96476288252245	1067.1610813
1269	-65.96476288252245	1068.127341017
1270	-65.96476288252245	1068.951469655
1271	-65.96476288252245	1069.79522534
1272	-65.96476288252245	1070.911533039
1273	-65.96476288252245	1071.563609212
1274	-65.96476288252245	1072.520659673
1275	-65.96476288252245	1073.605994827
1276	-65.96476288252245	1074.386777069
1277	-65.96476288252245	1075.484547369
1278	-65.96476288252245	1076.22933819
1279	-65.96476288252245	1076.978829146
1280	-65.96476288252245	1077.802353091
1281	-65.96476288252245	1078.64771388
1282	-65.96476288252245	1079.526273265
1283	-65.96476288252245	1080.4840436
1284	-65.96476288252245	1081.302491648
1285	-65.96476288252245	1082.13860783
1286	-65.96476288252245	1083.319005132
1287	-65.96476288252245	1083.971463623
1288	-65.96476288252245	1084.779865936
1289	-65.96476288252245	1085.486777696
1290	-65.96476288252245	1086.167537358
1291	-65.96476288252245	1087.245177129
1292	-65.96476288252245	1087.932829051
1293	-65.96476288252245	1088.601586631
1294	-65.96476288252245	1089.33316484
1295	-65.96476288252245	1090.066028844
1296	-65.96476288252245	1090.770106724
1297	-65.96476288252245	1091.498305374
1298	-65.96476288252245	1092.611183622
1299	-65.96476288252245	1093.536742372
1300	-65.96476288252245	1094.344861012
1301	-65.96476288252245	1095.220631277
1302	-65.96476288252245	1095.817317348
1303	-65.96476288252245	1096.575329332
1304	-65.96476288252245	1097.49141511
1305	-65.96476288252245	1098.310843898
1306	-65.96476288252245	1098.996100992
1307	-65.96476288252245	1099.716156369
1308	-65.96476288252245	1100.48690599
1309	-65.96476288252245	1101.294066129
1310	-65.96476288252245	1102.22745996
1311	-65.96476288252245	1102.87477071
1312	-65.96476288252245	1103.855415078
1313	-65.96476288252245	1104.488333194
1314	-65.96476288252245	1105.193826874
1315	-65.96476288252245	1105.795314575
1316	-65.96476288252245	1106.673468836
1317	-65.96476288252245	1107.600718506
1318	-65.96476288252245	1108.802049175
1319	-65.96476288252245	1109.478142058
1320	-65.96476288252245	1110.276581884
1321	-65.96476288252245	1111.295172881
1322	-65.96476288252245	1112.097721264
1323	-65.96476288252245	1113.278141374
1324	-65.96476288252245	1113.949789854
1325	-65.96476288252245	1114.724193015
1326	-65.96476288252245	1116.162976921
1327	-65.96476288252245	1117.553443735
1328	-65.96476288252245	1118.624516259
1329	-65.96476288252245	1119.394743865
1330	-65.96476288252245	1120.331562016
1331	-65.96476288252245	1121.188458466
1332	-65.96476288252245	1121.974536416
1333	-65.96476288252245	1122.896230369
1334	-65.96476288252245	1123.857013056
1335	-65.96476288252245	1125.048889855
1336	-65.96476288252245	1125.830860673
1337	-65.96476288252245	1126.491754378
1338	-65.96476288252245	1127.177806326
1339	-65.96476288252245	1127.902292992
1340	-65.96476288252245	1128.825011305
1341	-65.96476288252245	1129.5052002
1342	-65.96476288252245	1130.606563028
1343	-65.96476288252245	1131.554527395
1344	-65.96476288252245	1132.512725948
1345	-65.96476288252245	1133.151117958
1346	-65.96476288252245	1133.948279687
1347	-65.96476288252245	1134.767498072
1348	-65.96476288252245	1135.680571213
1349	-65.96476288252245	1136.665569893
1350	-65.96476288252245	1137.520929376
1351	-65.96476288252245	1138.064667213
1352	-65.96476288252245	1138.892343905
1353	-65.96476288252245	1139.535888217
1354	-65.96476288252245	1140.305328095
1355	-65.96476288252245	1140.806769839
1356	-65.96476288252245	1141.520432735
1357	-65.96476288252245	1142.33387046
1358	-65.96476288252245	1142.919453079
1359	-65.96476288252245	1144.043729855
1360	-65.96476288252245	1144.779353613
1361	-65.96476288252245	1145.606903151
1362	-65.96476288252245	1146.280720661
1363	-65.96476288252245	1146.930524884
1364	-65.96476288252245	1147.826133168
1365	-65.96476288252245	1148.827877686
1366	-65.96476288252245	1149.495384539
1367	-65.96476288252245	1150.209187988
1368	-65.96476288252245	1151.048720506
1369	-65.96476288252245	1151.844633503
1370	-65.96476288252245	1152.743653277
1371	-65.96476288252245	1153.579900034
1372	-65.96476288252245	1154.293931847
1373	-65.96476288252245	1155.208544806
1374	-65.96476288252245	1155.825738306
1375	-65.96476288252245	1156.763155449
1376	-65.96476288252245	1158.101711505
1377	-65.96476288252245	1158.937145445
1378	-65.96476288252245	1159.877782207
1379	-65.96476288252245	1160.753953606
1380	-65.96476288252245	1161.590003359
1381	-65.96476288252245	1162.401059655
1382	-65.96476288252245	1163.168627005
1383	-65.96476288252245	1163.740586756
1384	-65.96476288252245	1164.60637971
1385	-65.96476288252245	1165.213812003
1386	-65.96476288252245	1166.186451087
1387	-65.96476288252245	1167.024560963
1388	-65.96476288252245	1167.618558268
1389	-65.96476288252245	1168.154612412
1390	-65.96476288252245	1168.980917208
1391	-65.96476288252245	1169.608985796
1392	-65.96476288252245	1170.214283271
1393	-65.96476288252245	1170.707302346
1394	-65.96476288252245	1171.260736387
1395	-65.96476288252245	1172.00626989
1396	-65.96476288252245	1173.203433843
1397	-65.96476288252245	1173.995029876
1398	-65.96476288252245	1174.744880912
1399	-65.96476288252245	1175.559821392
1400	-65.96476288252245	1176.18293411
1401	-65.96476288252245	1176.892437417
1402	-65.96476288252245	1177.72588536
1403	-65.96476288252245	1178.551502499
1404	-65.96476288252245	1179.608663635
1405	-65.96476288252245	1180.313934938
1406	-65.96476288252245	1180.986631155
1407	-65.96476288252245	1181.703217168
1408	-65.96476288252245	1182.555410631
1409	-65.96476288252245	1183.354215669
1410	-65.96476288252245	1184.1439406
1411	-65.96476288252245	1184.864480075
1412	-65.96476288252245	1185.492004124
1413	-65.96476288252245	1186.271580969
1414	-65.96476288252245	1187.57567145
1415	-65.96476288252245	1188.464106367
1416	-65.96476288252245	1189.525765505
1417	-65.96476288252245	1190.492864552
1418	-65.96476288252245	1191.587269263
1419	-65.96476288252245	1192.796425035
1420	-65.96476288252245	1193.683363469
1421	-65.96476288252245	1194.678911083
1422	-65.96476288252245	1195.333497551
1423	-65.96476288252245	1196.243003252
1424	-65.96476288252245	1196.881991118
1425	-65.96476288252245	1197.656006829
1426	-65.96476288252245	1198.503775847
1427	-65.96476288252245	1199.236716542
1428	-65.96476288252245	1199.841253089
1429	-65.96476288252245	1200.501442029
1430	-65.96476288252245	1201.289253664
1431	-65.96476288252245	1201.963682996
1432	-65.96476288252245	1202.843262749
1433	-65.96476288252245	1203.66524431
1434	-65.96476288252245	1204.321913993
1435	-65.96476288252245	1204.98624
1436	-65.96476288252245	1205.598739921
1437	-65.96476288252245	1206.240702221
1438	-65.96476288252245	1207.304772152
1439	-65.96476288252245	1208.01080809
1440	-65.96476288252245	1208.702123529
1441	-65.96476288252245	1209.443306141
1442	-65.96476288252245	1210.134791784
1443	-65.96476288252245	1210.96119437
1444	-65.96476288252245	1211.715737559
1445	-65.96476288252245	1212.430805136
1446	-65.96476288252245	1213.161831394
1447	-65.96476288252245	1214.318960656
1448	-65.96476288252245	1215.258765501
1449	-65.96476288252245	1215.823834132
1450	-65.96476288252245	1216.499091961
1451	-65.96476288252245	1217.322765868
1452	-65.96476288252245	1218.631317287
1453	-65.96476288252245	1219.323764568
1454	-65.96476288252245	1220.026631064
1455	-65.96476288252245	1221.036900602
1456	-65.96476288252245	1221.938096534
1457	-65.96476288252245	1222.571049717
1458	-65.96476288252245	1223.287021626
1459	-65.96476288252245	1224.018392569
1460	-65.96476288252245	1224.9442712
1461	-65.96476288252245	1225.603144695
1462	-65.96476288252245	1226.239332607
1463	-65.96476288252245	1226.895738574
1464	-65.96476288252245	1227.824584227
1465	-65.96476288252245	1228.712962409
1466	-65.96476288252245	1229.564161163
1467	-65.96476288252245	1230.423508322
1468	-65.96476288252245	1231.559675706
1469	-65.96476288252245	1232.507603866
1470	-65.96476288252245	1233.194046685
1471	-65.96476288252245	1233.841841247
1472	-65.96476288252245	1234.743528119
1473	-65.96476288252245	1235.59638073
1474	-65.96476288252245	1236.217647435
1475	-65.96476288252245	1237.323340342
1476	-65.96476288252245	1238.379470276
1477	-65.96476288252245	1239.515613712
1478	-65.96476288252245	1242.670175661
1479	-65.96476288252245	1243.623811496
1480	-65.96476288252245	1244.413526733
1481	-65.96476288252245	1245.181527148
1482	-65.96476288252245	1246.406253867
1483	-65.96476288252245	1247.10960389
1484	-65.96476288252245	1247.866566712
1485	-65.96476288252245	1248.732126454
1486	-65.96476288252245	1249.547260231
1487	-65.96476288252245	1250.327792442
1488	-65.96476288252245	1251.217853846
1489	-65.96476288252245	1252.026780741
1490	-65.96476288252245	1252.835684827
1491	-65.96476288252245	1253.447184338
1492	-65.96476288252245	1254.16666068
1493	-65.96476288252245	1254.749367509
1494	-65.96476288252245	1255.585037226
1495	-65.96476288252245	1256.223064594
1496	-65.96476288252245	1256.914199566
1497	-65.96476288252245	1257.754465073
1498	-65.96476288252245	1258.485521836
1499	-65.96476288252245	1259.199468406
1500	-65.96476288252245	1260.054909998
1501	-65.96476288252245	1260.806434848
1502	-65.96476288252245	1261.804318561
1503	-65.96476288252245	1262.746396781
1504	-65.96476288252245	1263.821028192
1505	-65.96476288252245	1264.736252117
1506	-65.96476288252245	1265.710422465
1507	-65.96476288252245	1266.802590578
1508	-65.96476288252245	1267.661925762
1509	-65.96476288252245	1268.468347495
1510	-65.96476288252245	1269.41194187
1511	-65.96476288252245	1270.464504365
1512	-65.96476288252245	1271.27390823
1513	-65.96476288252245	1272.022581523
1514	-65.96476288252245	1272.962877877
1515	-65.96476288252245	1273.80184533
1516	-65.96476288252245	1274.572048987
1517	-65.96476288252245	1275.497951282
1518	-65.96476288252245	1276.504930781
1519	-65.96476288252245	1277.290488426
1520	-65.96476288252245	1278.218897593
1521	-65.96476288252245	1279.192474651
1522	-65.96476288252245	1279.981138445
1523	-65.96476288252245	1280.811373897
1524	-65.96476288252245	1281.616119819
1525	-65.96476288252245	1282.580452555
1526	-65.96476288252245	1283.579595263
1527	-65.96476288252245	1284.259552943
1528	-65.96476288252245	1285.232516469
1529	-65.96476288252245	1286.143928055
1530	-65.96476288252245	1287.135815859
1531	-65.96476288252245	1287.894540305
1532	-65.96476288252245	1288.577611547
1533	-65.96476288252245	1289.221921919
1534	-65.96476288252245	1289.997567254
1535	-65.96476288252245	1290.706382903
1536	-65.96476288252245	1291.392271205
1537	-65.96476288252245	1291.998056483
1538	-65.96476288252245	1292.61083295
1539	-65.96476288252245	1293.102484692
1540	-65.96476288252245	1293.637144989
1541	-65.96476288252245	1294.541067889
1542	-65.96476288252245	1295.094800714
1543	-65.96476288252245	1295.566519784
1544	-65.96476288252245	1296.235994673
1545	-65.96476288252245	1296.991625513
1546	-65.96476288252245	1297.76106083
1547	-65.96476288252245	1298.467673521
1548	-65.96476288252245	1299.436580949
1549	-65.96476288252245	1300.195083304
1550	-65.96476288252245	1300.938269304
1551	-65.96476288252245	1301.526492791
1552	-65.96476288252245	1302.215599571
1553	-65.96476288252245	1303.046983115
1554	-65.96476288252245	1303.768731694
1555	-65.96476288252245	1304.424307738
1556	-65.96476288252245	1305.130233913
1557	-65.96476288252245	1305.892891864
1558	-65.96476288252245	1306.82596496
1559	-65.96476288252245	1307.708827053
1560	-65.96476288252245	1308.351744434
1561	-65.96476288252245	1309.271282756
1562	-65.96476288252245	1310.307482585
1563	-65.96476288252245	1311.1795383
1564	-65.96476288252245	1313.074267055
1565	-65.96476288252245	1313.849186243
1566	-65.96476288252245	1314.659663219
1567	-65.96476288252245	1315.666977425
1568	-65.96476288252245	1316.630123579
1569	-65.96476288252245	1317.817485271
1570	-65.96476288252245	1318.497388782
1571	-65.96476288252245	1319.350776524
1572	-65.96476288252245	1320.052332136
1573	-65.96476288252245	1321.011646565
1574	-65.96476288252245	1322.2450782
1575	-65.96476288252245	1323.187052075
1576	-65.96476288252245	1324.485923826
1577	-65.96476288252245	1325.644299539
1578	-65.96476288252245	1326.863099627
1579	-65.96476288252245	1327.885018295
1580	-65.96476288252245	1329.031566692
1581	-65.96476288252245	1330.169364556
1582	-65.96476288252245	1330.978257523
1583	-65.96476288252245	1332.103420386
1584	-65.96476288252245	1332.721658203
1585	-65.96476288252245	1333.338784705
1586	-65.96476288252245	1334.105733676
1587	-65.96476288252245	1334.830051563
1588	-65.96476288252245	1335.489696251
1589	-65.96476288252245	1336.205308366
1590	-65.96476288252245	1337.134686868
1591	-65.96476288252245	1338.063712988
1592	-65.96476288252245	1338.99353767
1593	-65.96476288252245	1339.711067929
1594	-65.96476288252245	1340.601493974
1595	-65.96476288252245	1341.35508864
1596	-65.96476288252245	1342.328025082
1597	-65.96476288252245	1343.369547418
1598	-65.96476288252245	1344.521539773
1599	-65.96476288252245	1345.11158333
1600	-65.96476288252245	1345.841778241
1601	-65.96476288252245	1346.598380982
1602	-65.96476288252245	1347.486346912
1603	-65.96476288252245	1348.312949637
1604	-65.96476288252245	1348.952447259
1605	-65.96476288252245	1349.727709706
1606	-65.96476288252245	1350.243958618
1607	-65.96476288252245	1350.966388297
1608	-65.96476288252245	1351.919648941
1609	-65.96476288252245	1352.829594835
1610	-65.96476288252245	1353.738174537
1611	-65.96476288252245	1354.660445245
1612	-65.96476288252245	1355.724195866
1613	-65.96476288252245	1356.661752422
1614	-65.96476288252245	1357.48310306
1615	-65.96476288252245	1358.543855868
1616	-65.96476288252245	1359.621541255
1617	-65.96476288252245	1360.49593877
1618	-65.96476288252245	1361.273251932
1619	-65.96476288252245	1362.027884073
1620	-65.96476288252245	1362.74871834
1621	-65.96476288252245	1363.516804855
1622	-65.96476288252245	1364.171612273
1623	-65.96476288252245	1364.767598427
1624	-65.96476288252245	1365.804051993
1625	-65.96476288252245	1366.756371242
1626	-65.96476288252245	1368.053901319
1627	-65.96476288252245	1368.982772345
1628	-65.96476288252245	1370.497983213
1629	-65.96476288252245	1371.342412015
1630	-65.96476288252245	1372.035758212
1631	-65.96476288252245	1372.984892624
1632	-65.96476288252245	1373.837090934
1633	-65.96476288252245	1374.923458144
1634	-65.96476288252245	1376.211729072
1635	-65.96476288252245	1377.434064099
1636	-65.96476288252245	1378.246486587
1637	-65.96476288252245	1379.029659667
1638	-65.96476288252245	1379.636496389
1639	-65.96476288252245	1380.488977802
1640	-65.96476288252245	1381.173854004
1641	-65.96476288252245	1382.083240819
1642	-65.96476288252245	1382.985286915
1643	-65.96476288252245	1384.071837159
1644	-65.96476288252245	1385.043176193
1645	-65.96476288252245	1385.765428826
1646	-65.96476288252245	1386.629529719
1647	-65.96476288252245	1387.301209275
1648	-65.96476288252245	1388.058113081
1649	-65.96476288252245	1388.820944943
1650	-65.96476288252245	1390.61272515
1651	-65.96476288252245	1391.220471337
1652	-65.96476288252245	1392.128384478
1653	-65.96476288252245	1392.962636114
1654	-65.96476288252245	1393.69319424
1655	-65.96476288252245	1394.29584771
1656	-65.96476288252245	1394.830643143
1657	-65.96476288252245	1395.344878118
1658	-65.96476288252245	1395.870458308
1659	-65.96476288252245	1396.499265301
1660	-65.96476288252245	1397.15704915
1661	-65.96476288252245	1397.993388563
1662	-65.96476288252245	1399.177075333
1663	-65.96476288252245	1400.1379598
1664	-65.96476288252245	1401.266115058
1665	-65.96476288252245	1402.114875364
1666	-65.96476288252245	1402.827283826
1667	-65.96476288252245	1403.423017382
1668	-65.96476288252245	1404.296478633
1669	-65.96476288252245	1405.447651044
1670	-65.96476288252245	1406.359524205
1671	-65.96476288252245	1406.953572258
1672	-65.96476288252245	1407.80294524
1673	-65.96476288252245	1408.699985574
1674	-65.96476288252245	1409.270935506
1675	-65.96476288252245	1409.962413167
1676	-65.96476288252245	1410.786067686
1677	-65.96476288252245	1411.593375506
1678	-65.96476288252245	1412.67521478
1679	-65.96476288252245	1413.407950489
1680	-65.96476288252245	1414.243868527
1681	-65.96476288252245	1414.911185503
1682	-65.96476288252245	1415.670973082
1683	-65.96476288252245	1416.466783158
1684	-65.96476288252245	1417.217363477
1685	-65.96476288252245	1417.977269657
1686	-65.96476288252245	1418.746174404
1687	-65.96476288252245	1419.586498927
1688	-65.96476288252245	1420.361068869
1689	-65.96476288252245	1420.936270762
1690	-65.96476288252245	1421.739244797
1691	-65.96476288252245	1422.507965656
1692	-65.96476288252245	1423.450159342
1693	-65.96476288252245	1424.270145783
1694	-65.96476288252245	1425.302784445
1695	-65.96476288252245	1426.267356948
1696	-65.96476288252245	1426.977490323
1697	-65.96476288252245	1427.778301599
1698	-65.96476288252245	1428.544680944
1699	-65.96476288252245	1429.381581431
1700	-65.96476288252245	1430.261914985
1701	-65.96476288252245	1431.114638732
1702	-65.96476288252245	1431.772095857
1703	-65.96476288252245	1432.53388882
1704	-65.96476288252245	1433.617905107
1705	-65.96476288252245	1434.403466743
1706	-65.96476288252245	1435.210737214
1707	-65.96476288252245	1435.871813952
1708	-65.96476288252245	1436.444933484
1709	-65.96476288252245	1436.999086829
1710	-65.96476288252245	1437.494259254
1711	-65.96476288252245	1438.235989256
1712	-65.96476288252245	1438.759651587
1713	-65.96476288252245	1439.706904063
1714	-65.96476288252245	1440.253036158
1715	-65.96476288252245	1440.741999705
1716	-65.96476288252245	1441.210494025
1717	-65.96476288252245	1441.741164366
1718	-65.96476288252245	1442.414313606
1719	-65.96476288252245	1443.171858883
1720	-65.96476288252245	1444.034064441
1721	-65.96476288252245	1445.200265541
1722	-65.96476288252245	1446.040390209
1723	-65.96476288252245	1446.807382516
1724	-65.96476288252245	1447.998659752
1725	-65.96476288252245	1448.586139417
1726	-65.96476288252245	1449.512374992
1727	-65.96476288252245	1452.468986971
1728	-65.96476288252245	1453.021931783
1729	-65.96476288252245	1453.870995719
1730	-65.96476288252245	1454.663744691
1731	-65.96476288252245	1455.760548222
1732	-65.96476288252245	1457.049677012
1733	-65.96476288252245	1458.072671358
1734	-65.96476288252245	1458.982278839
1735	-65.96476288252245	1459.714954963
1736	-65.96476288252245	1460.53607125
1737	-65.96476288252245	1461.464541143
1738	-65.96476288252245	1462.195743307
1739	-65.96476288252245	1462.916370877
1740	-65.96476288252245	1463.545229188
1741	-65.96476288252245	1464.537156621
1742	-65.96476288252245	1467.09992023
1743	-65.96476288252245	1467.940255586
1744	-65.96476288252245	1468.729364419
1745	-65.96476288252245	1469.443039289
1746	-65.96476288252245	1470.170218426
1747	-65.96476288252245	1470.812156777
1748	-65.96476288252245	1471.535251877
1749	-65.96476288252245	1472.401148321
1750	-65.96476288252245	1473.288689168
1751	-65.96476288252245	1474.138388304
1752	-65.96476288252245	1475.112864563
1753	-65.96476288252245	1475.935486456
1754	-65.96476288252245	1476.709345933
1755	-65.96476288252245	1477.345328859
1756	-65.96476288252245	1478.123857111
1757	-65.96476288252245	1478.749447907
1758	-65.96476288252245	1479.595998413
1759	-65.96476288252245	1480.7760191
1760	-65.96476288252245	1481.655321737
1761	-65.96476288252245	1482.525427948
1762	-65.96476288252245	1483.255980942
1763	-65.96476288252245	1483.948089811
1764	-65.96476288252245	1484.537924391
1765	-65.96476288252245	1485.570181591
1766	-65.96476288252245	1486.205156694
1767	-65.96476288252245	1487.120112056
1768	-65.96476288252245	1487.724130293
1769	-65.96476288252245	1488.332061224
1770	-65.96476288252245	1489.123122982
1771	-65.96476288252245	1489.814430154
1772	-65.96476288252245	1490.479346315
1773	-65.96476288252245	1491.281993342
1774	-65.96476288252245	1492.186928057
1775	-65.96476288252245	1492.853742405
1776	-65.96476288252245	1493.563486905
1777	-65.96476288252245	1494.326111785
1778	-65.96476288252245	1494.982602712
1779	-65.96476288252245	1495.488614872
1780	-65.96476288252245	1495.976768738
1781	-65.96476288252245	1496.586675403
1782	-65.96476288252245	1497.13258284
1783	-65.96476288252245	1497.754851952
1784	-65.96476288252245	1498.269181579
1785	-65.96476288252245	1499.269540233
1786	-65.96476288252245	1500.047249968
1787	-65.96476288252245	1500.922449465
1788	-65.96476288252245	1502.341175542
1789	-65.96476288252245	1503.286573451
1790	-65.96476288252245	1504.107629012
1791	-65.96476288252245	1504.919158287
1792	-65.96476288252245	1505.898118292
1793	-65.96476288252245	1506.74512125
1794	-65.96476288252245	1507.626552149
1795	-65.96476288252245	1508.419014312
1796	-65.96476288252245	1509.104321868
1797	-65.96476288252245	1509.989455627
1798	-65.96476288252245	1510.694778818
1799	-65.96476288252245	1511.731481276
1800	-65.96476288252245	1512.570785715
1801	-65.96476288252245	1513.534921732
1802	-65.96476288252245	1514.891598372
1803	-65.96476288252245	1515.733257155
1804	-65.96476288252245	1516.685924225
1805	-65.96476288252245	1518.055528947
1806	-65.96476288252245	1518.991504346
1807	-65.96476288252245	1520.408861949
1808	-65.96476288252245	1521.569419808
1809	-65.96476288252245	1522.719014483
1810	-65.96476288252245	1523.459113435
1811	-65.96476288252245	1524.33426304
1812	-65.96476288252245	1525.457482386
1813	-65.96476288252245	1526.487338485
1814	-65.96476288252245	1527.140297609
1815	-65.96476288252245	1527.752493901
1816	-65.96476288252245	1528.464401159
1817	-65.96476288252245	1528.977521684
1818	-65.96476288252245	1529.739054921
1819	-65.96476288252245	1530.399867087
1820	-65.96476288252245	1531.319708755
1821	-65.96476288252245	1532.404533867
1822	-65.96476288252245	1533.506935595
1823	-65.96476288252245	1534.387641488
1824	-65.96476288252245	1535.128718613
1825	-65.96476288252245	1536.00580803
1826	-65.96476288252245	1536.709089629
1827	-65.96476288252245	1537.38995934
1828	-65.96476288252245	1538.065054377
1829	-65.96476288252245	1538.997626839
1830	-65.96476288252245	1539.801668569
1831	-65.96476288252245	1540.484532829
1832	-65.96476288252245	1541.126285582
1833	-65.96476288252245	1541.947086264
1834	-65.96476288252245	1542.688352695
1835	-65.96476288252245	1543.652215017
1836	-65.96476288252245	1544.707751376
1837	-65.96476288252245	1545.567158975
1838	-65.96476288252245	1546.381055994
1839	-65.96476288252245	1547.080404088
1840	-65.96476288252245	1548.005845663
1841	-65.96476288252245	1548.523577658
1842	-65.96476288252245	1549.348300157
1843	-65.96476288252245	1550.063409358
1844	-65.96476288252245	1550.844244629
1845	-65.96476288252245	1552.36701061
1846	-65.96476288252245	1553.266246774
1847	-65.96476288252245	1554.033067451
1848	-65.96476288252245	1554.816301826
1849	-65.96476288252245	1555.755552154
1850	-65.96476288252245	1556.808091556
1851	-65.96476288252245	1557.705385343
1852	-65.96476288252245	1558.54326885
1853	-65.96476288252245	1559.462933472
1854	-65.96476288252245	1560.554947346
1855	-65.96476288252245	1561.419406893
1856	-65.96476288252245	1562.147963912
1857	-65.96476288252245	1563.010365617
1858	-65.96476288252245	1563.650627303
1859	-65.96476288252245	1564.514068193
1860	-65.96476288252245	1565.276689937
1861	-65.96476288252245	1566.455374366
1862	-65.96476288252245	1567.3160364
1863	-65.96476288252245	1568.102324752
1864	-65.96476288252245	1568.926485037
1865	-65.96476288252245	1570.075814855
1866	-65.96476288252245	1571.30827687
1867	-65.96476288252245	1572.118262621
1868	-65.96476288252245	1572.986089468
1869	-65.96476288252245	1573.816536178
1870	-65.96476288252245	1574.618973657
1871	-65.96476288252245	1575.539179966
1872	-65.96476288252245	1576.28701849
1873	-65.96476288252245	1576.853000008
1874	-65.96476288252245	1577.466474682
1875	-65.96476288252245	1578.221938169
1876	-65.96476288252245	1579.087124718
1877	-65.96476288252245	1579.829961757
1878	-65.96476288252245	1580.739776791
1879	-65.96476288252245	1581.586759507
1880	-65.96476288252245	1582.324533479
1881	-65.96476288252245	1583.161132618
1882	-65.96476288252245	1583.971632116
1883	-65.96476288252245	1584.634383523
1884	-65.96476288252245	1585.446137456
1885	-65.96476288252245	1586.288535785
1886	-65.96476288252245	1587.312748927
1887	-65.96476288252245	1588.285515735
1888	-65.96476288252245	1589.197091823
1889	-65.96476288252245	1590.79177137
1890	-65.96476288252245	1594.473625241
1891	-65.96476288252245	1595.318030094
1892	-65.96476288252245	1596.418970407
1893	-65.96476288252245	1597.292973346
1894	-65.96476288252245	1598.587474819
1895	-65.96476288252245	1599.828181316
1896	-65.96476288252245	1600.901766985
1897	-65.96476288252245	1601.679729887
1898	-65.96476288252245	1602.466384876
1899	-65.96476288252245	1603.170006598
1900	-65.96476288252245	1604.010325418
1901	-65.96476288252245	1605.002590977
1902	-65.96476288252245	1606.207439193
1903	-65.96476288252245	1609.18371414
1904	-65.96476288252245	1609.78711799
1905	-65.96476288252245	1610.50875538
1906	-65.96476288252245	1611.198078835
1907	-65.96476288252245	1611.926810334
1908	-65.96476288252245	1612.545602953
1909	-65.96476288252245	1613.303672812
1910	-65.96476288252245	1613.92825892
1911	-65.96476288252245	1614.942610785
1912	-65.96476288252245	1615.584248073
1913	-65.96476288252245	1616.311356791
1914	-65.96476288252245	1617.06030606
1915	-65.96476288252245	1617.723915614
1916	-65.96476288252245	1618.650091033
1917	-65.96476288252245	1619.383627584
1918	-65.96476288252245	1619.964020838
1919	-65.96476288252245	1620.819170774
1920	-65.96476288252245	1621.753228885
1921	-65.96476288252245	1622.549720347
1922	-65.96476288252245	1623.314510267
1923	-65.96476288252245	1624.322451689
1924	-65.96476288252245	1625.229143467
1925	-65.96476288252245	1626.140573585
1926	-65.96476288252245	1627.037932089
1927	-65.96476288252245	1627.712062068
1928	-65.96476288252245	1628.215875832
1929	-65.96476288252245	1628.791142442
1930	-65.96476288252245	1629.484119721
1931	-65.96476288252245	1630.220878458
1932	-65.96476288252245	1630.953711956
1933	-65.96476288252245	1631.705674148
1934	-65.96476288252245	1632.728635707
1935	-65.96476288252245	1633.462681159
1936	-65.96476288252245	1634.249393168
1937	-65.96476288252245	1635.255158148
1938	-65.96476288252245	1635.99627091
1939	-65.96476288252245	1636.566043099
1940	-65.96476288252245	1637.113294207
1941	-65.96476288252245	1637.927273619
1942	-65.96476288252245	1639.069478538
1943	-65.96476288252245	1639.925016779
1944	-65.96476288252245	1640.750173768
1945	-65.96476288252245	1641.648109027
1946	-65.96476288252245	1642.648536104
1947	-65.96476288252245	1643.489071314
1948	-65.96476288252245	1644.253385974
1949	-65.96476288252245	1645.212334337
1950	-65.96476288252245	1645.746689008
1951	-65.96476288252245	1646.220824574
1952	-65.96476288252245	1646.794673103
1953	-65.96476288252245	1647.682276388
1954	-65.96476288252245	1648.364616922
1955	-65.96476288252245	1649.072777414
1956	-65.96476288252245	1649.827351109
1957	-65.96476288252245	1650.853051896
1958	-65.96476288252245	1651.70578277
1959	-65.96476288252245	1652.678147874
1960	-65.96476288252245	1653.792864723
1961	-65.96476288252245	1654.480897822
1962	-65.96476288252245	1655.459171025
1963	-65.96476288252245	1656.315710817
1964	-65.96476288252245	1657.088607516
1965	-65.96476288252245	1657.676397654
1966	-65.96476288252245	1658.376909805
1967	-65.96476288252245	1658.951614771
1968	-65.96476288252245	1659.418426438
1969	-65.96476288252245	1660.018806532
1970	-65.96476288252245	1660.61187356
1971	-65.96476288252245	1661.148650144
1972	-65.96476288252245	1661.829286644
1973	-65.96476288252245	1662.479318375
1974	-65.96476288252245	1663.206131731
1975	-65.96476288252245	1663.888320023
1976	-65.96476288252245	1664.438260465
1977	-65.96476288252245	1665.165861264
1978	-65.96476288252245	1665.830555903
1979	-65.96476288252245	1666.653766239
1980	-65.96476288252245	1667.704187928
1981	-65.96476288252245	1668.537495318
1982	-65.96476288252245	1669.746285878
1983	-65.96476288252245	1670.827076559
1984	-65.96476288252245	1672.285155086
1985	-65.96476288252245	1673.640337523
1986	-65.96476288252245	1674.72043741
1987	-65.96476288252245	1675.78201615
1988	-65.96476288252245	1676.743010095
1989	-65.96476288252245	1677.431511611
1990	-65.96476288252245	1678.107879043
1991	-65.96476288252245	1678.839226893
1992	-65.96476288252245	1679.477466945
1993	-65.96476288252245	1680.123549205
1994	-65.96476288252245	1680.790680012
1995	-65.96476288252245	1681.571602808
1996	-65.96476288252245	1682.559951397
1997	-65.96476288252245	1683.630611953
1998	-65.96476288252245	1684.499692949
1999	-65.96476288252245	1685.233988434
2000	-65.96476288252245	1686.144437812
2001	-65.96476288252245	1687.244744065
2002	-65.96476288252245	1688.043155381
2003	-65.96476288252245	1689.218785834
2004	-65.96476288252245	1690.160770257
2005	-65.96476288252245	1690.998203594
2006	-65.96476288252245	1691.690454157
2007	-65.96476288252245	1692.494225328
2008	-65.96476288252245	1693.122904312
2009	-65.96476288252245	1693.878090683
2010	-65.96476288252245	1694.713811433
2011	-65.96476288252245	1695.493482931
2012	-65.96476288252245	1696.471161703
2013	-65.96476288252245	1697.512876765
2014	-65.96476288252245	1698.336674975
2015	-65.96476288252245	1699.078436622
2016	-65.96476288252245	1699.953801192
2017	-65.96476288252245	1701.071731102
2018	-65.96476288252245	1701.900022466
2019	-65.96476288252245	1702.984251152
2020	-65.96476288252245	1703.834615708
2021	-65.96476288252245	1704.859803317
2022	-65.96476288252245	1705.534002004
2023	-65.96476288252245	1706.618817423
2024	-65.96476288252245	1707.770659816
2025	-65.96476288252245	1708.652572531
2026	-65.96476288252245	1709.650873913
2027	-65.96476288252245	1710.498015999
2028	-65.96476288252245	1711.662061184
2029	-65.96476288252245	1712.591815161
2030	-65.96476288252245	1713.53466885
2031	-65.96476288252245	1714.580668374
2032	-65.96476288252245	1715.556565565
2033	-65.96476288252245	1716.367514665
2034	-65.96476288252245	1717.090665928
2035	-65.96476288252245	1718.112274694
2036	-65.96476288252245	1718.854288939
2037	-65.96476288252245	1719.727373005
2038	-65.96476288252245	1720.727845698
2039	-65.96476288252245	1721.481135024
2040	-65.96476288252245	1722.498577643
2041	-65.96476288252245	1723.525368362
2042	-65.96476288252245	1724.23724369
2043	-65.96476288252245	1725.127391479
2044	-65.96476288252245	1725.859622279
2045	-65.96476288252245	1726.50658977
2046	-65.96476288252245	1727.320511593
2047	-65.96476288252245	1728.009183313
2048	-65.96476288252245	1728.665449866
2049	-65.96476288252245	1729.529542206
2050	-65.96476288252245	1730.151964416
2051	-65.96476288252245	1730.956312056
2052	-65.96476288252245	1731.491199576
2053	-65.96476288252245	1732.148600537
2054	-65.96476288252245	1733.251986425
2055	-65.96476288252245	1733.842060773
2056	-65.96476288252245	1734.521794651
2057	-65.96476288252245	1735.438090547
2058	-65.96476288252245	1736.358066211
2059	-65.96476288252245	1737.258485819
2060	-65.96476288252245	1738.294429344
2061	-65.96476288252245	1739.087972886
2062	-65.96476288252245	1739.942209082
2063	-65.96476288252245	1740.788318825
2064	-65.96476288252245	1742.246721509
2065	-65.96476288252245	1743.198313756
2066	-65.96476288252245	1744.094556099
2067	-65.96476288252245	1744.84914861
2068	-65.96476288252245	1745.53531973
2069	-65.96476288252245	1746.199745807
2070	-65.96476288252245	1747.027436468
2071	-65.96476288252245	1747.644340308
2072	-65.96476288252245	1748.232219967
2073	-65.96476288252245	1748.85505785
2074	-65.96476288252245	1749.39607385
2075	-65.96476288252245	1750.089941493
2076	-65.96476288252245	1751.051527302
2077	-65.96476288252245	1751.793641902
2078	-65.96476288252245	1752.498549989
2079	-65.96476288252245	1753.381942936
2080	-65.96476288252245	1754.245942904
2081	-65.96476288252245	1754.821213506
2082	-65.96476288252245	1755.433788408
2083	-65.96476288252245	1756.058923331
2084	-65.96476288252245	1756.710406785
2085	-65.96476288252245	1757.482447618
2086	-65.96476288252245	1758.192148213
2087	-65.96476288252245	1758.883436568
2088	-65.96476288252245	1759.687452638
2089	-65.96476288252245	1760.936105975
2090	-65.96476288252245	1761.773205461
2091	-65.96476288252245	1762.563023335
2092	-65.96476288252245	1763.428794621
2093	-65.96476288252245	1764.316012736
2094	-65.96476288252245	1765.181496643
2095	-65.96476288252245	1765.952317254
2096	-65.96476288252245	1766.635425559
2097	-65.96476288252245	1767.341313815
2098	-65.96476288252245	1768.177274332
2099	-65.96476288252245	1769.100351869
2100	-65.96476288252245	1769.919465623
2101	-65.96476288252245	1770.957574473
2102	-65.96476288252245	1771.680681831
2103	-65.96476288252245	1772.288594801
2104	-65.96476288252245	1773.027436468
2105	-65.96476288252245	1773.535137837
2106	-65.96476288252245	1774.024243078
2107	-65.96476288252245	1774.506276162
2108	-65.96476288252245	1775.091657501
2109	-65.96476288252245	1775.819701057
2110	-65.96476288252245	1776.508488242
2111	-65.96476288252245	1777.098014346
2112	-65.96476288252245	1777.946103529
2113	-65.96476288252245	1779.090798214
2114	-65.96476288252245	1780.107963718
2115	-65.96476288252245	1780.809055759
2116	-65.96476288252245	1781.533314346
2117	-65.96476288252245	1782.177096431
2118	-65.96476288252245	1782.798269908
2119	-65.96476288252245	1783.683432178
2120	-65.96476288252245	1784.483066282
2121	-65.96476288252245	1785.350700687
2122	-65.96476288252245	1786.250615671
2123	-65.96476288252245	1787.050651479
2124	-65.96476288252245	1787.633542197
2125	-65.96476288252245	1788.30570414
2126	-65.96476288252245	1788.98998249
2127	-65.96476288252245	1789.701182704
2128	-65.96476288252245	1790.873110295
2129	-65.96476288252245	1792.093268309
2130	-65.96476288252245	1793.101237671
2131	-65.96476288252245	1793.787224332
2132	-65.96476288252245	1794.731954255
2133	-65.96476288252245	1795.742793705
2134	-65.96476288252245	1796.478126093
2135	-65.96476288252245	1797.152819426
2136	-65.96476288252245	1798.334122202
2137	-65.96476288252245	1799.095963061
2138	-65.96476288252245	1800.187172957
2139	-65.96476288252245	1800.829298333
2140	-65.96476288252245	1801.574205473
2141	-65.96476288252245	1802.301451324
2142	-65.96476288252245	1803.190677959
2143	-65.96476288252245	1804.124614333
2144	-65.96476288252245	1805.194818447
2145	-65.96476288252245	1806.185535635
2146	-65.96476288252245	1807.016100946
2147	-65.96476288252245	1807.673595134
2148	-65.96476288252245	1808.565217454
2149	-65.96476288252245	1809.315378962
2150	-65.96476288252245	1810.167495449
2151	-65.96476288252245	1811.232540132
2152	-65.96476288252245	1812.20627428
2153	-65.96476288252245	1813.248920474
2154	-65.96476288252245	1814.014921778
2155	-65.96476288252245	1814.896480401
2156	-65.96476288252245	1815.545212082
2157	-65.96476288252245	1816.425490042
2158	-65.96476288252245	1817.082814597
2159	-65.96476288252245	1817.905354096
2160	-65.96476288252245	1818.694280181
2161	-65.96476288252245	1819.67122853
2162	-65.96476288252245	1820.797511546
2163	-65.96476288252245	1821.637866573
2164	-65.96476288252245	1822.664005557
2165	-65.96476288252245	1823.667736072
2166	-65.96476288252245	1824.587393281
2167	-65.96476288252245	1825.612655016
2168	-65.96476288252245	1826.306018034
2169	-65.96476288252245	1827.028059408
2170	-65.96476288252245	1827.661628974
2171	-65.96476288252245	1828.473714762
2172	-65.96476288252245	1829.74498982
2173	-65.96476288252245	1830.537895881
2174	-65.96476288252245	1831.405380895
2175	-65.96476288252245	1832.241021817
2176	-65.96476288252245	1833.057710807
2177	-65.96476288252245	1833.950003678
2178	-65.96476288252245	1835.600589071
2179	-65.96476288252245	1836.90199934
2180	-65.96476288252245	1837.865813481
2181	-65.96476288252245	1838.680601433
2182	-65.96476288252245	1839.451226466
2183	-65.96476288252245	1840.130554363
2184	-65.96476288252245	1841.061553651
2185	-65.96476288252245	1841.815666627
2186	-65.96476288252245	1842.716580596
2187	-65.96476288252245	1843.372937241
2188	-65.96476288252245	1844.317552269
2189	-65.96476288252245	1845.166020919
2190	-65.96476288252245	1846.023350149
2191	-65.96476288252245	1847.083433831
2192	-65.96476288252245	1847.91789701
2193	-65.96476288252245	1849.095111186
2194	-65.96476288252245	1850.878971638
2195	-65.96476288252245	1851.691818639
2196	-65.96476288252245	1852.438815838
2197	-65.96476288252245	1853.110168385
2198	-65.96476288252245	1853.787836723
2199	-65.96476288252245	1854.470138199
2200	-65.96476288252245	1855.191998251
2201	-65.96476288252245	1855.917509846
2202	-65.96476288252245	1856.798690143
2203	-65.96476288252245	1857.445046668
2204	-65.96476288252245	1858.341248812
2205	-65.96476288252245	1859.053421783
2206	-65.96476288252245	1859.734128132
2207	-65.96476288252245	1860.791552129
2208	-65.96476288252245	1861.639612517
2209	-65.96476288252245	1862.608294432
2210	-65.96476288252245	1863.455591326
2211	-65.96476288252245	1864.419148023
2212	-65.96476288252245	1865.192013076
2213	-65.96476288252245	1865.898543089
2214	-65.96476288252245	1866.767575333
2215	-65.96476288252245	1867.630028071
2216	-65.96476288252245	1868.527626628
2217	-65.96476288252245	1869.286094771
2218	-65.96476288252245	1870.059263739
2219	-65.96476288252245	1870.939709052
2220	-65.96476288252245	1871.747608165
2221	-65.96476288252245	1872.476578292
2222	-65.96476288252245	1873.306279469
2223	-65.96476288252245	1873.941140532
2224	-65.96476288252245	1874.956235934
2225	-65.96476288252245	1875.833809449
2226	-65.96476288252245	1876.4297172
2227	-65.96476288252245	1877.223017268
2228	-65.96476288252245	1877.794994695
2229	-65.96476288252245	1878.573922085
2230	-65.96476288252245	1879.527318437
2231	-65.96476288252245	1880.346496338
2232	-65.96476288252245	1881.055004935
2233	-65.96476288252245	1881.624154469
2234	-65.96476288252245	1882.270810633
2235	-65.96476288252245	1882.862845604
2236	-65.96476288252245	1883.690850729
2237	-65.96476288252245	1884.555577984
2238	-65.96476288252245	1885.361422107
2239	-65.96476288252245	1886.584787479
2240	-65.96476288252245	1887.47540226
2241	-65.96476288252245	1888.174140243
2242	-65.96476288252245	1888.999164376
2243	-65.96476288252245	1890.409822162
2244	-65.96476288252245	1891.211887872
2245	-65.96476288252245	1891.798557858
2246	-65.96476288252245	1892.497411305
2247	-65.96476288252245	1893.272760708
2248	-65.96476288252245	1894.022618586
2249	-65.96476288252245	1894.792275139
2250	-65.96476288252245	1895.459370594
2251	-65.96476288252245	1896.137826944
2252	-65.96476288252245	1896.898377162
2253	-65.96476288252245	1897.552671403
2254	-65.96476288252245	1898.257248206
2255	-65.96476288252245	1898.928163697
2256	-65.96476288252245	1899.742996125
2257	-65.96476288252245	1900.661470174
2258	-65.96476288252245	1901.84393045
2259	-65.96476288252245	1902.617486582
2260	-65.96476288252245	1903.512540349
2261	-65.96476288252245	1904.427476895
2262	-65.96476288252245	1905.513553019
2263	-65.96476288252245	1906.421558817
2264	-65.96476288252245	1907.232956091
2265	-65.96476288252245	1907.887809126
2266	-65.96476288252245	1908.584797458
2267	-65.96476288252245	1909.135303251
2268	-65.96476288252245	1909.9279111
2269	-65.96476288252245	1910.834369382
2270	-65.96476288252245	1911.408613914
2271	-65.96476288252245	1911.970523938
2272	-65.96476288252245	1912.554279074
2273	-65.96476288252245	1913.091359288
2274	-65.96476288252245	1913.506015582
2275	-65.96476288252245	1914.000296218
2276	-65.96476288252245	1914.6338387
2277	-65.96476288252245	1915.124588674
2278	-65.96476288252245	1915.920097117
2279	-65.96476288252245	1916.666388981
2280	-65.96476288252245	1917.477574427
2281	-65.96476288252245	1918.325487704
2282	-65.96476288252245	1919.279030027
2283	-65.96476288252245	1920.056718949
2284	-65.96476288252245	1920.981638223
2285	-65.96476288252245	1921.808588483
2286	-65.96476288252245	1922.571438021
2287	-65.96476288252245	1923.237755442
2288	-65.96476288252245	1924.037133242
2289	-65.96476288252245	1924.87536229
2290	-65.96476288252245	1925.609926052
2291	-65.96476288252245	1926.451181991
2292	-65.96476288252245	1927.333672886
2293	-65.96476288252245	1928.077775764
2294	-65.96476288252245	1928.941139392
2295	-65.96476288252245	1929.897035203
2296	-65.96476288252245	1931.0287713
2297	-65.96476288252245	1932.275996292
2298	-65.96476288252245	1933.143600477
2299	-65.96476288252245	1934.058842363
2300	-65.96476288252245	1935.588006528
2301	-65.96476288252245	1936.313057974
2302	-65.96476288252245	1936.931390729
2303	-65.96476288252245	1937.849812605
2304	-65.96476288252245	1938.622866108
2305	-65.96476288252245	1939.541458759
2306	-65.96476288252245	1940.331376702
2307	-65.96476288252245	1941.028618202
2308	-65.96476288252245	1941.594824377
2309	-65.96476288252245	1942.350376245
2310	-65.96476288252245	1943.25581473
2311	-65.96476288252245	1944.002791971
2312	-65.96476288252245	1944.800781912
2313	-65.96476288252245	1945.890005241
2314	-65.96476288252245	1947.038655384
2315	-65.96476288252245	1948.055987385
2316	-65.96476288252245	1949.018804251
2317	-65.96476288252245	1949.7619147
2318	-65.96476288252245	1950.498563959
2319	-65.96476288252245	1951.326647201
2320	-65.96476288252245	1951.939696792
2321	-65.96476288252245	1952.384251095
2322	-65.96476288252245	1953.071483066
2323	-65.96476288252245	1953.699974456
2324	-65.96476288252245	1954.568488961
2325	-65.96476288252245	1955.463210017
2326	-65.96476288252245	1956.136373512
2327	-65.96476288252245	1956.878799154
2328	-65.96476288252245	1957.515875718
2329	-65.96476288252245	1958.164948378
2330	-65.96476288252245	1958.79031423
2331	-65.96476288252245	1959.605877081
2332	-65.96476288252245	1960.113898046
2333	-65.96476288252245	1960.999487393
2334	-65.96476288252245	1962.009375754
2335	-65.96476288252245	1962.819427078
2336	-65.96476288252245	1963.639407246
2337	-65.96476288252245	1964.366600353
2338	-65.96476288252245	1965.140475796
2339	-65.96476288252245	1966.019084788
2340	-65.96476288252245	1966.651897988
2341	-65.96476288252245	1967.644440663
2342	-65.96476288252245	1968.574125931
2343	-65.96476288252245	1969.272787222
2344	-65.96476288252245	1969.903540298
2345	-65.96476288252245	1970.493283647
2346	-65.96476288252245	1971.290292278
2347	-65.96476288252245	1972.166785268
2348	-65.96476288252245	1973.669301834
2349	-65.96476288252245	1974.559321329
2350	-65.96476288252245	1975.396368642
2351	-65.96476288252245	1976.163569641
2352	-65.96476288252245	1977.13607986
2353	-65.96476288252245	1977.929483419
2354	-65.96476288252245	1978.711684312
2355	-65.96476288252245	1979.483692644
2356	-65.96476288252245	1980.464754682
2357	-65.96476288252245	1981.431508189
2358	-65.96476288252245	1982.725085943
2359	-65.96476288252245	1983.793427223
2360	-65.96476288252245	1984.451695454
2361	-65.96476288252245	1985.204053647
2362	-65.96476288252245	1985.998759251
2363	-65.96476288252245	1986.537671509
2364	-65.96476288252245	1987.141294029
2365	-65.96476288252245	1987.867952861
2366	-65.96476288252245	1988.948265432
2367	-65.96476288252245	1992.00879843
2368	-65.96476288252245	1992.839945626
2369	-65.96476288252245	1993.934769148
2370	-65.96476288252245	1994.653643076
2371	-65.96476288252245	1995.356102166
2372	-65.96476288252245	1996.244720686
2373	-65.96476288252245	1997.013447248
2374	-65.96476288252245	1997.820308888
2375	-65.96476288252245	1998.648096767
2376	-65.96476288252245	1999.391728092
2377	-65.96476288252245	2000.490932438
2378	-65.96476288252245	2001.395994308
2379	-65.96476288252245	2002.138325867
2380	-65.96476288252245	2002.757291256
2381	-65.96476288253211	2003.343928454
2382	-65.96476288253211	2003.873218348
2383	-65.96476288253211	2004.495904559
2384	-65.96476288253211	2005.301762081
2385	-65.96476288253211	2005.928423422
2386	-65.96476288253211	2006.567111364
2387	-65.96476288253211	2007.234384435
2388	-65.96476288253211	2008.048682303
2389	-65.96476288253211	2008.675993099
2390	-65.96476288253211	2009.229678312
2391	-65.96476288253211	2009.937850494
2392	-65.96476288253211	2010.830578996
2393	-65.96476288253211	2011.795395543
2394	-65.96476288253211	2012.521916958
2395	-65.96476288253211	2013.595554514
2396	-65.96476288253211	2014.515921619
2397	-65.96476288253211	2015.191975158
2398	-65.96476288253211	2015.771389668
2399	-65.96476288253211	2016.280736057
2400	-65.96476288253211	2016.985166318
2401	-65.96476288253211	2017.534382041
2402	-65.96476288253211	2018.130817224
2403	-65.96476288253211	2018.922999991
2404	-65.96476288253211	2019.73094415
2405	-65.96476288253211	2020.694697565
2406	-65.96476288253211	2021.236556032
2407	-65.96476288253211	2021.665937955
2408	-65.96476288253211	2022.056874897
2409	-65.96476288253211	2022.660707821
2410	-65.96476288253211	2023.319277686
2411	-65.96476288253211	2024.140435597
2412	-65.96476288253211	2024.783212994
2413	-65.96476288253211	2025.345641042
2414	-65.96476288253211	2025.843532737
2415	-65.96476288253211	2026.627020566
2416	-65.96476288253211	2027.278874933
2417	-65.96476288253211	2028.17765893
2418	-65.96476288253211	2029.508839769
2419	-65.96476288253211	2030.373964166
2420	-65.96476288253211	2031.370358523
2421	-65.96476288253211	2032.091556861
2422	-65.96476288253211	2033.111339571
2423	-65.96476288253211	2033.890261829
2424	-65.96476288253211	2034.76856263
2425	-65.96476288253211	2035.480138604
2426	-65.96476288253211	2036.123207657
2427	-65.96476288253211	2036.92022199
2428	-65.96476288253211	2037.697136299
2429	-65.96476288253211	2038.64892726
2430	-65.96476288253211	2039.563764021
2431	-65.96476288253211	2040.341185806
2432	-65.96476288253211	2041.190965909
2433	-65.96476288253211	2041.991858439
2434	-65.96476288253211	2042.959432745
2435	-65.96476288253211	2043.727292607
2436	-65.96476288253211	2045.000339268
2437	-65.96476288253211	2045.655776755
2438	-65.96476288253211	2046.156673675
2439	-65.96476288253211	2046.686078748
2440	-65.96476288253211	2047.210046705
2441	-65.96476288253211	2047.870435785
2442	-65.96476288253211	2048.650248977
2443	-65.96476288253211	2049.269459265
2444	-65.96476288253211	2050.156595843
2445	-65.96476288253211	2050.882276787
2446	-65.96476288253211	2051.679422835
2447	-65.96476288253211	2052.782621129
2448	-65.96476288253211	2053.669733758
2449	-65.96476288253211	2054.724238915
2450	-65.96476288253211	2055.656903179
2451	-65.96476288253211	2056.520194962
2452	-65.96476288253211	2057.451004945
2453	-65.96476288253211	2058.234432902
2454	-65.96476288253211	2059.019243873
2455	-65.96476288253211	2059.714206009
2456	-65.96476288253211	2060.4449791
2457	-65.96476288253211	2061.361306357
2458	-65.96476288253211	2062.271795078
2459	-65.96476288253211	2062.980760404
2460	-65.96476288253211	2063.75614687
2461	-65.96476288253211	2064.621402982
2462	-65.96476288253211	2065.366062942
2463	-65.96476288253211	2066.103263011
2464	-65.96476288253211	2066.906931547
2465	-65.96476288253211	2067.711677184
2466	-65.96476288253211	2068.423171905
2467	-65.96476288253211	2069.021826012
2468	-65.96476288253211	2069.63139797
2469	-65.96476288253211	2070.37743068
2470	-65.96476288253211	2071.172765212
2471	-65.96476288253211	2071.97246603
2472	-65.96476288253211	2072.702807196
2473	-65.96476288253211	2073.467339956
2474	-65.96476288253211	2074.158908848
2475	-65.96476288253211	2074.961364574
2476	-65.96476288253211	2075.802547243
2477	-65.96476288253211	2076.487258657
2478	-65.96476288253211	2077.260279945
2479	-65.96476288253211	2078.126868323
2480	-65.96476288253211	2078.878733296
2481	-65.96476288253211	2079.795482214
2482	-65.96476288253211	2080.451999939
2483	-65.96476288253211	2081.037915268
2484	-65.96476288253211	2081.685780535
2485	-65.96476288253211	2082.32310542
2486	-65.96476288253211	2083.138235776
2487	-65.96476288253211	2084.360488124
2488	-65.96476288253211	2085.343130748
2489	-65.96476288253211	2086.078506756
2490	-65.96476288253211	2086.751429628
2491	-65.96476288253211	2087.523858195
2492	-65.96476288253211	2088.197733865
2493	-65.96476288253211	2088.85144508
2494	-65.96476288253211	2089.587612522
2495	-65.96476288253211	2090.506054355
2496	-65.96476288253211	2091.33476681
2497	-65.96476288253211	2091.883215046
2498	-65.96476288253211	2092.680610556
2499	-65.96476288253211	2093.374645552
2500	-65.96476288253211	2094.104389721
2501	-65.96476288253211	2094.743598253
