1	-69.78992310509712	2.16718621
2	-69.78992310509712	3.991268309
3	-69.78992310509712	5.555179828
4	-69.78992310509712	7.193856256
5	-69.79601280735224	8.386041839
6	-70.03025345033163	9.178464965
7	-70.03025345033163	9.701612342
8	-70.03025345033163	10.321266188
9	-70.03025345033163	10.892637007
10	-70.03025345033163	11.652547862
11	-70.03025345033163	12.578476312
12	-70.03025345033163	13.620429597
13	-70.03025345033163	14.828775665
14	-70.03025345033163	16.249883965
15	-70.03025345033163	17.347056707
16	-70.03025345033163	18.604529406
17	-70.03025345033163	19.474492583
18	-70.03025345033163	20.6930232
19	-70.03025345033163	21.893143911
20	-70.03025345033163	23.059983156
21	-70.03025345033163	24.050450626
22	-70.03025345033163	25.110124736
23	-70.03025345033163	26.018792508
24	-70.03025345033163	27.06850245
25	-70.03025345033163	28.429837711
26	-70.03025345033163	32.549749285
27	-70.03025345033163	34.818089058
28	-70.03025345033163	35.994324273
29	-70.03025345033163	37.071920772
30	-70.03025345033163	38.182450062
31	-70.03025345033163	39.115640809
32	-70.03025345033163	40.153313065
33	-70.03025345033163	41.347404812
34	-70.03025345033163	42.484037943
35	-70.03025345033163	43.649242438
36	-70.03025345033163	45.012532045
37	-70.03025345033163	46.53992852
38	-70.03025345033163	48.035638653
39	-70.03025345033163	49.395422127
40	-70.03025345033163	50.800592604
41	-70.03025345033163	52.038909581
42	-70.03025345033163	52.935733249
43	-70.03025345033163	53.781225054
44	-70.03025345033163	55.364980807
45	-70.03025345033163	56.385803212
46	-70.03025345033163	57.402896822
47	-70.03025345033163	58.190850185
48	-70.03025345033163	59.559178325
49	-70.03025345033163	60.767437723
50	-70.03025345033163	61.858103963
51	-70.03025345033163	63.164309288
52	-70.03025345033163	64.230468803
53	-70.03025345033163	65.600337328
54	-70.03025345033163	66.777430972
55	-70.03025345033163	67.776335626
56	-70.03025345033163	68.790545757
57	-70.03025345033163	70.044944816
58	-70.03025345033163	71.020049219
59	-70.03025345033163	72.037147961
60	-70.03025345033163	72.750936261
61	-70.03025345033163	73.757247757
62	-70.03025345033163	74.741725891
63	-70.03025345033163	75.949707034
64	-70.03025345033163	77.15061661
65	-70.03025345033163	78.385547764
66	-70.03025345033163	79.391054999
67	-70.03025345033163	80.438260641
68	-70.03025345033163	81.308570212
69	-70.03025345033163	82.133587432
70	-70.03025345033163	83.710278176
71	-70.03025345033163	84.972930817
72	-70.03025345033163	85.850901251
73	-70.03025345033163	86.687537633
74	-70.03025345033163	87.755782924
75	-70.03025345033163	88.839898756
76	-70.03025345033163	89.834495867
77	-70.03025345033163	90.88336534
78	-70.03025345033163	92.010691168
79	-70.03025345033163	92.933308777
80	-70.03025345033163	93.827978531
81	-70.03025345033163	95.082520139
82	-70.03025345033163	96.239956289
83	-70.03025345033163	97.413680647
84	-70.03025345033163	98.411528444
85	-70.03025345033163	99.241434236
86	-70.03025345033163	100.374637641
87	-70.03025345033163	101.193623331
88	-70.03025345033163	102.176616676
89	-70.03025345033163	103.232103554
90	-70.03025345033163	104.692421644
91	-70.03025345033163	105.955909622
92	-70.03025345033163	107.506648766
93	-70.03025345033163	108.908936049
94	-70.03025345033163	110.160110082
95	-70.03025345033163	111.022767342
96	-70.03025345033163	111.851433529
97	-70.03025345033163	112.832929825
98	-70.03025345033163	113.706843602
99	-70.03025345033163	114.997342033
100	-70.03025345033163	116.234675422
101	-70.03025345033163	117.057586624
102	-70.03025345033163	118.074306471
103	-70.03025345033163	119.163439739
104	-70.03025345033163	120.229940802
105	-70.03025345033163	121.040938337
106	-70.03025345033163	122.17793953
107	-70.03025345033163	123.285427111
108	-70.03025345033163	124.227152546
109	-70.03025345033163	125.204899235
110	-70.03025345033163	126.247241679
111	-70.03025345033163	127.212264452
112	-70.03025345033163	128.006574071
113	-70.03025345033163	128.705273283
114	-70.03025345033163	129.471642745
115	-70.03025345033163	130.321512512
116	-70.03025345033163	131.125382601
117	-70.03025345033163	132.175942419
118	-70.03025345033163	133.353033783
119	-70.03025345033163	134.557960387
120	-70.03025345033163	135.571393342
121	-70.03025345033163	136.717395643
122	-70.03025345033163	137.834649535
123	-70.03025345033163	138.833784548
124	-70.03025345033163	140.317752927
125	-70.03025345033163	143.463513751
126	-70.03025345033163	144.520046653
127	-70.03025345033163	145.621913531
128	-70.03025345033163	146.867578904
129	-70.03025345033163	147.7861256
130	-70.03025345033163	148.563226999
131	-70.03025345033163	149.785517487
132	-70.03025345033163	150.939006457
133	-70.03025345033163	152.326846978
134	-70.03025345033163	153.571721489
135	-70.03025345033163	154.966499295
136	-70.03025345033163	156.3402155
137	-70.03025345033163	157.570135205
138	-70.03025345033163	158.528529739
139	-70.03025345033163	159.710037553
140	-70.03025345033163	160.931871314
141	-70.03025345033163	162.201159037
142	-70.03025345033163	163.311996232
143	-70.03025345033163	164.583286767
144	-70.03025345033163	165.807367099
145	-70.03025345033163	167.003291454
146	-70.03025345033163	168.282034447
147	-70.03025345033163	169.646890096
148	-70.03025345033163	170.648221503
149	-70.03025345033163	171.923156443
150	-70.03025345033163	173.026299419
151	-70.03025345033163	173.944258814
152	-70.03025345033163	174.784596621
153	-70.03025345033163	175.8876056
154	-70.03025345033163	176.681999323
155	-70.03025345033163	177.581310754
156	-70.03025345033163	178.790071354
157	-70.03025345033163	180.198230227
158	-70.03025345033163	181.498545431
159	-70.03025345033163	182.479505458
160	-70.03025345033163	183.176990154
161	-70.03025345033163	183.919377472
162	-70.03025345033163	184.87393687
163	-70.03025345033163	186.186344499
164	-70.03025345033163	187.142930943
165	-70.03025345036863	187.746856511
166	-70.03025345036863	188.398055576
167	-70.03025345036863	189.107125507
168	-70.03025345036863	189.980136094
169	-70.03025345036863	190.702725934
170	-70.03025345036863	191.749838064
171	-70.03025345036863	192.56755621
172	-70.03025345036863	193.412019952
173	-70.03025345036863	194.267264954
174	-70.03025345036863	195.482948299
175	-70.03025345036863	196.413790695
176	-70.03025345036863	197.56927649
177	-70.03025345036863	198.765626782
178	-70.03025345036863	199.965227759
179	-70.03025345036863	201.069230019
180	-70.03025345036863	202.20817786
181	-70.03025345036863	203.521752964
182	-70.03025345036863	204.775313836
183	-70.03025345036863	206.700228477
184	-70.03025345036863	208.333834155
185	-70.03025345036863	209.911318041
186	-70.03025345036863	211.154092522
187	-70.03025345036863	212.22021355
188	-70.03025345036863	213.574634048
189	-70.03025345036863	215.013513352
190	-70.03025345036863	216.484007153
191	-70.03025345036863	217.642728523
192	-70.03025345036863	218.686677778
193	-70.03025345036863	220.007996139
194	-70.03025345036863	221.235870837
195	-70.03025345036863	222.463722728
196	-70.03025345036863	223.688829981
197	-70.03025345036863	224.687197511
198	-70.03025345036863	225.88428364
199	-70.03025345036863	227.045352221
200	-70.03025345036863	228.111528843
201	-70.03025345036863	229.136600915
202	-70.03025345036863	230.127673933
203	-70.03025345036863	230.848010359
204	-70.03025345036863	231.998260333
205	-70.03025345036863	232.841432582
206	-70.03025345036863	233.630450215
207	-70.03025345036863	234.732602476
208	-70.03025345036863	235.565096956
209	-70.03025345036863	236.503578833
210	-70.03025345036863	237.35408779
211	-70.03025345036863	238.318899591
212	-70.03025345036863	239.43298291
213	-70.03025345036863	240.659042676
214	-70.03025345036863	242.1437238
215	-70.03025345036863	243.530553649
216	-70.03025345036863	244.623783773
217	-70.03025345036863	245.574789997
218	-70.03025345036863	246.594128182
219	-70.03025345036863	247.696553852
220	-70.03025345036863	248.508846585
221	-70.03025345036863	250.528443925
222	-70.03025345036863	252.094157832
223	-70.03025345036863	253.433873841
224	-70.03025345036863	254.965715846
225	-70.03025345036863	256.525641983
226	-70.03025345036863	257.727827087
227	-70.03025345036863	258.66692449
228	-70.03025345036863	259.835952717
229	-70.03025345036863	260.919150819
230	-70.03025345036863	262.352686249
231	-70.03025345036863	263.494852844
232	-70.03025345036863	264.585431843
233	-70.03025345036863	265.768991792
234	-70.03025345036863	266.633280381
235	-70.03025345036863	267.431437965
236	-70.03025345036863	268.120490608
237	-70.03025345036863	269.28316657
238	-70.03025345036863	270.148830187
239	-70.03025345036863	270.838907756
240	-70.03025345036863	271.766716426
241	-70.03025345036863	272.581686798
242	-70.03025345036863	273.419057307
243	-70.03025345036863	274.31204698
244	-70.03025345036863	275.365388212
245	-70.03025345036863	276.267619331
246	-70.03025345036863	277.230949763
247	-70.03025345036863	278.367927008
248	-70.03025345036863	279.335551584
249	-70.03025345036863	280.417174521
250	-70.03025345036863	281.925488259
251	-70.03025345036863	283.440751256
252	-70.03025345036863	285.200465964
253	-70.03025345036863	286.571518499
254	-70.03025345036863	287.708654544
255	-70.03025345036863	289.173673896
256	-70.03025345036863	290.838021672
257	-70.03025345036863	292.567088649
258	-70.03025345036863	293.860457445
259	-70.03025345036863	295.340661963
260	-70.03025345036863	296.64878172
261	-70.03025345036863	298.25374476
262	-70.03025345036863	299.276595065
263	-70.03025345036863	300.254410748
264	-70.03025345036863	301.297566861
265	-70.03025345036863	302.205845475
266	-70.03025345036863	303.293809557
267	-70.03025345036863	304.372704107
268	-70.03025345036863	305.403937429
269	-70.03025345036863	306.586894965
270	-70.03025345036863	307.569720102
271	-70.03025345036863	308.863244847
272	-70.03025345036863	310.132473269
273	-70.03025345036863	311.23034165
274	-70.03025345036863	312.296438159
275	-70.03025345036863	313.447490683
276	-70.03025345036863	314.201517405
277	-70.03025345036863	315.11133127
278	-70.03025345036863	316.148951068
279	-70.03025345036863	317.105450272
280	-70.03025345036863	318.132432785
281	-70.03025345036863	319.475878729
282	-70.03025345036863	320.314821552
283	-70.03025345036863	321.737114719
284	-70.03025345036863	322.809708892
285	-70.03025345036863	325.025566717
286	-70.03025345036863	326.50416813
287	-70.03025345036863	328.477626093
288	-70.03025345036863	330.423000495
289	-70.03025345036863	331.658176834
290	-70.03025345041426	332.337650475
291	-70.03025345041426	332.840025339
292	-70.03025345041426	333.568314855
293	-70.03025345041426	334.365727764
294	-70.03025345041426	335.188800616
295	-70.03025345041426	336.533697992
296	-70.03025345041426	339.294005704
297	-70.03025345041426	340.154528437
298	-70.03025345041426	341.120370867
299	-70.03025345041426	342.315580767
300	-70.03025345041426	344.683101511
301	-70.03025345041426	345.867708623
302	-70.03025345041426	346.861542527
303	-70.03025345041426	348.118561636
304	-70.03025345041426	349.190160818
305	-70.03025345041426	350.242785029
306	-70.03025345041426	351.421884622
307	-70.03025345041426	352.714126426
308	-70.03025345041426	353.639250615
309	-70.03025345041426	354.628106711
310	-70.03025345041426	356.267014923
311	-70.03025345041426	357.463157949
312	-70.03025345041426	358.490317793
313	-70.03025345041426	359.905124861
314	-70.03025345041426	360.864243829
315	-70.03025345041426	361.840637159
316	-70.03025345041426	362.863265659
317	-70.03025345041426	363.821782785
318	-70.03025345041426	364.752529673
319	-70.03025345041426	365.816498212
320	-70.03025345041426	366.808742411
321	-70.03025345041426	367.692716435
322	-70.03025345041426	368.724056098
323	-70.03025345041426	369.846539825
324	-70.03025345041426	370.677045178
325	-70.03025345041426	371.78030875
326	-70.03025345041426	372.989794353
327	-70.03025345041426	374.453391638
328	-70.03025345041426	375.486518294
329	-70.03025345041426	376.719272442
330	-70.03025345041426	377.778425678
331	-70.03025345041426	379.086006601
332	-70.03025345041426	380.705847756
333	-70.03025345041426	382.02273313
334	-70.03025345041426	383.150037006
335	-70.03025345041426	384.119598822
336	-70.03025345041426	385.173194932
337	-70.03025345041426	386.40781533
338	-70.03025345041426	387.535026548
339	-70.03025345041426	388.436231315
340	-70.03025345041426	389.811923247
341	-70.03025345041426	391.50601813
342	-70.03025345041426	392.641608089
343	-70.03025345041426	393.824920572
344	-70.03025345041426	394.84655636
345	-70.03025345041426	396.347096906
346	-70.03025345041426	397.566677538
347	-70.03025345041426	398.570046539
348	-70.03025345041426	399.891574447
349	-70.03025345041426	400.647446607
350	-70.03025345041426	401.477362093
351	-70.03025345041426	402.230987682
352	-70.03025345041426	402.945015749
353	-70.03025345041426	403.6833906
354	-70.03025345041426	404.659608025
355	-70.03025345041426	405.890967189
356	-70.03025345041851	406.636828138
357	-70.03025345041851	407.163682358
358	-70.03025345041851	407.635435721
359	-70.03025345041851	408.159395342
360	-70.03025345041851	408.940747264
361	-70.03025345041851	409.793334014
362	-70.03025345041851	410.853176332
363	-70.03025345041851	411.988383974
364	-70.03025345041851	412.937312406
365	-70.03025345041851	413.830972628
366	-70.03025345041851	414.952588802
367	-70.03025345041851	416.065132593
368	-70.03025345041851	417.265116742
369	-70.03025345041851	418.260414623
370	-70.03025345041851	419.217196359
371	-70.03025345041851	420.179412915
372	-70.03025345041851	421.194641415
373	-70.03025345041851	422.378800069
374	-70.03025345041851	423.635252688
375	-70.03025345041851	424.77953756
376	-70.03025345041851	425.800028681
377	-70.03025345041851	426.788844578
378	-70.03025345041851	427.994745647
379	-70.03025345041851	429.282984963
380	-70.03025345041851	431.785312787
381	-70.03025345041851	433.6860728
382	-70.03025345041851	436.55499537
383	-70.03025345041851	438.815738426
384	-70.03025345041851	441.481816176
385	-70.03025345041851	443.622227139
386	-70.03025345041851	445.924060204
387	-70.03025345041851	448.025580402
388	-70.03025345041851	449.821527052
389	-70.03025345041851	451.349589231
390	-70.03025345041851	452.866495817
391	-70.03025345041851	454.478835193
392	-70.03025345041851	455.518363721
393	-70.03025345041851	456.928785985
394	-70.03025345041851	457.742269858
395	-70.03025345041851	458.617851457
396	-70.03025345041851	459.489312253
397	-70.03025345041851	460.477303362
398	-70.03025345041851	461.77672621
399	-70.03025345041851	463.013272159
400	-70.03025345041851	464.018056671
401	-70.03025345041851	465.310639737
402	-70.03025345041851	466.234370652
403	-70.03025345041851	467.188098991
404	-70.03025345041851	468.262101832
405	-70.03025345041851	469.36740756
406	-70.03025345041851	470.345600427
407	-70.03025345041851	471.159107678
408	-70.03025345041851	472.075013514
409	-70.03025345041851	472.831723861
410	-70.03025345041851	473.855768156
411	-70.03025345041851	474.928716991
412	-70.03025345041851	476.183693089
413	-70.03025345041851	477.296370021
414	-70.03025345041851	478.512010886
415	-70.03025345041851	479.739702837
416	-70.03025345041851	480.756983756
417	-70.03025345041851	481.765132137
418	-70.03025345041851	483.224687875
419	-70.03025345041851	484.774735372
420	-70.03025345041851	485.854021077
421	-70.03025345041851	487.071294127
422	-70.03025345041851	487.924775799
423	-70.03025345041851	488.73726354
424	-70.03025345041851	489.665938337
425	-70.03025345041851	490.639252325
426	-70.03025345041851	491.57230651
427	-70.03025345041851	492.321174101
428	-70.03025345041851	493.244516999
429	-70.03025345041851	494.168050627
430	-70.03025345041851	495.213813104
431	-70.03025345041851	496.013310932
432	-70.03025345041851	497.423082888
433	-70.03025345041851	498.584587099
434	-70.03025345041851	499.548447243
435	-70.03025345041851	500.414330385
436	-70.03025345041851	501.327764137
437	-70.03025345041851	502.20248132
438	-70.03025345041851	503.183461304
439	-70.03025345041851	504.117678403
440	-70.03025345041851	505.432785337
441	-70.03025345041851	506.422140925
442	-70.03025345041851	507.186781554
443	-70.03025345041851	508.051413971
444	-70.03025345041851	509.061177716
445	-70.03025345041851	510.049061629
446	-70.03025345041851	511.095319321
447	-70.03025345041851	512.592365137
448	-70.03025345041851	513.720992722
449	-70.03025345041851	514.84801207
450	-70.03025345041851	515.764499505
451	-70.03025345041851	516.6755946
452	-70.03025345041851	517.62137156
453	-70.03025345041851	518.607763841
454	-70.03025345041851	519.611045032
455	-70.03025345041851	520.757385459
456	-70.03025345041851	521.908401491
457	-70.03025345041851	523.537474968
458	-70.03025345041851	526.184171483
459	-70.03025345041851	527.340859536
460	-70.03025345041851	528.379822145
461	-70.03025345041851	529.345168789
462	-70.03025345041851	530.17740041
463	-70.03025345041851	531.339686643
464	-70.03025345041851	532.931970528
465	-70.03025345041851	533.95591846
466	-70.03025345041851	535.107494709
467	-70.03025345041851	537.185183295
468	-70.03025345041851	538.768925364
469	-70.03025345041851	539.793798723
470	-70.03025345041851	540.729808802
471	-70.03025345041851	541.724299001
472	-70.03025345041851	542.685270535
473	-70.03025345041851	543.620167592
474	-70.03025345041851	544.436438011
475	-70.03025345041851	545.236686787
476	-70.03025345041851	546.01170184
477	-70.03025345041851	546.805573834
478	-70.03025345041851	547.822078146
479	-70.03025345041851	549.155368335
480	-70.03025345041851	550.531257555
481	-70.03025345041851	551.835374824
482	-70.03025345041851	553.116872716
483	-70.03025345041851	554.177341679
484	-70.03025345041851	555.636583239
485	-70.03025345041851	556.912209257
486	-70.03025345041851	557.865315797
487	-70.03025345041851	558.756680982
488	-70.03025345041851	559.995669079
489	-70.03025345041851	561.622482016
490	-70.03025345041851	563.269016025
491	-70.03025345041851	564.228027796
492	-70.03025345041851	565.266877221
493	-70.03025345041851	566.508918715
494	-70.03025345041851	567.759854406
495	-70.03025345041851	568.770204027
496	-70.03025345041851	569.679406643
497	-70.03025345041851	570.690642918
498	-70.03025345041851	572.197633802
499	-70.03025345041851	573.224313256
500	-70.03025345041851	573.966569429
501	-70.03025345041851	575.121703414
502	-70.03025345041851	576.069574703
503	-70.03025345041851	577.201454398
504	-70.03025345041851	578.706537692
505	-70.03025345041851	579.924853061
506	-70.03025345041851	580.86471082
507	-70.03025345041851	581.80993412
508	-70.03025345041851	582.973291181
509	-70.03025345041851	583.930864633
510	-70.03025345041851	585.257536276
511	-70.03025345041851	586.331289087
512	-70.03025345041851	587.42093211
513	-70.03025345041851	588.434950085
514	-70.03025345041851	589.757005139
515	-70.03025345041851	591.178014795
516	-70.03025345041851	592.301125452
517	-70.03025345041851	593.338923436
518	-70.03025345041851	594.180695
519	-70.03025345041851	595.265400129
520	-70.03025345041851	596.192117729
521	-70.03025345041851	597.012644944
522	-70.03025345041851	597.865518502
523	-70.03025345041851	598.886408189
524	-70.03025345041851	599.805118532
525	-70.03025345041851	600.890116457
526	-70.03025345041851	602.027882567
527	-70.03025345041851	604.358230261
528	-70.03025345041851	605.452637269
529	-70.03025345041851	606.414073512
530	-70.03025345041851	607.410433383
531	-70.03025345041851	608.469356261
532	-70.03025345041851	609.471958919
533	-70.03025345041851	610.4970404
534	-70.03025345041851	611.597366323
535	-70.03025345041851	612.515251308
536	-70.03025345041851	613.570296
537	-70.03025345041851	614.882626937
538	-70.03025345041851	615.803606659
539	-70.03025345041851	616.961391483
540	-70.03025345041851	618.050727171
541	-70.03025345041851	619.225438537
542	-70.03025345041851	620.077955723
543	-70.03025345041851	620.898723275
544	-70.03025345041851	621.756910771
545	-70.03025345041851	622.823073993
546	-70.03025345041851	623.688145747
547	-70.03025345041851	624.543231379
548	-70.03025345041851	625.334688878
549	-70.03025345041851	626.886728924
550	-70.03025345041851	627.974261369
551	-70.03025345041851	629.03803205
552	-70.03025345041851	629.898855275
553	-70.03025345041851	630.67339279
554	-70.03025345041851	631.840031612
555	-70.03025345041851	632.94955137
556	-70.03025345041851	633.825257272
557	-70.03025345041851	635.307739722
558	-70.03025345041851	636.405088939
559	-70.03025345041851	637.801704201
560	-70.03025345041851	638.840781419
561	-70.03025345041851	640.061787541
562	-70.03025345041851	641.080655029
563	-70.03025345041851	642.453051516
564	-70.03025345041851	643.432687549
565	-70.03025345041851	644.254983225
566	-70.03025345041851	645.179081917
567	-70.03025345041851	646.433687387
568	-70.03025345041851	647.858790763
569	-70.03025345041851	648.748918624
570	-70.03025345041851	649.680892003
571	-70.03025345041851	650.931892981
572	-70.03025345041851	652.233677009
573	-70.03025345041851	653.504634835
574	-70.03025345041851	654.501088503
575	-70.03025345041851	655.628823732
576	-70.03025345041851	656.890099921
577	-70.03025345041851	658.041505111
578	-70.03025345041851	659.319341492
579	-70.03025345041851	660.147108481
580	-70.03025345041851	661.08291614
581	-70.03025345041851	661.897478823
582	-70.03025345041851	663.03325495
583	-70.03025345041851	664.056881292
584	-70.03025345041851	665.058659162
585	-70.03025345041851	666.02496231
586	-70.03025345041851	666.769816294
587	-70.03025345041851	667.746089883
588	-70.03025345041851	668.6952826
589	-70.03025345041851	669.740872878
590	-70.03025345041851	670.521645197
591	-70.03025345041851	671.501571744
592	-70.03025345041851	672.383140113
593	-70.03025345041851	673.193473655
594	-70.03025345041851	674.588747816
595	-70.03025345041851	675.742448044
596	-70.03025345041851	676.694055254
597	-70.03025345041851	677.74749285
598	-70.03025345041851	679.201309283
599	-70.03025345041851	680.185549076
600	-70.03025345041851	681.143384818
601	-70.03025345041851	681.976255628
602	-70.03025345041851	682.8506937
603	-70.03025345041851	684.416937034
604	-70.03025345041851	685.53434545
605	-70.03025345041851	686.548329783
606	-70.03025345041851	687.43455551
607	-70.03025345041851	688.508260709
608	-70.03025345041851	689.584640127
609	-70.03025345041851	690.792055065
610	-70.03025345041851	691.90302369
611	-70.03025345041851	693.063800046
612	-70.03025345041851	694.519546307
613	-70.03025345041851	695.703378808
614	-70.03025345041851	696.55739903
615	-70.03025345041851	697.504474895
616	-70.03025345041851	698.5242929
617	-70.03025345041851	700.13898918
618	-70.03025345041851	701.458143363
619	-70.03025345041851	702.348948901
620	-70.03025345041851	703.060624056
621	-70.03025345041851	704.003375558
622	-70.03025345041851	704.82970993
623	-70.03025345041851	705.646776057
624	-70.03025345041851	706.379230281
625	-70.03025345041851	707.359238367
626	-70.03025345041851	708.05285229
627	-70.03025345041851	709.367777332
628	-70.03025345041851	710.53584706
629	-70.03025345041851	711.591530941
630	-70.03025345041851	712.477460166
631	-70.03025345041851	713.210365416
632	-70.03025345041851	714.118796556
633	-70.03025345041851	715.06442327
634	-70.03025345041851	716.184838612
635	-70.03025345041851	716.93218207
636	-70.03025345041851	717.885815186
637	-70.03025345041851	718.935841871
638	-70.03025345041851	719.718289424
639	-70.03025345041851	720.414823034
640	-70.03025345041851	721.290596219
641	-70.03025345041851	722.133597695
642	-70.03025345041851	722.675414418
643	-70.03025345041851	723.476204025
644	-70.03025345041851	724.466138647
645	-70.03025345041851	726.77101342
646	-70.03025345041851	727.740487141
647	-70.03025345041851	728.581821079
648	-70.03025345041851	729.461385781
649	-70.03025345041851	730.281888762
650	-70.03025345041851	731.428286779
651	-70.03025345041851	732.351539015
652	-70.03025345041851	733.171305018
653	-70.03025345041851	733.965564459
654	-70.03025345041851	734.79999675
655	-70.03025345041851	735.557545
656	-70.03025345041851	736.477057893
657	-70.03025345041851	737.424738736
658	-70.03025345041851	738.220772056
659	-70.03025345041851	739.205670995
660	-70.03025345041851	740.309629635
661	-70.03025345041851	741.186772715
662	-70.03025345041851	742.351099679
663	-70.03025345041851	743.154874831
664	-70.03025345041851	744.178455557
665	-70.03025345041851	745.064730035
666	-70.03025345041851	745.951373715
667	-70.03025345041851	746.808341848
668	-70.03025345041851	747.922426023
669	-70.03025345041851	748.962153264
670	-70.03025345041851	750.649285488
671	-70.03025345041851	751.850150019
672	-70.03025345041851	752.800639645
673	-70.03025345041851	754.076308998
674	-70.03025345041851	755.221271833
675	-70.03025345041851	756.763786475
676	-70.03025345041851	758.106671916
677	-70.03025345041851	759.270615709
678	-70.03025345041851	760.450974293
679	-70.03025345041851	761.33260909
680	-70.03025345041851	762.360023526
681	-70.03025345041851	763.669911175
682	-70.03025345041851	764.603255304
683	-70.03025345041851	765.555032433
684	-70.03025345041851	766.474502276
685	-70.03025345041851	767.331230072
686	-70.03025345041851	768.213285958
687	-70.03025345041851	768.939685845
688	-70.03025345041851	770.048766268
689	-70.03025345041851	771.211606446
690	-70.03025345041851	772.663461407
691	-70.03025345041851	774.165600781
692	-70.03025345041851	775.675814125
693	-70.03025345041851	776.778673714
694	-70.03025345041851	777.93196283
695	-70.03025345041851	779.076855816
696	-70.03025345041851	780.0102008
697	-70.03025345041851	781.123088134
698	-70.03025345041851	781.867609124
699	-70.03025345041851	782.678486347
700	-70.03025345041851	783.799112662
701	-70.03025345041851	784.749858306
702	-70.03025345041851	785.541525923
703	-70.03025345041851	786.351835517
704	-70.03025345041851	787.294713032
705	-70.03025345041851	788.245153337
706	-70.03025345041851	789.217624291
707	-70.03025345041851	790.667793468
708	-70.03025345041851	791.665949741
709	-70.03025345041851	792.664465521
710	-70.03025345041851	793.62829402
711	-70.03025345041851	794.398760908
712	-70.03025345041851	795.292246366
713	-70.03025345041851	796.120754323
714	-70.03025345041851	796.869036039
715	-70.03025345041851	797.668080562
716	-70.03025345041851	798.538170607
717	-70.03025345041851	799.571089142
718	-70.03025345041851	800.736919997
719	-70.03025345041851	801.781133252
720	-70.03025345041851	802.98146522
721	-70.03025345041851	804.06311125
722	-70.03025345041851	805.313122083
723	-70.03025345041851	806.849424159
724	-70.03025345041851	807.954266318
725	-70.03025345041851	809.000892641
726	-70.03025345041851	810.219639078
727	-70.03025345041851	811.398023075
728	-70.03025345041851	812.369810649
729	-70.03025345041851	813.502297603
730	-70.03025345041851	814.614912954
731	-70.03025345041851	815.534802461
732	-70.03025345041851	816.603124729
733	-70.03025345041851	818.100876733
734	-70.03025345041851	819.254173262
735	-70.03025345041851	820.118569048
736	-70.03025345041851	820.865638813
737	-70.03025345041851	821.822373508
738	-70.03025345041851	822.869329689
739	-70.03025345041851	823.619081654
740	-70.03025345041851	824.696019293
741	-70.03025345041851	825.731062092
742	-70.03025345041851	826.683263731
743	-70.03025345041851	828.031711716
744	-70.03025345041851	829.076743487
745	-70.03025345041851	830.365792766
746	-70.03025345041851	831.44363388
747	-70.03025345041851	832.731480331
748	-70.03025345041851	833.758552365
749	-70.03025345041851	835.316395292
750	-70.03025345041851	836.837529593
751	-70.03025345041851	837.83470798
752	-70.03025345041851	839.010424317
753	-70.03025345041851	839.935509162
754	-70.03025345041851	841.050639645
755	-70.03025345041851	841.846654719
756	-70.03025345041851	842.805821584
757	-70.03025345041851	843.947784049
758	-70.03025345041851	845.034815291
759	-70.03025345041851	846.009998381
760	-70.03025345041851	847.133724849
761	-70.03025345041851	848.170688922
762	-70.03025345041851	849.416543885
763	-70.03025345041851	850.614949447
764	-70.03025345041851	851.529485387
765	-70.03025345041851	852.670887065
766	-70.03025345041851	853.65377863
767	-70.03025345041851	854.359996727
768	-70.03025345041851	855.288273813
769	-70.03025345041851	856.222352924
770	-70.03025345041851	857.356252537
771	-70.03025345041851	858.410922326
772	-70.03025345041851	859.384241161
773	-70.03025345041851	860.364503839
774	-70.03025345041851	861.301067862
775	-70.03025345041851	862.65192977
776	-70.03025345041851	863.594679847
777	-70.03025345041851	865.02602658
778	-70.03025345041851	866.05533036
779	-70.03025345041851	866.975119228
780	-70.03025345041851	868.101261045
781	-70.03025345041851	868.995374573
782	-70.03025345041851	870.184378179
783	-70.03025345041851	871.24750739
784	-70.03025345041851	872.345632929
785	-70.03025345041851	873.457959475
786	-70.03025345041851	874.25269503
787	-70.03025345041851	875.545181733
788	-70.03025345041851	876.679858808
789	-70.03025345041851	877.612267531
790	-70.03025345041851	878.374516759
791	-70.03025345041851	879.768627722
792	-70.03025345041851	880.782360313
793	-70.03025345041851	881.999952674
794	-70.03025345041851	882.870602366
795	-70.03025345041851	883.944044421
796	-70.03025345041851	885.033724221
797	-70.03025345041851	886.008119871
798	-70.03025345041851	886.879837825
799	-70.03025345041851	887.962622535
800	-70.03025345041851	888.942450439
801	-70.03025345041851	890.087080849
802	-70.03025345041851	891.273026781
803	-70.03025345041851	892.518830996
804	-70.03025345041851	893.662795989
805	-70.03025345041851	894.777509944
806	-70.03025345041851	896.103164643
807	-70.03025345041851	897.380893542
808	-70.03025345041851	898.517053411
809	-70.03025345041851	899.707424346
810	-70.03025345041851	900.985987157
811	-70.03025345041851	902.000139698
812	-70.03025345041851	903.043602006
813	-70.03025345041851	903.855920113
814	-70.03025345041851	904.77013988
815	-70.03025345041851	905.826046138
816	-70.03025345041851	906.965171595
817	-70.03025345041851	908.236484653
818	-70.03025345041851	909.632664855
819	-70.03025345041851	910.633658136
820	-70.03025345041851	911.862509294
821	-70.03025345041851	913.24928583
822	-70.03025345041851	914.343788346
823	-70.03025345041851	915.260598512
824	-70.03025345041851	916.361073827
825	-70.03025345041851	917.246934058
826	-70.03025345041851	918.164047283
827	-70.03025345041851	918.911719174
828	-70.03025345041851	920.145586059
829	-70.03025345041851	921.409815291
830	-70.03025345041851	922.255445083
831	-70.03025345041851	923.016209807
832	-70.03025345041851	924.110173488
833	-70.03025345041851	924.908885587
834	-70.03025345041851	926.062577262
835	-70.03025345041851	927.053553915
836	-70.03025345041851	928.14159754
837	-70.03025345041851	929.587885965
838	-70.03025345041851	931.023093779
839	-70.03025345041851	932.11637408
840	-70.03025345041851	933.102869567
841	-70.03025345041851	933.826669362
842	-70.03025345041851	934.663537813
843	-70.03025345041851	935.817750076
844	-70.03025345041851	936.854574452
845	-70.03025345041851	937.726768234
846	-70.03025345041851	938.519282021
847	-70.03025345041851	939.578765971
848	-70.03025345041851	940.700953196
849	-70.03025345041851	941.666401336
850	-70.03025345041851	943.062358306
851	-70.03025345041851	944.069046701
852	-70.03025345041851	945.03402557
853	-70.03025345041851	945.801317608
854	-70.03025345041851	947.148156786
855	-70.03025345041851	948.288712578
856	-70.03025345041851	949.446935312
857	-70.03025345041851	950.71970408
858	-70.03025345041851	951.744088782
859	-70.03025345041851	953.059101064
860	-70.03025345041851	954.189815279
861	-70.03025345041851	955.461487846
862	-70.03025345041851	956.346588006
863	-70.03025345041851	957.8501982
864	-70.03025345041851	958.84810045
865	-70.03025345041851	959.939342872
866	-70.03025345041851	960.993744954
867	-70.03025345041851	962.134677931
868	-70.03025345041851	963.153318482
869	-70.03025345041851	964.527818135
870	-70.03025345041851	965.912134277
871	-70.03025345041851	967.8584304
872	-70.03025345041851	968.884715564
873	-70.03025345041851	970.087445774
874	-70.03025345041851	971.042330184
875	-70.03025345041851	972.026200775
876	-70.03025345041851	973.091142353
877	-70.03025345041851	974.11742153
878	-70.03025345041851	975.109488113
879	-70.03025345041851	976.203007896
880	-70.03025345041851	977.541265344
881	-70.03025345041851	978.542431679
882	-70.03025345041851	979.603451166
883	-70.03025345041851	980.529665284
884	-70.03025345041851	981.487688051
885	-70.03025345041851	982.545718857
886	-70.03025345041851	983.812737486
887	-70.03025345041851	984.870684759
888	-70.03025345041851	985.973795804
889	-70.03025345041851	987.054058539
890	-70.03025345041851	988.111103477
891	-70.03025345041851	989.415669775
892	-70.03025345041851	990.191999699
893	-70.03025345041851	991.19828411
894	-70.03025345041851	992.257706764
895	-70.03025345041851	993.029967202
896	-70.03025345041851	993.999776483
897	-70.03025345041851	994.746162583
898	-70.03025345041851	995.941748528
899	-70.03025345041851	996.8676861
900	-70.03025345041851	997.859615551
901	-70.03025345041851	998.679446557
902	-70.03025345041851	999.758125288
903	-70.03025345041851	1000.50252226
904	-70.03025345041851	1001.404400143
905	-70.03025345041851	1002.224064366
906	-70.03025345041851	1003.405809381
907	-70.03025345041851	1004.375924002
908	-70.03025345041851	1005.23491918
909	-70.03025345044374	1006.039326394
910	-70.03025345044374	1006.446786777
911	-70.03025345044374	1006.94067542
912	-70.03025345044374	1007.641627475
913	-70.03025345044374	1008.303351211
914	-70.03025345044374	1009.437598929
915	-70.03025345044374	1010.717354589
916	-70.03025345044374	1011.714482513
917	-70.03025345044374	1012.666201482
918	-70.03025345044374	1013.726389339
919	-70.03025345044374	1014.436864802
920	-70.03025345044374	1015.237694608
921	-70.03025345044374	1015.990773094
922	-70.03025345044374	1017.128893011
923	-70.03025345044374	1018.147097932
924	-70.03025345044374	1019.334376411
925	-70.03025345044374	1020.09278138
926	-70.03025345044374	1020.814550138
927	-70.03025345044374	1021.675128465
928	-70.03025345044374	1022.584900421
929	-70.03025345044374	1023.250761496
930	-70.03025345044374	1024.138632238
931	-70.03025345044374	1025.310510587
932	-70.03025345044374	1026.636334634
933	-70.03025345044374	1027.605162608
934	-70.03025345044374	1028.339624207
935	-70.03025345044374	1029.039485763
936	-70.03025345044374	1029.935813931
937	-70.03025345044374	1030.772495929
938	-70.03025345044374	1031.643608905
939	-70.03025345044374	1032.602083837
940	-70.03025345044374	1033.540123812
941	-70.03025345044374	1034.37094876
942	-70.03025345044374	1035.293869998
943	-70.03025345044374	1036.367533573
944	-70.03025345044374	1037.358957546
945	-70.03025345044374	1038.201476921
946	-70.03025345044374	1039.088386027
947	-70.03025345044374	1039.803219781
948	-70.03025345044374	1040.62148902
949	-70.03025345044374	1041.332675518
950	-70.03025345044374	1042.117688666
951	-70.03025345044374	1043.233117932
952	-70.03025345044374	1044.04846834
953	-70.03025345044374	1044.956417096
954	-70.03025345044374	1045.807196325
955	-70.03025345044374	1046.93184708
956	-70.03025345044374	1048.475500974
957	-70.03025345044374	1049.492289244
958	-70.03025345044374	1050.516090066
959	-70.03025345044374	1051.801184182
960	-70.03025345044374	1053.151938038
961	-70.03025345044374	1054.168697228
962	-70.03025345044374	1055.22907553
963	-70.03025345044374	1056.134780281
964	-70.03025345044374	1057.252202951
965	-70.03025345044374	1058.020135604
966	-70.03025345044374	1059.010894158
967	-70.03025345044374	1059.952649813
968	-70.03025345044374	1060.87622478
969	-70.03025345044374	1062.024645566
970	-70.03025345044374	1062.845467002
971	-70.03025345044374	1063.873281715
972	-70.03025345044374	1065.13713747
973	-70.03025345044374	1066.408166
974	-70.03025345044374	1067.540533783
975	-70.03025345044374	1068.723710845
976	-70.03025345044374	1069.856770845
977	-70.03025345044374	1071.024810638
978	-70.03025345044374	1072.180055526
979	-70.03025345044374	1073.264507488
980	-70.03025345044374	1074.122872885
981	-70.03025345044374	1075.311284058
982	-70.03025345044374	1077.187935344
983	-70.03025345044374	1078.431932895
984	-70.03025345044374	1079.840606369
985	-70.03025345044374	1081.272080256
986	-70.03025345044374	1082.360759934
987	-70.03025345044374	1083.392498449
988	-70.03025345044374	1084.431669179
989	-70.03025345044374	1085.440907774
990	-70.03025345044374	1086.381379919
991	-70.03025345044374	1087.789030747
992	-70.03025345044374	1088.868708461
993	-70.03025345044374	1089.721324006
994	-70.03025345044374	1090.785169097
995	-70.03025345044374	1091.794001428
996	-70.03025345044374	1092.851731456
997	-70.03025345044374	1094.308039645
998	-70.03025345044374	1095.494685777
999	-70.03025345044374	1096.715234031
1000	-70.03025345044374	1098.131524749
1001	-70.03025345044374	1099.607654078
1002	-70.03025345044374	1103.121041132
1003	-70.03025345044374	1103.970954519
1004	-70.03025345044374	1104.964202547
1005	-70.03025345044374	1105.804409209
1006	-70.03025345044374	1106.708129964
1007	-70.03025345044374	1108.080533293
1008	-70.03025345044374	1109.535558826
1009	-70.03025345044374	1110.823613683
1010	-70.03025345044374	1112.735381894
1011	-70.03025345044374	1114.092099141
1012	-70.03025345044374	1115.853913025
1013	-70.03025345044374	1117.455875695
1014	-70.03025345044374	1118.365292989
1015	-70.03025345044374	1119.439414432
1016	-70.03025345044374	1120.660794032
1017	-70.03025345044374	1121.557645069
1018	-70.03025345044374	1123.156016933
1019	-70.03025345044374	1124.333693032
1020	-70.03025345044374	1125.462100521
1021	-70.03025345044374	1126.317872668
1022	-70.03025345044374	1127.353784446
1023	-70.03025345044374	1128.533205343
1024	-70.03025345044374	1129.662547953
1025	-70.03025345044374	1130.6804903
1026	-70.03025345044374	1132.037604688
1027	-70.03025345044374	1133.134282215
1028	-70.03025345044374	1134.323118468
1029	-70.03025345044374	1135.134966735
1030	-70.03025345044374	1136.29579954
1031	-70.03025345044374	1137.229287358
1032	-70.03025345044374	1138.28182661
1033	-70.03025345044374	1139.189048081
1034	-70.03025345044374	1140.280187298
1035	-70.03025345044374	1141.411634785
1036	-70.03025345044374	1142.900001368
1037	-70.03025345044374	1143.867500217
1038	-70.03025345044374	1144.698649321
1039	-70.03025345044374	1145.653247492
1040	-70.03025345044374	1146.455358813
1041	-70.03025345044374	1147.253982532
1042	-70.03025345044374	1148.143125949
1043	-70.03025345044374	1149.034368257
1044	-70.03025345044374	1149.908160868
1045	-70.03025345044374	1150.794796566
1046	-70.03025345044374	1151.887923484
1047	-70.03025345044374	1153.078814438
1048	-70.03025345044374	1153.910151706
1049	-70.03025345044374	1154.958874069
1050	-70.03025345044374	1156.042727326
1051	-70.03025345044374	1156.791202337
1052	-70.03025345044374	1157.507060733
1053	-70.03025345044374	1158.604806521
1054	-70.03025345044374	1159.611281093
1055	-70.03025345044374	1160.877617483
1056	-70.03025345044374	1162.049073888
1057	-70.03025345044374	1163.428941648
1058	-70.03025345044374	1165.352035656
1059	-70.03025345044374	1166.282561307
1060	-70.03025345044374	1167.162624645
1061	-70.03025345044374	1168.361092643
1062	-70.03025345044374	1169.432293829
1063	-70.03025345044374	1170.610741973
1064	-70.03025345044374	1171.813570257
1065	-70.03025345044374	1173.013094543
1066	-70.03025345044374	1174.01895872
1067	-70.03025345044374	1175.126469109
1068	-70.03025345044374	1176.261130504
1069	-70.03025345044374	1177.636261079
1070	-70.03025345044374	1180.183628657
1071	-70.03025345044374	1181.222046158
1072	-70.03025345044374	1182.119480221
1073	-70.03025345044374	1183.291509388
1074	-70.03025345044374	1184.119953769
1075	-70.03025345044374	1184.91787016
1076	-70.03025345044374	1185.70966436
1077	-70.03025345044374	1186.718193346
1078	-70.03025345044374	1187.878447688
1079	-70.03025345044374	1188.829741291
1080	-70.03025345044374	1189.829696531
1081	-70.03025345044374	1190.81213593
1082	-70.03025345044374	1191.911424668
1083	-70.03025345044374	1192.710477459
1084	-70.03025345044374	1193.452175125
1085	-70.03025345044374	1194.299768957
1086	-70.03025345044374	1195.197694528
1087	-70.03025345044374	1195.917242944
1088	-70.03025345044374	1197.0741146
1089	-70.03025345044374	1198.090467526
1090	-70.03025345044374	1199.015645883
1091	-70.03025345044374	1199.886693572
1092	-70.03025345044374	1200.99000333
1093	-70.03025345044374	1202.004791924
1094	-70.03025345044374	1202.949585012
1095	-70.03025345044374	1203.904444618
1096	-70.03025345044374	1205.065645484
1097	-70.03025345044374	1206.01921987
1098	-70.03025345044374	1207.094167241
1099	-70.03025345044374	1207.99846874
1100	-70.03025345044374	1208.975945156
1101	-70.03025345044374	1209.722808795
1102	-70.03025345044374	1210.611054155
1103	-70.03025345044374	1211.571639951
1104	-70.03025345044374	1212.762599043
1105	-70.03025345044374	1213.81806568
1106	-70.03025345044374	1214.913869952
1107	-70.03025345044374	1216.054766722
1108	-70.03025345044374	1217.194287324
1109	-70.03025345044374	1218.40758383
1110	-70.03025345044374	1219.907246274
1111	-70.03025345044374	1221.225916647
1112	-70.03025345044374	1222.088835341
1113	-70.03025345044374	1223.053799955
1114	-70.03025345044374	1223.750912598
1115	-70.03025345044374	1224.776051384
1116	-70.03025345044374	1225.863504856
1117	-70.03025345044374	1226.789262532
1118	-70.03025345044374	1227.599531356
1119	-70.03025345044374	1228.470907478
1120	-70.03025345044374	1229.375151387
1121	-70.03025345044374	1230.259474086
1122	-70.03025345044374	1231.339236189
1123	-70.03025345044374	1232.869794684
1124	-70.03025345044374	1233.984370652
1125	-70.03025345044374	1234.98720481
1126	-70.03025345044374	1236.101041519
1127	-70.03025345044374	1237.224874614
1128	-70.03025345044374	1238.564946995
1129	-70.03025345044374	1240.042538591
1130	-70.03025345044374	1241.253482185
1131	-70.03025345044374	1242.318272946
1132	-70.03025345044374	1243.239619873
1133	-70.03025345044374	1244.219517056
1134	-70.03025345044374	1245.289040155
1135	-70.03025345044374	1246.414931941
1136	-70.03025345044374	1247.481842405
1137	-70.03025345044374	1248.476558972
1138	-70.03025345044374	1249.399532097
1139	-70.03025345044374	1249.999105078
1140	-70.03025345044374	1250.734498946
1141	-70.03025345044374	1251.539856391
1142	-70.03025345044374	1252.534421571
1143	-70.03025345044374	1253.402198047
1144	-70.03025345044374	1254.455096523
1145	-70.03025345044374	1255.602551968
1146	-70.03025345044374	1256.575239596
1147	-70.03025345044374	1257.666630269
1148	-70.03025345044374	1258.617949246
1149	-70.03025345044374	1259.572346709
1150	-70.03025345044374	1260.606724089
1151	-70.03025345044374	1261.648560484
1152	-70.03025345044374	1262.776620724
1153	-70.03025345044374	1263.705768498
1154	-70.03025345044374	1264.709542623
1155	-70.03025345044374	1265.621696572
1156	-70.03025345044374	1266.521252332
1157	-70.03025345044374	1267.587942985
1158	-70.03025345044374	1268.559646456
1159	-70.03025345044374	1269.372058076
1160	-70.03025345044374	1270.318598242
1161	-70.03025345044374	1271.475628698
1162	-70.03025345044374	1272.338346969
1163	-70.03025345044374	1273.212402154
1164	-70.03025345044374	1274.20658901
1165	-70.03025345044374	1275.277094842
1166	-70.03025345044374	1276.498830244
1167	-70.03025345044374	1277.270493972
1168	-70.03025345044374	1278.21814602
1169	-70.03025345044374	1279.174398615
1170	-70.03025345044374	1280.003466504
1171	-70.03025345044374	1280.84471805
1172	-70.03025345044374	1281.739512677
1173	-70.03025345044374	1282.744340808
1174	-70.03025345044374	1283.834331366
1175	-70.03025345044374	1285.449119732
1176	-70.03025345044374	1286.538245873
1177	-70.03025345044374	1287.553715851
1178	-70.03025345044374	1288.697478994
1179	-70.03025345044374	1289.893545328
1180	-70.03025345044374	1291.050234236
1181	-70.03025345044374	1292.03560102
1182	-70.03025345044374	1292.902918774
1183	-70.03025345044374	1293.855586834
1184	-70.03025345044374	1295.138576643
1185	-70.03025345044374	1296.412704757
1186	-70.03025345044374	1297.566539266
1187	-70.03025345044374	1298.413329122
1188	-70.03025345044374	1299.381204299
1189	-70.03025345044374	1301.127100886
1190	-70.03025345044374	1302.363083766
1191	-70.03025345044374	1303.435491486
1192	-70.03025345044374	1304.297069365
1193	-70.03025345044374	1305.250750948
1194	-70.03025345044374	1306.557820689
1195	-70.03025345044374	1307.919360366
1196	-70.03025345044374	1308.635072506
1197	-70.03025345044374	1309.448601709
1198	-70.03025345044374	1310.517228747
1199	-70.03025345044374	1311.830704636
1200	-70.03025345044374	1312.873311081
1201	-70.03025345044374	1313.859347844
1202	-70.03025345044374	1314.706598133
1203	-70.03025345044374	1315.695648381
1204	-70.03025345044374	1316.903335302
1205	-70.03025345044374	1317.742746541
1206	-70.03025345044374	1318.546163895
1207	-70.03025345044374	1319.293648477
1208	-70.03025345044374	1320.185722415
1209	-70.03025345044374	1321.05514191
1210	-70.03025345044374	1322.134779996
1211	-70.03025345044374	1323.358737735
1212	-70.03025345044374	1324.354188999
1213	-70.03025345044374	1325.897707186
1214	-70.03025345044374	1326.948355955
1215	-70.03025345044374	1328.067840738
1216	-70.03025345044374	1329.058872415
1217	-70.03025345044374	1330.42371438
1218	-70.03025345044374	1331.392775849
1219	-70.03025345044374	1332.816123023
1220	-70.03025345044374	1333.795364766
1221	-70.03025345044374	1334.726009303
1222	-70.03025345044374	1335.638516773
1223	-70.03025345044374	1336.610328581
1224	-70.03025345044374	1337.389417682
1225	-70.03025345044374	1338.363229451
1226	-70.03025345044374	1339.245488612
1227	-70.03025345044374	1340.37045383
1228	-70.03025345044374	1341.217961277
1229	-70.03025345044374	1341.927584868
1230	-70.03025345044374	1343.032213488
1231	-70.03025345044374	1344.017076504
1232	-70.03025345044374	1345.432435807
1233	-70.03025345044374	1346.179816614
1234	-70.03025345044374	1347.140989426
1235	-70.03025345044374	1348.169594146
1236	-70.03025345044374	1349.013933586
1237	-70.03025345044374	1349.859762377
1238	-70.03025345044374	1350.808835923
1239	-70.03025345044374	1351.581714453
1240	-70.03025345044374	1352.461844503
1241	-70.03025345044374	1353.446176952
1242	-70.03025345044374	1354.237355912
1243	-70.03025345044374	1355.019950575
1244	-70.03025345044374	1355.928753484
1245	-70.03025345044374	1356.934662136
1246	-70.03025345044374	1357.668222826
1247	-70.03025345044374	1358.693603944
1248	-70.03025345044374	1359.669116322
1249	-70.03025345044374	1360.847234608
1250	-70.03025345044374	1361.872384228
1251	-70.03025345044374	1362.959112981
1252	-70.03025345044374	1364.223985109
1253	-70.03025345044374	1365.296516276
1254	-70.03025345044374	1366.436800085
1255	-70.03025345044374	1367.63308851
1256	-70.03025345044374	1368.592425293
1257	-70.03025345044374	1370.031560614
1258	-70.03025345044374	1371.055997489
1259	-70.03025345044374	1372.241946842
1260	-70.03025345044374	1373.609041649
1261	-70.03025345044374	1374.555762568
1262	-70.03025345044374	1375.742212838
1263	-70.03025345044374	1376.728644177
1264	-70.03025345044374	1377.810214656
1265	-70.03025345044374	1379.119012661
1266	-70.03025345044374	1380.042888976
1267	-70.03025345044374	1381.219102524
1268	-70.03025345044374	1382.354695903
1269	-70.03025345044374	1383.303636309
1270	-70.03025345044374	1383.932335453
1271	-70.03025345044374	1384.919765775
1272	-70.03025345044374	1385.804447697
1273	-70.03025345044374	1386.929343922
1274	-70.03025345044374	1388.329567096
1275	-70.03025345044374	1389.765119878
1276	-70.03025345044374	1390.859395171
1277	-70.03025345044374	1391.645656478
1278	-70.03025345044374	1392.778967935
1279	-70.03025345044374	1393.851475153
1280	-70.03025345044374	1395.102565937
1281	-70.03025345044374	1396.195050246
1282	-70.03025345044374	1397.087291822
1283	-70.03025345044374	1398.262016018
1284	-70.03025345044374	1399.155170762
1285	-70.03025345044374	1399.86864688
1286	-70.03025345044374	1400.821615148
1287	-70.03025345044374	1401.816952373
1288	-70.03025345044374	1403.087158966
1289	-70.03025345044374	1404.194048127
1290	-70.03025345044374	1405.268643402
1291	-70.03025345044374	1406.302004124
1292	-70.03025345044374	1407.879111966
1293	-70.03025345044374	1411.3066994
1294	-70.03025345044374	1412.188919502
1295	-70.03025345044374	1413.31634825
1296	-70.03025345044374	1414.55089937
1297	-70.03025345044374	1415.494252713
1298	-70.03025345044374	1416.723825169
1299	-70.03025345044374	1417.549490701
1300	-70.03025345044374	1418.72672718
1301	-70.03025345044374	1419.615881146
1302	-70.03025345044374	1420.61415773
1303	-70.03025345044374	1421.667463895
1304	-70.03025345044374	1422.524409791
1305	-70.03025345044374	1423.762960262
1306	-70.03025345044374	1424.823970911
1307	-70.03025345044374	1425.690082701
1308	-70.03025345044374	1426.857452229
1309	-70.03025345044374	1427.664716978
1310	-70.03025345044374	1428.705001585
1311	-70.03025345044374	1429.82208841
1312	-70.03025345044374	1431.171852406
1313	-70.03025345044374	1432.241090693
1314	-70.03025345044374	1433.226730601
1315	-70.03025345044374	1434.260873061
1316	-70.03025345044374	1435.267130103
1317	-70.03025345044374	1436.112188274
1318	-70.03025345044374	1437.134669093
1319	-70.03025345044374	1438.304181701
1320	-70.0302534504585	1439.183323317
1321	-70.0302534504585	1440.940843627
1322	-70.0302534504585	1443.468904095
1323	-70.0302534504585	1445.656815492
1324	-70.0302534504585	1447.252136523
1325	-70.0302534504585	1449.196636815
1326	-70.0302534504585	1451.153933153
1327	-70.0302534504585	1453.50712659
1328	-70.0302534504585	1455.69481447
1329	-70.0302534504585	1458.323131583
1330	-70.0302534504585	1461.444642841
1331	-70.0302534504585	1463.684276684
1332	-70.0302534504585	1465.436935791
1333	-70.0302534504585	1467.20221789
1334	-70.0302534504585	1468.97119058
1335	-70.0302534504585	1470.432087703
1336	-70.0302534504585	1471.936875066
1337	-70.0302534504585	1474.063818007
1338	-70.0302534504585	1475.569751463
1339	-70.0302534504585	1477.5242202
1340	-70.0302534504585	1479.410397461
1341	-70.0302534504585	1481.744823479
1342	-70.0302534504585	1484.087691244
1343	-70.0302534504585	1486.109248915
1344	-70.0302534504585	1488.324632338
1345	-70.0302534504585	1490.041163279
1346	-70.0302534504585	1492.217156446
1347	-70.0302534504585	1494.727506352
1348	-70.0302534504585	1496.83657195
1349	-70.0302534504585	1499.032993801
1350	-70.0302534504585	1500.784481441
1351	-70.0302534504585	1502.536166084
1352	-70.0302534504585	1504.496785237
1353	-70.0302534504585	1506.746178834
1354	-70.0302534504585	1509.477725592
1355	-70.0302534504585	1512.169230076
1356	-70.0302534504585	1514.938279457
1357	-70.0302534504585	1516.981602352
1358	-70.0302534504585	1519.153417696
1359	-70.0302534504585	1521.27424814
1360	-70.0302534504585	1524.073820094
1361	-70.0302534504585	1526.022626219
1362	-70.0302534504585	1528.049376377
1363	-70.0302534504585	1530.579790328
1364	-70.0302534504585	1533.096750227
1365	-70.0302534504585	1534.657682189
1366	-70.0302534504585	1537.03877644
1367	-70.0302534504585	1539.35311247
1368	-70.0302534504585	1541.531176587
1369	-70.0302534504585	1543.419029367
1370	-70.0302534504585	1545.297052545
1371	-70.0302534504585	1547.369284359
1372	-70.0302534504585	1549.529670701
1373	-70.0302534504585	1551.790841974
1374	-70.0302534504585	1554.430491155
1375	-70.0302534504585	1557.149057124
1376	-70.0302534504585	1559.306384937
1377	-70.0302534504585	1561.289804503
1378	-70.0302534504585	1563.610244192
1379	-70.0302534504585	1565.857733906
1380	-70.0302534504585	1568.256242502
1381	-70.0302534504585	1570.986003978
1382	-70.0302534504585	1572.986472393
1383	-70.0302534504585	1574.968425416
1384	-70.0302534504585	1577.105542929
1385	-70.0302534504585	1579.17976159
1386	-70.0302534504585	1581.756696093
1387	-70.0302534504585	1583.872829835
1388	-70.0302534504585	1585.849157878
1389	-70.0302534504585	1588.493979019
1390	-70.0302534504585	1590.821661904
1391	-70.0302534504585	1593.338267426
1392	-70.0302534504585	1596.015234202
1393	-70.0302534504585	1597.976645642
1394	-70.0302534504585	1600.041867756
1395	-70.0302534504585	1601.952932345
1396	-70.0302534504585	1604.073330011
1397	-70.0302534504585	1606.425802436
1398	-70.0302534504585	1608.421172448
1399	-70.0302534504585	1610.511033286
1400	-70.0302534504585	1611.905851291
1401	-70.0302534504585	1614.645208874
1402	-70.0302534504585	1616.841935495
1403	-70.0302534504585	1620.126154361
1404	-70.0302534504585	1622.881634511
1405	-70.0302534504585	1625.154548109
1406	-70.0302534504585	1627.615664187
1407	-70.0302534504585	1629.766920841
1408	-70.0302534504585	1632.612880492
1409	-70.0302534504585	1634.775331512
1410	-70.0302534504585	1637.76455624
1411	-70.0302534504585	1639.94907041
1412	-70.0302534504585	1641.745746341
1413	-70.0302534504585	1643.967558149
1414	-70.0302534504585	1646.706458435
1415	-70.0302534504585	1649.597141096
1416	-70.0302534504585	1652.681851357
1417	-70.0302534504585	1654.682658469
1418	-70.0302534504585	1657.18658113
1419	-70.0302534504585	1659.682799877
1420	-70.0302534504585	1662.357823712
1421	-70.0302534504585	1664.750366636
1422	-70.0302534504585	1667.621567422
1423	-70.0302534504585	1670.035900943
1424	-70.0302534504585	1672.13256336
1425	-70.0302534504585	1674.538435748
1426	-70.0302534504585	1676.696333186
1427	-70.0302534504585	1678.455540705
1428	-70.0302534504585	1680.877311288
1429	-70.0302534504585	1682.477589601
1430	-70.0302534504585	1684.919607831
1431	-70.0302534504585	1686.985437203
1432	-70.0302534504585	1688.909067479
1433	-70.0302534504585	1690.76342098
1434	-70.0302534504585	1692.876963754
1435	-70.0302534504585	1695.849279615
1436	-70.0302534504585	1698.126842302
1437	-70.0302534504585	1700.475084731
1438	-70.0302534504585	1702.679728804
1439	-70.0302534504585	1705.088126873
1440	-70.0302534504585	1707.185915426
1441	-70.0302534504585	1709.968455351
1442	-70.0302534504585	1712.914262532
1443	-70.0302534504585	1715.223672642
1444	-70.0302534504585	1717.841322535
1445	-70.0302534504585	1719.74395279
1446	-70.0302534504585	1722.72101553
1447	-70.0302534504585	1725.586761255
1448	-70.0302534504585	1728.691947526
1449	-70.0302534504585	1731.741562815
1450	-70.0302534504585	1734.099594078
1451	-70.0302534504585	1736.575982561
1452	-70.0302534504585	1738.552076539
1453	-70.0302534504585	1740.864537195
1454	-70.0302534504585	1743.614562569
1455	-70.0302534504585	1746.138524471
1456	-70.0302534504585	1748.560135114
1457	-70.0302534504585	1750.949102056
1458	-70.0302534504585	1753.786691235
1459	-70.0302534504585	1755.799454779
1460	-70.0302534504585	1757.843081018
1461	-70.0302534504585	1759.997106542
1462	-70.0302534504585	1761.906941505
1463	-70.0302534504585	1764.152306955
1464	-70.0302534504585	1766.011281891
1465	-70.0302534504585	1768.189184358
1466	-70.0302534504585	1770.101091126
1467	-70.0302534504585	1771.733530469
1468	-70.0302534504585	1773.83626718
1469	-70.0302534504585	1775.819528802
1470	-70.0302534504585	1778.41223178
1471	-70.0302534504585	1780.546273372
1472	-70.0302534504585	1782.589866255
1473	-70.0302534504585	1784.716019761
1474	-70.0302534504585	1786.727959087
1475	-70.0302534504585	1788.928711289
1476	-70.0302534504585	1791.116122624
1477	-70.0302534504585	1793.24433254
1478	-70.0302534504585	1794.864966267
1479	-70.0302534504585	1797.396918891
1480	-70.0302534504585	1800.376767036
1481	-70.0302534504585	1802.700871088
1482	-70.0302534504585	1804.737980276
1483	-70.0302534504585	1807.239969118
1484	-70.0302534504585	1810.267468799
1485	-70.0302534504585	1812.108096835
1486	-70.0302534504585	1814.52365086
1487	-70.0302534504585	1816.416903963
1488	-70.0302534504585	1818.205381906
1489	-70.0302534504585	1820.546242297
1490	-70.0302534504585	1822.954800306
1491	-70.0302534504585	1824.617047766
1492	-70.0302534504585	1826.656764459
1493	-70.0302534504585	1828.67275246
1494	-70.0302534504585	1831.233413009
1495	-70.0302534504585	1833.414157046
1496	-70.0302534504585	1835.351845495
1497	-70.0302534504585	1837.718440811
1498	-70.0302534504585	1839.457467966
1499	-70.0302534504585	1840.872702112
1500	-70.0302534504585	1842.933582471
1501	-70.0302534504585	1844.388955253
1502	-70.0302534504585	1846.45434415
1503	-70.0302534504585	1848.157186974
1504	-70.0302534504585	1850.159680154
1505	-70.0302534504585	1851.963101785
1506	-70.0302534504585	1853.859720182
1507	-70.0302534504585	1855.600646374
1508	-70.0302534504585	1857.828599189
1509	-70.0302534504585	1860.040126663
1510	-70.0302534504585	1863.070631845
1511	-70.0302534504585	1865.996045408
1512	-70.0302534504585	1868.453786498
1513	-70.0302534504585	1870.89757205
1514	-70.0302534504585	1873.240885423
1515	-70.0302534504585	1875.864434845
1516	-70.0302534504585	1878.420356783
1517	-70.0302534504585	1880.888314639
1518	-70.0302534504585	1883.165784954
1519	-70.0302534504585	1885.804824882
1520	-70.0302534504585	1887.918873134
1521	-70.0302534504585	1889.698964924
1522	-70.0302534504585	1892.18145336
1523	-70.0302534504585	1894.642789819
1524	-70.0302534504585	1896.795956629
1525	-70.0302534504585	1899.220948817
1526	-70.0302534504585	1901.445245253
1527	-70.0302534504585	1903.620763161
1528	-70.0302534504585	1905.786762224
1529	-70.0302534504585	1908.125800555
1530	-70.0302534504585	1910.572733301
1531	-70.0302534504585	1912.894274038
1532	-70.0302534504585	1915.030168767
1533	-70.0302534504585	1916.991277147
1534	-70.0302534504585	1919.30863835
1535	-70.0302534504585	1921.744901596
1536	-70.0302534504585	1923.912372048
1537	-70.0302534504585	1926.166373681
1538	-70.0302534504585	1928.257846747
1539	-70.0302534504585	1930.355493037
1540	-70.0302534504585	1932.372003052
1541	-70.0302534504585	1934.772067997
1542	-70.0302534504585	1937.329332746
1543	-70.0302534504585	1940.075095337
1544	-70.0302534504585	1942.800521045
1545	-70.0302534504585	1945.102741273
1546	-70.0302534504585	1947.692901748
1547	-70.0302534504585	1949.566891647
1548	-70.0302534504585	1951.633164061
1549	-70.0302534504585	1954.085502548
1550	-70.0302534504585	1955.877162467
1551	-70.0302534504585	1958.329905222
1552	-70.0302534504585	1960.18245833
1553	-70.0302534504585	1962.469767942
1554	-70.0302534504585	1965.000493504
1555	-70.0302534504585	1967.402472882
1556	-70.0302534504585	1969.812496579
1557	-70.0302534504585	1971.903538292
1558	-70.0302534504585	1974.820239266
1559	-70.0302534504585	1977.210583515
1560	-70.0302534504585	1980.046803084
1561	-70.0302534504585	1982.411042067
1562	-70.0302534504585	1985.176046765
1563	-70.0302534504585	1987.839562056
1564	-70.0302534504585	1990.906670092
1565	-70.0302534504585	1993.537098354
1566	-70.0302534504585	1996.380442232
1567	-70.0302534504585	1998.468491844
1568	-70.0302534504585	2000.703314661
1569	-70.0302534504585	2002.950639303
1570	-70.0302534504585	2005.236493491
1571	-70.0302534504585	2007.550691533
1572	-70.0302534504585	2010.266309591
1573	-70.0302534504585	2012.443157196
1574	-70.0302534504585	2015.092871186
1575	-70.0302534504585	2017.316219671
1576	-70.0302534504585	2019.195410609
1577	-70.0302534504585	2020.790304849
1578	-70.0302534504585	2022.326045568
1579	-70.0302534504585	2023.80190491
1580	-70.0302534504585	2024.916323789
1581	-70.0302534504585	2026.796761175
1582	-70.0302534504585	2029.051087534
1583	-70.0302534504585	2032.023361771
1584	-70.0302534504585	2034.410200173
1585	-70.0302534504585	2036.817162205
1586	-70.0302534504585	2038.689284712
1587	-70.0302534504585	2041.360210265
1588	-70.0302534504585	2043.858145587
1589	-70.0302534504585	2046.003921235
1590	-70.0302534504585	2047.938540892
1591	-70.0302534504585	2050.311900154
1592	-70.0302534504585	2052.955640204
1593	-70.0302534504585	2054.823437778
1594	-70.0302534504585	2057.837730872
1595	-70.0302534504585	2060.117592018
1596	-70.0302534504585	2062.523204112
1597	-70.0302534504585	2065.189582355
1598	-70.0302534504585	2067.157516262
1599	-70.0302534504585	2069.388996022
1600	-70.0302534504585	2071.629496563
1601	-70.0302534504585	2074.236714441
1602	-70.0302534504585	2076.253963715
1603	-70.0302534504585	2078.071000477
1604	-70.0302534504585	2080.02803652
1605	-70.0302534504585	2082.722399395
1606	-70.0302534504585	2084.781128976
1607	-70.0302534504585	2087.232071338
1608	-70.0302534504585	2089.228659002
1609	-70.0302534504585	2091.052128711
1610	-70.0302534504585	2093.472669953
1611	-70.0302534504585	2095.809847165
1612	-70.0302534504585	2099.049694261
1613	-70.0302534504585	2102.097389131
1614	-70.0302534504585	2104.135139504
1615	-70.0302534504585	2105.813414594
1616	-70.0302534504585	2107.368014533
1617	-70.0302534504585	2109.57264093
1618	-70.0302534504585	2111.962640781
1619	-70.0302534504585	2114.657116555
1620	-70.0302534504585	2117.034873736
1621	-70.0302534504585	2119.633002411
1622	-70.0302534504585	2122.009888333
1623	-70.0302534504585	2124.88485184
1624	-70.0302534504585	2127.377524256
1625	-70.0302534504585	2130.082414938
1626	-70.0302534504585	2133.114725645
1627	-70.0302534504585	2135.440798867
1628	-70.0302534504585	2137.630561118
1629	-70.0302534504585	2139.768446684
1630	-70.0302534504585	2141.575356201
1631	-70.0302534504585	2144.116953399
1632	-70.0302534504585	2146.201159037
1633	-70.0302534504585	2148.296612069
1634	-70.0302534504585	2150.12899137
1635	-70.0302534504585	2152.899574862
1636	-70.0302534504585	2155.580998002
1637	-70.0302534504585	2157.739306836
1638	-70.0302534504585	2159.764177059
1639	-70.0302534504585	2162.248751842
1640	-70.0302534504585	2164.769888424
1641	-70.0302534504585	2167.158389232
1642	-70.0302534504585	2169.852860729
1643	-70.0302534504585	2172.233873442
1644	-70.0302534504585	2175.13285416
1645	-70.0302534504585	2177.692946224
1646	-70.0302534504585	2180.027591482
1647	-70.0302534504585	2182.459540057
1648	-70.0302534504585	2184.997294707
1649	-70.0302534504585	2187.588910607
1650	-70.0302534504585	2189.568656687
1651	-70.0302534504585	2192.201425603
1652	-70.0302534504585	2194.76005483
1653	-70.0302534504585	2197.045688922
1654	-70.0302534504585	2199.17875605
1655	-70.0302534504585	2201.575780997
1656	-70.0302534504585	2203.647949519
1657	-70.0302534504585	2205.557788759
1658	-70.0302534504585	2207.907976125
1659	-70.0302534504585	2210.202536344
1660	-70.0302534504585	2212.633041469
1661	-70.0302534504585	2214.987038598
1662	-70.0302534504585	2216.748634667
1663	-70.0302534504585	2219.012756702
1664	-70.0302534504585	2221.708499165
1665	-70.0302534504585	2224.223675493
1666	-70.0302534504585	2226.360979174
1667	-70.0302534504585	2228.276015461
1668	-70.0302534504585	2230.052600263
1669	-70.0302534504585	2231.854696473
1670	-70.0302534504585	2233.730304017
1671	-70.0302534504585	2235.337442353
1672	-70.0302534504585	2237.419769481
1673	-70.0302534504585	2239.195944598
1674	-70.0302534504585	2241.085396776
1675	-70.0302534504585	2243.350055366
1676	-70.0302534504585	2244.651907247
1677	-70.0302534504585	2246.790280616
1678	-70.0302534504585	2248.180364572
1679	-70.0302534504585	2249.428927679
1680	-70.0302534504585	2251.321333186
1681	-70.0302534504585	2252.869498752
1682	-70.0302534504585	2254.668836356
1683	-70.0302534504585	2256.471593708
1684	-70.0302534504585	2258.900552463
1685	-70.0302534504585	2261.212156115
1686	-70.0302534504585	2263.485642189
1687	-70.0302534504585	2265.642083347
1688	-70.0302534504585	2267.822447918
1689	-70.0302534504585	2269.118171622
1690	-70.0302534504585	2270.935189852
1691	-70.0302534504585	2271.982157438
1692	-70.0302534504585	2273.747363986
1693	-70.0302534504585	2275.544678535
1694	-70.0302534504585	2277.170156074
1695	-70.0302534504585	2278.742107352
1696	-70.0302534504585	2280.1992007
1697	-70.0302534504585	2281.920692913
1698	-70.0302534504585	2282.767992524
1699	-70.0302534504585	2284.365568109
1700	-70.0302534504585	2285.924101828
1701	-70.0302534504585	2287.109620398
1702	-70.0302534504585	2289.3239233
1703	-70.0302534504585	2290.985224235
1704	-70.0302534504585	2293.274956608
1705	-70.0302534504585	2295.136346038
1706	-70.0302534504585	2297.174338744
1707	-70.0302534504585	2299.03440475
1708	-70.0302534504585	2300.979534823
1709	-70.0302534504585	2303.059440615
1710	-70.0302534504585	2304.950298326
1711	-70.0302534504585	2306.721780162
1712	-70.0302534504585	2308.555482317
1713	-70.0302534504585	2310.296665667
1714	-70.0302534504585	2312.13362535
1715	-70.0302534504585	2314.238111421
1716	-70.0302534504585	2315.936635013
1717	-70.0302534504585	2318.006255902
1718	-70.0302534504585	2319.82115671
1719	-70.0302534504585	2321.968966817
1720	-70.0302534504585	2324.329291121
1721	-70.0302534504585	2326.458228893
1722	-70.0302534504585	2328.478088237
1723	-70.0302534504585	2330.539133668
1724	-70.0302534504585	2333.436429743
1725	-70.0302534504585	2335.668606852
1726	-70.0302534504585	2337.507718738
1727	-70.0302534504585	2339.115895686
1728	-70.0302534504585	2340.509182716
1729	-70.0302534504585	2342.537107477
1730	-70.0302534504585	2344.059689791
1731	-70.0302534504585	2346.540469066
1732	-70.0302534504585	2348.824914585
1733	-70.0302534504585	2350.777959829
1734	-70.0302534504585	2353.415051968
1735	-70.0302534504585	2356.08386409
1736	-70.0302534504585	2358.576325819
1737	-70.0302534504585	2361.163267825
1738	-70.0302534504585	2363.797465081
1739	-70.0302534504585	2366.424758408
1740	-70.0302534504585	2369.173891996
1741	-70.0302534504585	2371.76938209
1742	-70.0302534504585	2374.057464602
1743	-70.0302534504585	2376.647923861
1744	-70.0302534504585	2379.336740442
1745	-70.0302534504585	2382.376844013
1746	-70.0302534504585	2384.824946516
1747	-70.0302534504585	2387.296906575
1748	-70.0302534504585	2390.591014629
1749	-70.0302534504585	2393.159924483
1750	-70.0302534504585	2395.100304542
1751	-70.0302534504585	2397.731877757
1752	-70.0302534504585	2399.787831626
1753	-70.0302534504585	2401.973374429
1754	-70.0302534504585	2403.954220702
1755	-70.0302534504585	2406.208758889
1756	-70.0302534504585	2409.033410329
1757	-70.0302534504585	2411.037968188
1758	-70.0302534504585	2413.736249447
1759	-70.0302534504585	2416.900640273
1760	-70.0302534504585	2419.053387133
1761	-70.0302534504585	2421.425190046
1762	-70.0302534504585	2423.870677632
1763	-70.0302534504585	2425.974715529
1764	-70.0302534504585	2428.255240953
1765	-70.0302534504585	2430.147184887
1766	-70.0302534504585	2432.770080295
1767	-70.0302534504585	2435.301187318
1768	-70.0302534504585	2437.73442197
1769	-70.0302534504585	2440.257566211
1770	-70.0302534504585	2442.268539341
1771	-70.0302534504585	2444.659854064
1772	-70.0302534504585	2446.81427673
1773	-70.0302534504585	2448.912757215
1774	-70.0302534504585	2451.482829413
1775	-70.0302534504585	2453.872571252
1776	-70.0302534504585	2456.156187136
1777	-70.0302534504585	2459.063630128
1778	-70.0302534504585	2461.629064925
1779	-70.0302534504585	2463.927815797
1780	-70.0302534504585	2465.869643012
1781	-70.0302534504585	2468.160841073
1782	-70.0302534504585	2470.252146502
1783	-70.0302534504585	2473.111466691
1784	-70.0302534504585	2474.928238882
1785	-70.0302534504585	2476.978554657
1786	-70.0302534504585	2479.50021753
1787	-70.0302534504585	2481.976173235
1788	-70.0302534504585	2484.197430242
1789	-70.0302534504585	2486.784409882
1790	-70.0302534504585	2488.885753035
1791	-70.0302534504585	2491.561089906
1792	-70.0302534504585	2494.608842366
1793	-70.0302534504585	2497.380099545
1794	-70.0302534504585	2499.743479243
1795	-70.0302534504585	2502.028661739
1796	-70.0302534504585	2504.772949805
1797	-70.0302534504585	2507.42425521
1798	-70.0302534504585	2510.205182907
1799	-70.0302534504585	2512.527817565
1800	-70.0302534504585	2514.295908162
1801	-70.0302534504585	2516.100259211
1802	-70.0302534504585	2517.935042172
1803	-70.0302534504585	2519.842379677
1804	-70.0302534504585	2521.598927804
1805	-70.0302534504585	2523.900881751
1806	-70.0302534504585	2525.621719094
1807	-70.0302534504585	2527.755258914
1808	-70.0302534504585	2529.708364599
1809	-70.0302534504585	2531.840106307
1810	-70.0302534504585	2534.745312992
1811	-70.0302534504585	2537.487576292
1812	-70.0302534504585	2539.992609409
1813	-70.0302534504585	2542.270221418
1814	-70.0302534504585	2544.245844129
1815	-70.0302534504585	2546.342098856
1816	-70.0302534504585	2548.585017596
1817	-70.0302534504585	2550.771884679
1818	-70.0302534504585	2552.416556144
1819	-70.0302534504585	2554.672783821
1820	-70.0302534504585	2556.418905635
1821	-70.0302534504585	2558.774263535
1822	-70.0302534504585	2561.060456989
1823	-70.0302534504585	2563.564143874
1824	-70.0302534504585	2566.324217235
1825	-70.0302534504585	2568.474744894
1826	-70.0302534504585	2571.102133444
1827	-70.0302534504585	2573.76087078
1828	-70.0302534504585	2575.993804254
1829	-70.0302534504585	2578.352452754
1830	-70.0302534504585	2581.126395269
1831	-70.0302534504585	2583.301196727
1832	-70.0302534504585	2585.808576199
1833	-70.0302534504585	2588.210385943
1834	-70.0302534504585	2590.571218862
1835	-70.0302534504585	2593.468064197
1836	-70.0302534504585	2596.020129047
1837	-70.0302534504585	2598.205474848
1838	-70.0302534504585	2600.920484792
1839	-70.0302534504585	2603.03151899
1840	-70.0302534504585	2605.36020884
1841	-70.0302534504585	2607.418821816
1842	-70.0302534504585	2609.984179352
1843	-70.0302534504585	2612.637072467
1844	-70.0302534504585	2614.813081314
1845	-70.0302534504585	2617.135028316
1846	-70.0302534504585	2619.530178175
1847	-70.0302534504585	2622.353880524
1848	-70.0302534504585	2624.848035448
1849	-70.0302534504585	2626.611294492
1850	-70.0302534504585	2629.068257265
1851	-70.0302534504585	2631.792674868
1852	-70.0302534504585	2634.326281059
1853	-70.0302534504585	2636.701754606
1854	-70.0302534504585	2638.664592105
1855	-70.0302534504585	2640.566818377
1856	-70.0302534504585	2642.819342918
1857	-70.0302534504585	2644.972712717
1858	-70.0302534504585	2647.372338042
1859	-70.0302534504585	2649.903207294
1860	-70.0302534504585	2652.285997306
1861	-70.0302534504585	2654.497023579
1862	-70.0302534504585	2657.109035662
1863	-70.0302534504585	2659.626898466
1864	-70.0302534504585	2662.124144992
1865	-70.0302534504585	2664.077729356
1866	-70.0302534504585	2666.65615435
1867	-70.0302534504585	2668.391292485
1868	-70.0302534504585	2669.939009308
1869	-70.0302534504585	2672.140767335
1870	-70.0302534504585	2674.642235019
1871	-70.0302534504585	2676.912584731
1872	-70.0302534504585	2679.534826695
1873	-70.0302534504585	2682.321472314
1874	-70.0302534504585	2684.632338418
1875	-70.0302534504585	2687.349813033
1876	-70.0302534504585	2690.04504346
1877	-70.0302534504585	2691.707119007
1878	-70.0302534504585	2693.675664449
1879	-70.0302534504585	2695.617137002
1880	-70.0302534504585	2697.337909058
1881	-70.0302534504585	2699.285874429
1882	-70.0302534504585	2700.596621648
1883	-70.0302534504585	2701.845561369
1884	-70.0302534504585	2703.379724641
1885	-70.0302534504585	2704.459916957
1886	-70.0302534504585	2706.02318444
1887	-70.0302534504585	2707.302645879
1888	-70.0302534504585	2708.669376046
1889	-70.0302534504585	2710.371525228
1890	-70.0302534504585	2713.480876208
1891	-70.0302534504585	2715.725909804
1892	-70.0302534504585	2717.172905557
1893	-70.0302534504585	2718.963854443
1894	-70.0302534504585	2720.130905516
1895	-70.0302534504585	2721.414552761
1896	-70.0302534504585	2723.37325178
1897	-70.0302534504585	2724.738374851
1898	-70.0302534504585	2726.530916008
1899	-70.0302534504585	2728.644905815
1900	-70.0302534504585	2731.4829808
1901	-70.0302534504585	2733.998637232
1902	-70.0302534504585	2736.47693245
1903	-70.0302534504585	2738.406906723
1904	-70.0302534504585	2740.882408552
1905	-70.0302534504585	2743.323433787
1906	-70.0302534504585	2745.831197856
1907	-70.0302534504585	2748.468360699
1908	-70.0302534504585	2751.297328519
1909	-70.0302534504585	2753.114861636
1910	-70.0302534504585	2754.994367893
1911	-70.0302534504585	2757.709049974
1912	-70.0302534504585	2761.032846405
1913	-70.0302534504585	2763.206970471
1914	-70.0302534504585	2765.935847003
1915	-70.0302534504585	2768.851996882
1916	-70.0302534504585	2772.574821073
1917	-70.0302534504585	2774.766358913
1918	-70.0302534504585	2777.62176585
1919	-70.0302534504585	2779.932515065
1920	-70.0302534504585	2782.709062233
1921	-70.0302534504585	2785.066699491
1922	-70.0302534504585	2786.44026773
1923	-70.0302534504585	2788.563464486
1924	-70.0302534504585	2790.740907375
1925	-70.0302534504585	2793.496211335
1926	-70.0302534504585	2795.723060251
1927	-70.0302534504585	2798.204415709
1928	-70.0302534504585	2800.539685047
1929	-70.0302534504585	2802.677926985
1930	-70.0302534504585	2804.776000351
1931	-70.0302534504585	2807.046814773
1932	-70.0302534504585	2810.206389726
1933	-70.0302534504585	2812.502646278
1934	-70.0302534504585	2814.887163414
1935	-70.0302534504585	2816.939095693
1936	-70.0302534504585	2819.002188981
1937	-70.0302534504585	2821.417877572
1938	-70.0302534504585	2823.631432662
1939	-70.0302534504585	2826.336148579
1940	-70.0302534504585	2828.980071092
1941	-70.0302534504585	2831.052066275
1942	-70.0302534504585	2833.673974104
1943	-70.0302534504585	2835.983087712
1944	-70.0302534504585	2838.376450863
1945	-70.0302534504585	2840.759622907
1946	-70.0302534504585	2842.744550925
1947	-70.0302534504585	2845.041951574
1948	-70.0302534504585	2847.054642134
1949	-70.0302534504585	2849.461663751
1950	-70.0302534504585	2851.496408908
1951	-70.0302534504585	2853.634344081
1952	-70.0302534504585	2856.171198392
1953	-70.0302534504585	2858.798415882
1954	-70.0302534504585	2861.147441475
1955	-70.0302534504585	2863.283630994
1956	-70.0302534504585	2865.15955186
1957	-70.0302534504585	2867.612353061
1958	-70.0302534504585	2869.95393703
1959	-70.0302534504585	2872.232649517
1960	-70.0302534504585	2874.555884875
1961	-70.0302534504585	2876.678252282
1962	-70.0302534504585	2878.715476079
1963	-70.0302534504585	2881.067775165
1964	-70.0302534504585	2883.338823082
1965	-70.0302534504585	2885.152764251
1966	-70.0302534504585	2887.127718408
1967	-70.0302534504585	2889.430969264
1968	-70.0302534504585	2892.440784897
1969	-70.0302534504585	2894.174463047
1970	-70.0302534504585	2896.294202137
1971	-70.0302534504585	2898.433826229
1972	-70.0302534504585	2900.657771139
1973	-70.0302534504585	2903.366500379
1974	-70.0302534504585	2905.680845817
1975	-70.0302534504585	2907.544121169
1976	-70.0302534504585	2909.936717121
1977	-70.0302534504585	2913.020942431
1978	-70.0302534504585	2915.272354805
1979	-70.0302534504585	2917.570138626
1980	-70.0302534504585	2919.207613366
1981	-70.0302534504585	2921.176067577
1982	-70.0302534504585	2923.728320591
1983	-70.0302534504585	2925.248946278
1984	-70.0302534504585	2927.095539987
1985	-70.0302534504585	2929.004218593
1986	-70.0302534504585	2931.04013265
1987	-70.0302534504585	2933.155157933
1988	-70.0302534504585	2935.8471659
1989	-70.0302534504585	2937.974743184
1990	-70.0302534504585	2940.191660718
1991	-70.0302534504585	2942.727534862
1992	-70.0302534504585	2945.244390985
1993	-70.0302534504585	2947.83173384
1994	-70.0302534504585	2949.916946728
1995	-70.0302534504585	2952.271416548
1996	-70.0302534504585	2954.899544927
1997	-70.0302534504585	2957.462324323
1998	-70.0302534504585	2959.416956136
1999	-70.0302534504585	2961.398965323
2000	-70.0302534504585	2963.23851626
2001	-70.0302534504585	2965.758119586
2002	-70.0302534504585	2967.968761546
2003	-70.0302534504585	2969.945314246
2004	-70.0302534504585	2972.006968076
2005	-70.0302534504585	2973.996934343
2006	-70.0302534504585	2976.159727196
2007	-70.0302534504585	2978.86872015
2008	-70.0302534504585	2980.800780484
2009	-70.0302534504585	2983.920748507
2010	-70.0302534504585	2986.338774045
2011	-70.0302534504585	2988.587727736
2012	-70.0302534504585	2990.654403564
2013	-70.0302534504585	2992.850160852
2014	-70.0302534504585	2994.654217965
2015	-70.0302534504585	2996.963449889
2016	-70.0302534504585	2998.911661584
2017	-70.0302534504585	3001.395050645
2018	-70.0302534504585	3003.455308921
2019	-70.0302534504585	3006.094104519
2020	-70.0302534504585	3008.593590203
2021	-70.0302534504585	3011.191502488
2022	-70.0302534504585	3013.377704438
2023	-70.0302534504585	3015.405818504
2024	-70.0302534504585	3017.258798689
2025	-70.0302534504585	3019.099775685
2026	-70.0302534504585	3021.341075355
2027	-70.0302534504585	3023.464511593
2028	-70.0302534504585	3026.02777366
2029	-70.0302534504585	3028.120447558
2030	-70.0302534504585	3030.218404604
2031	-70.0302534504585	3032.209828576
2032	-70.0302534504585	3034.305330645
2033	-70.0302534504585	3036.682367384
2034	-70.0302534504585	3038.913489061
2035	-70.0302534504585	3041.30362633
2036	-70.0302534504585	3043.816083965
2037	-70.0302534504585	3046.763496531
2038	-70.0302534504585	3048.954221843
2039	-70.0302534504585	3051.12421256
2040	-70.0302534504585	3052.801488382
2041	-70.0302534504585	3054.864733912
2042	-70.0302534504585	3056.595850458
2043	-70.0302534504585	3058.69755426
2044	-70.0302534504585	3060.369846857
2045	-70.0302534504585	3062.337860592
2046	-70.0302534504585	3064.604566184
2047	-70.0302534504585	3066.252713846
2048	-70.0302534504585	3067.876493628
2049	-70.0302534504585	3069.779650174
2050	-70.0302534504585	3071.457061987
2051	-70.0302534504585	3073.358069466
2052	-70.0302534504585	3075.111715012
2053	-70.0302534504585	3077.370636293
2054	-70.0302534504585	3078.463996707
2055	-70.0302534504585	3079.75272582
2056	-70.0302534504585	3081.390093364
2057	-70.0302534504585	3082.688116096
2058	-70.0302534504585	3084.701859237
2059	-70.0302534504585	3086.176684244
2060	-70.0302534504585	3087.964792415
2061	-70.0302534504585	3089.483617139
2062	-70.0302534504585	3092.296151065
2063	-70.0302534504585	3094.472868666
2064	-70.0302534504585	3096.619947781
2065	-70.0302534504585	3098.641970733
2066	-70.0302534504585	3100.97308534
2067	-70.0302534504585	3102.378063376
2068	-70.0302534504585	3104.531114151
2069	-70.0302534504585	3106.618082386
2070	-70.0302534504585	3108.158927496
2071	-70.0302534504585	3110.316133002
2072	-70.0302534504585	3113.087586613
2073	-70.0302534504585	3114.56210685
2074	-70.0302534504585	3116.053051003
2075	-70.0302534504585	3117.760379842
2076	-70.0302534504585	3119.703621712
2077	-70.0302534504585	3121.507244051
2078	-70.0302534504585	3123.14918941
2079	-70.0302534504585	3125.404948956
2080	-70.0302534504585	3127.5125329
2081	-70.0302534504585	3129.432629389
2082	-70.0302534504585	3130.997943589
2083	-70.0302534504585	3132.609358678
2084	-70.0302534504585	3133.987262399
2085	-70.0302534504585	3135.518635704
2086	-70.0302534504585	3137.048586086
2087	-70.0302534504585	3139.06537065
2088	-70.0302534504585	3141.169778604
2089	-70.0302534504585	3143.488383689
2090	-70.0302534504585	3145.051694222
2091	-70.0302534504585	3146.144841098
2092	-70.0302534504585	3147.447925457
2093	-70.0302534504585	3149.423783088
2094	-70.0302534504585	3150.85424773
2095	-70.0302534504585	3152.9270677
2096	-70.0302534504585	3153.896555961
2097	-70.0302534504585	3155.120344067
2098	-70.0302534504585	3155.931544877
2099	-70.0302534504585	3157.210591783
2100	-70.0302534504585	3158.252385413
2101	-70.0302534504585	3159.107786364
2102	-70.0302534504585	3159.901717942
2103	-70.0302534504585	3161.314595184
2104	-70.0302534504585	3162.332353072
2105	-70.0302534504585	3163.367777617
2106	-70.0302534504585	3164.337220832
2107	-70.0302534504585	3165.33868595
2108	-70.0302534504585	3166.620362884
2109	-70.0302534504585	3168.000931415
2110	-70.0302534504585	3169.07844324
2111	-70.0302534504585	3170.163803809
2112	-70.0302534504585	3171.194981537
2113	-70.0302534504585	3172.011225442
2114	-70.0302534504585	3172.698278123
2115	-70.0302534504585	3173.692811372
2116	-70.0302534504585	3175.009360902
2117	-70.0302534504585	3175.859402298
2118	-70.0302534504585	3177.050806998
2119	-70.0302534504585	3178.010736499
2120	-70.0302534504585	3179.223939493
2121	-70.0302534504585	3180.217443254
2122	-70.0302534504585	3181.214426919
2123	-70.0302534504585	3182.174897251
2124	-70.0302534504585	3183.40647537
2125	-70.0302534504585	3184.329952833
2126	-70.0302534504585	3185.6392375
2127	-70.0302534504585	3186.494312298
2128	-70.0302534504585	3187.37568338
2129	-70.0302534504585	3188.439718346
2130	-70.0302534504585	3189.556474172
2131	-70.0302534504585	3190.465561609
2132	-70.0302534504585	3191.401146321
2133	-70.0302534504585	3192.50917958
2134	-70.0302534504585	3193.813565125
2135	-70.0302534504585	3195.003651818
2136	-70.0302534504585	3196.341690881
2137	-70.0302534504585	3197.503946039
2138	-70.0302534504585	3198.546668518
2139	-70.0302534504585	3199.755650924
2140	-70.0302534504585	3200.650162164
2141	-70.0302534504585	3201.540268072
2142	-70.0302534504585	3202.441489374
2143	-70.0302534504585	3203.416185517
2144	-70.0302534504585	3204.281958326
2145	-70.0302534504585	3205.170913864
2146	-70.0302534504585	3206.074553366
2147	-70.0302534504585	3206.968148586
2148	-70.0302534504585	3208.187270496
2149	-70.0302534504585	3209.036544409
2150	-70.0302534504585	3210.075291769
2151	-70.0302534504585	3211.015851154
2152	-70.0302534504585	3211.869619634
2153	-70.0302534504585	3212.857422864
2154	-70.0302534504585	3213.800782765
2155	-70.0302534504585	3214.880653205
2156	-70.0302534504585	3216.58115167
2157	-70.0302534504585	3217.513251917
2158	-70.0302534504585	3218.716457956
2159	-70.0302534504585	3219.849416747
2160	-70.0302534504585	3220.953164985
2161	-70.0302534504585	3222.134014223
2162	-70.0302534504585	3223.619981993
2163	-70.0302534504585	3224.53634427
2164	-70.0302534504585	3225.480882195
2165	-70.0302534504585	3226.550416414
2166	-70.0302534504585	3227.53545277
2167	-70.0302534504585	3228.527313797
2168	-70.0302534504585	3229.429483619
2169	-70.0302534504585	3230.548734052
2170	-70.0302534504585	3231.4848308
2171	-70.0302534504585	3232.269436829
2172	-70.0302534504585	3233.536757947
2173	-70.0302534504585	3234.319899714
2174	-70.0302534504585	3235.154521309
2175	-70.0302534504585	3235.856532218
2176	-70.0302534504585	3236.677231347
2177	-70.0302534504585	3237.502600947
2178	-70.0302534504585	3238.431431978
2179	-70.0302534504585	3239.422901566
2180	-70.0302534504585	3240.414386834
2181	-70.0302534504585	3241.713010553
2182	-70.0302534504585	3243.048540755
2183	-70.0302534504585	3244.712197739
2184	-70.0302534504585	3245.804858523
2185	-70.0302534504585	3247.001229912
2186	-70.0302534504585	3248.443102742
2187	-70.0302534504585	3249.510153474
2188	-70.0302534504585	3250.727068157
2189	-70.0302534504585	3251.977185902
2190	-70.0302534504585	3253.01024442
2191	-70.0302534504585	3254.111427918
2192	-70.0302534504585	3255.06284896
2193	-70.0302534504585	3256.46721375
2194	-70.0302534504585	3257.768815031
2195	-70.0302534504585	3258.952388093
2196	-70.0302534504585	3260.06322814
2197	-70.0302534504585	3261.421139661
2198	-70.0302534504585	3262.564804446
2199	-70.0302534504585	3263.373337309
2200	-70.0302534504585	3264.130897819
2201	-70.0302534504585	3264.787287374
2202	-70.0302534504585	3265.684788435
2203	-70.0302534504585	3266.656209088
2204	-70.0302534504585	3267.508803821
2205	-70.0302534504585	3268.675863162
2206	-70.0302534504585	3269.723172865
2207	-70.0302534504585	3270.88333569
2208	-70.0302534504585	3271.980584553
2209	-70.0302534504585	3273.059161219
2210	-70.0302534504585	3274.073446046
2211	-70.0302534504585	3275.140806679
2212	-70.0302534504585	3276.132158521
2213	-70.0302534504585	3276.97732674
2214	-70.0302534504585	3278.029319175
2215	-70.0302534504585	3279.068652411
2216	-70.0302534504585	3281.096370762
2217	-70.0302534504585	3282.406928961
2218	-70.0302534504585	3283.318619625
2219	-70.0302534504585	3284.516262835
2220	-70.0302534504585	3285.597743793
2221	-70.0302534504585	3286.833803935
2222	-70.0302534504585	3287.918198307
2223	-70.0302534504585	3289.075274948
2224	-70.0302534504585	3290.419069851
2225	-70.0302534504585	3291.504700978
2226	-70.0302534504585	3292.547113271
2227	-70.0302534504585	3293.648501184
2228	-70.0302534504585	3294.960442107
2229	-70.0302534504585	3296.418397876
2230	-70.0302534504585	3297.603662994
2231	-70.0302534504585	3298.899971718
2232	-70.0302534504585	3300.462949257
2233	-70.0302534504585	3301.689278155
2234	-70.0302534504585	3302.669258586
2235	-70.0302534504585	3303.643976966
2236	-70.0302534504585	3304.472232327
2237	-70.0302534504585	3305.332627051
2238	-70.0302534504585	3306.256257612
2239	-70.0302534504585	3307.138761387
2240	-70.0302534504585	3308.287473828
2241	-70.0302534504585	3309.447402303
2242	-70.0302534504585	3310.626113022
2243	-70.0302534504585	3311.77185902
2244	-70.0302534504585	3313.499049199
2245	-70.0302534504585	3314.700996531
2246	-70.0302534504585	3315.7060784
2247	-70.0302534504585	3316.633472537
2248	-70.0302534504585	3317.471369336
2249	-70.0302534504585	3318.559046325
2250	-70.0302534504585	3319.643552741
2251	-70.0302534504585	3320.548208901
2252	-70.0302534504585	3321.569998073
2253	-70.0302534504585	3322.869684066
2254	-70.0302534504585	3324.156628752
2255	-70.0302534504585	3325.456130858
2256	-70.0302534504585	3326.407539925
2257	-70.0302534504585	3327.427626492
2258	-70.0302534504585	3328.516652564
2259	-70.0302534504585	3329.755277731
2260	-70.0302534504585	3330.914609781
2261	-70.0302534504585	3332.008542671
2262	-70.0302534504585	3333.479202114
2263	-70.0302534504585	3334.456660569
2264	-70.0302534504585	3335.687958152
2265	-70.0302534504585	3336.839743093
2266	-70.0302534504585	3338.090112579
2267	-70.0302534504585	3339.160688545
2268	-70.0302534504585	3340.357552583
2269	-70.0302534504585	3341.730659819
2270	-70.0302534504585	3342.85156838
2271	-70.0302534504585	3344.019069623
2272	-70.0302534504585	3345.058442203
2273	-70.0302534504585	3346.223819752
2274	-70.0302534504585	3347.087480271
2275	-70.0302534504585	3347.998551418
2276	-70.0302534504585	3348.834025741
2277	-70.0302534504585	3349.949826775
2278	-70.0302534504585	3350.872269903
2279	-70.0302534504585	3352.032890025
2280	-70.0302534504585	3353.105011507
2281	-70.0302534504585	3354.20099311
2282	-70.0302534504585	3355.264666858
2283	-70.03025345046474	3356.235461437
2284	-70.03025345046474	3357.162232635
2285	-70.03025345046474	3358.393042986
2286	-70.03025345046474	3359.524028045
2287	-70.03025345046474	3361.199015386
2288	-70.03025345046474	3362.46575519
2289	-70.03025345046474	3363.810615503
2290	-70.03025345046474	3365.053760326
2291	-70.03025345046474	3365.970148262
2292	-70.03025345046474	3367.160464174
2293	-70.03025345046474	3368.262656633
2294	-70.03025345046474	3369.554812052
2295	-70.03025345046474	3370.57181044
2296	-70.03025345046474	3371.781148648
2297	-70.03025345046474	3372.480565737
2298	-70.03025345046474	3373.374973771
2299	-70.03025345046474	3374.555233712
2300	-70.03025345046474	3375.390538687
2301	-70.03025345046474	3376.333988963
2302	-70.03025345046474	3377.505368677
2303	-70.03025345046474	3378.574411387
2304	-70.03025345046474	3379.619592835
2305	-70.03025345046474	3380.542935162
2306	-70.03025345046474	3381.493636332
2307	-70.03025345046474	3382.533842537
2308	-70.03025345046474	3383.784517079
2309	-70.03025345046474	3384.667748138
2310	-70.03025345046474	3385.386770834
2311	-70.03025345046474	3386.518568706
2312	-70.03025345046474	3387.599056668
2313	-70.03025345046474	3388.80713617
2314	-70.03025345046474	3389.849701275
2315	-70.03025345046474	3390.967948447
2316	-70.03025345046474	3392.226493114
2317	-70.03025345046474	3393.773157641
2318	-70.03025345046474	3395.498401742
2319	-70.03025345046474	3396.654961786
2320	-70.03025345046474	3398.17214178
2321	-70.03025345046474	3399.377548775
2322	-70.03025345046474	3400.403859882
2323	-70.03025345046474	3401.5829743
2324	-70.03025345046474	3402.709688308
2325	-70.03025345046474	3403.749613407
2326	-70.03025345046474	3404.705697794
2327	-70.03025345046474	3405.895552702
2328	-70.03025345046474	3407.021647763
2329	-70.03025345046474	3408.485144123
2330	-70.03025345046474	3410.183320181
2331	-70.03025345046474	3411.600529199
2332	-70.03025345046474	3413.203697263
2333	-70.03025345046474	3414.716485611
2334	-70.03025345046474	3416.155459851
2335	-70.03025345046474	3417.411137004
2336	-70.03025345046474	3418.820918083
2337	-70.03025345046474	3420.325223916
2338	-70.03025345046474	3421.421054702
2339	-70.03025345046474	3422.421994385
2340	-70.03025345046474	3423.802153515
2341	-70.03025345046474	3424.89011104
2342	-70.03025345046474	3426.036797576
2343	-70.03025345046474	3427.149463104
2344	-70.03025345046474	3428.6641981
2345	-70.03025345046474	3430.159860907
2346	-70.03025345046474	3431.397385881
2347	-70.03025345046474	3432.344374507
2348	-70.03025345046474	3433.976657616
2349	-70.03025345046474	3435.127155054
2350	-70.03025345046474	3436.127090052
2351	-70.03025345046474	3437.373591332
2352	-70.03025345046474	3438.092799912
2353	-70.03025345046474	3439.434387587
2354	-70.03025345046474	3440.431243813
2355	-70.03025345046474	3441.399389263
2356	-70.03025345046474	3442.800796449
2357	-70.03025345046474	3444.038597113
2358	-70.03025345046474	3445.279175486
2359	-70.03025345046474	3446.665299147
2360	-70.03025345046474	3448.372794768
2361	-70.03025345046474	3449.774846275
2362	-70.03025345046474	3451.023890912
2363	-70.03025345046474	3452.166212316
2364	-70.03025345046474	3453.219156692
2365	-70.03025345046474	3454.501534682
2366	-70.03025345046474	3455.593905236
2367	-70.03025345046474	3456.786727157
2368	-70.03025345046474	3457.825233039
2369	-70.03025345046474	3459.146267442
2370	-70.03025345046474	3460.147889649
2371	-70.03025345046474	3461.300330599
2372	-70.03025345046474	3462.476029545
2373	-70.03025345046474	3463.568145507
2374	-70.03025345046474	3464.533129222
2375	-70.03025345046474	3465.479678227
2376	-70.03025345046474	3466.334345621
2377	-70.03025345046474	3467.562287317
2378	-70.03025345046474	3468.558671992
2379	-70.03025345046474	3469.763180072
2380	-70.03025345046474	3470.895199466
2381	-70.03025345046474	3472.345030517
2382	-70.03025345046474	3473.722977573
2383	-70.03025345046474	3474.793403863
2384	-70.03025345046474	3475.861885215
2385	-70.03025345046474	3477.270353134
2386	-70.03025345046474	3478.878772129
2387	-70.03025345046474	3479.982805465
2388	-70.03025345046474	3481.51531631
2389	-70.03025345046474	3482.601432959
2390	-70.03025345046474	3483.706436197
2391	-70.03025345046474	3484.832213659
2392	-70.03025345046474	3485.994324273
2393	-70.03025345046474	3487.061693458
2394	-70.03025345046474	3488.117753098
2395	-70.03025345046474	3489.242281547
2396	-70.03025345046474	3490.454037099
2397	-70.03025345046474	3491.378580544
2398	-70.03025345046474	3492.585489148
2399	-70.03025345046474	3493.709552317
2400	-70.03025345046474	3494.767824601
2401	-70.03025345046474	3495.871072492
2402	-70.03025345046474	3497.545224783
2403	-70.03025345046474	3499.129495993
2404	-70.03025345046474	3500.540238137
2405	-70.03025345046474	3501.809475397
2406	-70.03025345046474	3502.893100291
2407	-70.03025345046474	3504.042100681
2408	-70.03025345046474	3505.169456444
2409	-70.03025345046474	3506.333431312
2410	-70.03025345046474	3507.37312149
2411	-70.03025345046474	3508.695095291
2412	-70.03025345046474	3510.029757655
2413	-70.03025345046474	3511.221048601
2414	-70.03025345046474	3512.51872665
2415	-70.03025345046474	3513.804154902
2416	-70.03025345046474	3514.969517056
2417	-70.03025345046474	3515.906868805
2418	-70.03025345046474	3516.845692514
2419	-70.03025345046474	3517.936243289
2420	-70.03025345046474	3519.045384437
2421	-70.03025345046474	3520.159781079
2422	-70.03025345046474	3521.363710982
2423	-70.03025345046474	3522.32972504
2424	-70.03025345046474	3523.352057038
2425	-70.03025345046474	3524.376361057
2426	-70.03025345046474	3525.502355763
2427	-70.03025345046474	3526.629587224
2428	-70.03025345046474	3527.95059882
2429	-70.03025345046474	3529.215673652
2430	-70.03025345046474	3530.306457637
2431	-70.03025345046474	3531.146794303
2432	-70.03025345046474	3532.121018039
2433	-70.03025345046474	3532.952180257
2434	-70.03025345046474	3533.715996383
2435	-70.03025345046474	3535.068628463
2436	-70.03025345046474	3536.11832586
2437	-70.03025345046474	3537.39021453
2438	-70.03025345046474	3538.725473604
2439	-70.03025345046474	3539.807455764
2440	-70.03025345046474	3540.633299768
2441	-70.03025345046474	3541.987937796
2442	-70.03025345046474	3543.174616429
2443	-70.03025345046474	3543.997411027
2444	-70.03025345046474	3545.047477055
2445	-70.03025345046474	3545.921664527
2446	-70.03025345046474	3546.773777444
2447	-70.03025345046474	3547.735931563
2448	-70.03025345046474	3549.032978406
2449	-70.03025345046474	3550.079489264
2450	-70.03025345046474	3550.895438378
2451	-70.03025345046474	3551.623678287
2452	-70.03025345046474	3552.891107742
2453	-70.03025345046474	3554.181030275
2454	-70.03025345046474	3555.473319976
2455	-70.03025345046474	3556.259838726
2456	-70.03025345046474	3557.503478764
2457	-70.03025345046474	3558.270785342
2458	-70.03025345046474	3559.034934747
2459	-70.03025345046474	3559.890501339
2460	-70.03025345046474	3560.841848255
2461	-70.03025345046474	3562.010610201
2462	-70.03025345046474	3562.951866649
2463	-70.03025345046474	3563.824315024
2464	-70.03025345046474	3564.703826412
2465	-70.03025345046474	3565.898060137
2466	-70.03025345046474	3566.688841385
2467	-70.03025345046474	3567.790148616
2468	-70.03025345046474	3568.860547821
2469	-70.03025345046474	3570.159751999
2470	-70.03025345046474	3571.3995837
2471	-70.03025345046474	3572.359572787
2472	-70.03025345046474	3573.737952621
2473	-70.03025345046474	3575.202788371
2474	-70.03025345046474	3576.07258391
2475	-70.03025345046474	3576.881009007
2476	-70.03025345046474	3577.756921605
2477	-70.03025345046474	3578.832664399
2478	-70.03025345046474	3580.043491673
2479	-70.03025345046474	3580.933930005
2480	-70.03025345046474	3582.070457936
2481	-70.03025345046474	3582.8648719
2482	-70.03025345046474	3583.769012033
2483	-70.03025345046474	3585.183632648
2484	-70.03025345046474	3586.327865062
2485	-70.03025345046474	3587.459702563
2486	-70.03025345046474	3588.651115531
2487	-70.03025345046474	3589.684387587
2488	-70.03025345046474	3590.490222
2489	-70.03025345046474	3591.806760411
2490	-70.03025345046474	3593.204118922
2491	-70.03025345046474	3594.568088773
2492	-70.03025345046474	3595.785132605
2493	-70.03025345046474	3596.688261496
2494	-70.03025345046474	3597.801816529
2495	-70.03025345046474	3599.473743061
2496	-70.03025345046474	3600.57934586
2497	-70.03025345046474	3601.880994467
2498	-70.03025345046474	3604.570897842
2499	-70.03025345046474	3605.94914311
2500	-70.03025345046474	3607.199735258
2501	-70.03025345046474	3608.676644615
