1	-70.97797756422199	3.05399426
2	-70.97149170410616	5.724038491
3	-71.00602131481358	7.468617768
4	-71.06679499446246	8.814273634
5	-71.06679499446246	9.619647059
6	-71.06679499446246	10.415984283
7	-71.06679499446246	11.935819736
8	-71.06679499446246	12.923334126
9	-71.06679499446246	13.817081286
10	-71.06679499446246	15.083862619
11	-71.06679499446246	16.40004955
12	-71.06679499446246	17.622872095
13	-71.06679499446246	18.766728305
14	-71.06679499446246	20.032332181
15	-71.06679499446246	21.136981627
16	-71.06679499446246	22.113140538
17	-71.06679499446246	23.709200532
18	-71.06679499446246	25.259345391
19	-71.06679499446246	27.076150701
20	-71.06679499446246	31.706145415
21	-71.06679499446246	32.969035152
22	-71.13906627940726	34.358506688
23	-71.13906627940726	35.780398214
24	-71.13906627940726	37.457820227
25	-71.13906627940726	38.867464487
26	-71.13906627940726	40.51702438
27	-71.13906627940726	42.015039523
28	-71.13906627940726	43.175542643
29	-71.13906627940726	44.685915101
30	-71.21475882937162	46.18209763
31	-71.21475882937162	47.863108465
32	-71.21475882937162	48.611206429
33	-71.24738577944714	49.596604247
34	-71.24738577944714	50.23136467
35	-71.24738577944714	50.861104221
36	-71.24738577944714	51.693493308
37	-71.24738577944714	52.508349399
38	-71.24738577944714	53.290985352
39	-71.24738577944714	54.036038463
40	-71.24738577944714	55.28128202
41	-71.24738577944714	56.757050917
42	-71.24738577944714	58.180610271
43	-71.24738577944714	59.602908919
44	-71.24738577944714	60.724711609
45	-71.24738577944714	61.951300306
46	-71.24738577944714	63.347534096
47	-71.24738577944714	64.837508888
48	-71.24738577944714	66.203219733
49	-71.24738577944714	67.441393984
50	-71.24738577944714	68.670586488
51	-71.24738577944714	69.91490604
52	-71.24738577944714	71.123524116
53	-71.24738577944714	72.580568019
54	-71.24738577944714	73.742374609
55	-71.24738577944714	75.339787681
56	-71.24738577944714	76.425881767
57	-71.24738577944714	77.309574353
58	-71.24738577944714	78.235068387
59	-71.24738577944714	79.555118404
60	-71.24738577944714	81.067227399
61	-71.24738577944714	82.252284068
62	-71.24738577944714	83.413186325
63	-71.24738577944714	84.518227496
64	-71.24738577944714	85.532510653
65	-71.24738577944714	86.739477152
66	-71.24738577944714	87.89454287
67	-71.24738577944714	89.197784613
68	-71.24738577944714	90.538263088
69	-71.24738577944714	91.897545529
70	-71.24738577944714	93.515625116
71	-71.24738577944714	94.858669194
72	-71.24738577944714	96.004460368
73	-71.24738577944714	97.118568531
74	-71.24738577944714	98.54305189
75	-71.24738577944714	99.882730948
76	-71.24738577944714	101.45068877
77	-71.24738577944714	103.136622973
78	-71.24738577944714	105.306448247
79	-71.24738577944714	106.710554466
80	-71.24738577944714	107.934927947
81	-71.30271795620804	108.864449854
82	-71.30271795620804	109.40299633
83	-71.30271795620924	109.907517994
84	-71.30271795620924	110.579743514
85	-71.30271795620924	111.290821991
86	-71.30271795620924	112.023475877
87	-71.30271795620924	112.944022594
88	-71.30271795620924	113.954053789
89	-71.30271795620924	115.010343664
90	-71.30271795620924	116.747316509
91	-71.30271795620924	120.634914947
92	-71.30271795620924	122.175184844
93	-71.30271795620924	124.734661551
94	-71.30271795620924	125.990969786
95	-71.30271795620924	127.50397513
96	-71.30271795620924	128.660185519
97	-71.30271795620924	129.958815792
98	-71.30271795620924	131.331099301
99	-71.30271795620924	132.410066206
100	-71.30271795620924	133.968446994
101	-71.30271795620924	134.987757865
102	-71.30271795620924	136.08106067
103	-71.30271795620924	137.433151783
104	-71.30271795620924	138.460497588
105	-71.30271795620924	139.782444367
106	-71.30271795620924	141.017748816
107	-71.30271795620924	142.024893102
108	-71.30271795620924	142.794238043
109	-71.30271795620924	143.740153121
110	-71.30271795620924	144.959082644
111	-71.30271795620924	146.287790537
112	-71.30271795620924	147.529549048
113	-71.30271795620924	149.019113583
114	-71.30271795620924	149.996569693
115	-71.30271795620924	151.17471101
116	-71.30271795620924	152.265982772
117	-71.30271795620924	153.888823791
118	-71.30271795620924	155.58129331
119	-71.30271795620924	157.055805492
120	-71.30271795620924	158.862010265
121	-71.30271795620924	160.170007738
122	-71.30271795620924	161.705367951
123	-71.30271795620924	162.863552078
124	-71.30271795620924	164.481881697
125	-71.30271795620924	165.69646204
126	-71.30271795620924	167.3072374
127	-71.30271795620924	168.889655424
128	-71.30271795620924	169.965492802
129	-71.30271795620924	171.175486193
130	-71.30271795620924	172.407450426
131	-71.30271795620924	173.886647633
132	-71.30271795620924	175.211364431
133	-71.30271795620924	176.314880894
134	-71.30271795620924	177.513490867
135	-71.30271795620924	178.884184666
136	-71.30271795620924	180.168526365
137	-71.30271795620924	181.580713419
138	-71.30271795620924	182.984538816
139	-71.30271795620924	184.029061244
140	-71.30271795620924	185.14265566
141	-71.30271795620924	186.154337291
142	-71.30271795620924	187.088053284
143	-71.30271795620924	188.519098473
144	-71.30271795620924	189.521030586
145	-71.30271795620924	190.544600831
146	-71.30271795620924	191.683576152
147	-71.30271795620924	192.656192713
148	-71.30271795620924	193.968506864
149	-71.30271795620924	195.195082733
150	-71.30271795620924	196.32731148
151	-71.30271795620924	197.896115189
152	-71.30271795620924	200.328241472
153	-71.30271795620924	201.799933458
154	-71.30271795620924	203.434049558
155	-71.30271795620924	204.513562427
156	-71.30271795620924	205.387067869
157	-71.30271795620924	206.708858129
158	-71.30271795620924	207.928384078
159	-71.30271795620924	209.546518689
160	-71.30271795620924	210.81054768
161	-71.30271795620924	212.185468922
162	-71.30271795620924	213.124273925
163	-71.30271795620924	214.288353892
164	-71.30271795620924	215.413898216
165	-71.30271795620924	216.525191886
166	-71.30271795620924	217.798167272
167	-71.30271795620924	218.874000658
168	-71.30271795620924	220.542981755
169	-71.30271795620924	221.588193267
170	-71.30271795620924	222.925943064
171	-71.30271795620924	224.060480825
172	-71.30271795620924	225.543625223
173	-71.30271795620924	226.896470992
174	-71.30271795620924	228.114125269
175	-71.30271795620924	229.763436841
176	-71.30271795620924	231.103359659
177	-71.30271795620924	232.33848307
178	-71.30271795620924	233.670264041
179	-71.30271795620924	235.402873167
180	-71.30271795620924	236.50221208
181	-71.30271795620924	237.816105393
182	-71.30271795620924	239.038990375
183	-71.30271795620924	240.034301072
184	-71.30271795620924	241.100412025
185	-71.30271795620924	242.127343867
186	-71.30271795620924	243.452472347
187	-71.30271795620924	244.731792318
188	-71.30271795620924	246.193544626
189	-71.30271795620924	247.544419508
190	-71.30271795620924	248.982724733
191	-71.30271795620924	250.468636299
192	-71.30271795620924	251.825546719
193	-71.30271795620924	253.383597933
194	-71.30271795620924	254.32330841
195	-71.30271795620924	255.986235153
196	-71.30271795620924	257.356020913
197	-71.30271795620924	258.804015215
198	-71.30271795620924	260.179540866
199	-71.30271795620924	261.424681217
200	-71.30271795620924	262.698063724
201	-71.30271795620924	263.790890699
202	-71.30271795620924	265.217717854
203	-71.30271795620924	266.527516865
204	-71.30271795620924	267.350172114
205	-71.30271795620924	268.598358174
206	-71.30271795620924	269.92698681
207	-71.30271795620924	271.011110294
208	-71.30271795620924	272.378677416
209	-71.30271795620924	273.843363959
210	-71.30271795620924	275.009268557
211	-71.30271795620924	276.118837949
212	-71.30271795620924	277.414498634
213	-71.30271795620924	278.961178119
214	-71.30271795620924	280.081837849
215	-71.30271795620924	281.658318409
216	-71.30271795620924	283.004070353
217	-71.30271795620924	284.708217512
218	-71.30271795620924	286.424962895
219	-71.30271795620924	287.630735115
220	-71.30271795620924	288.993301037
221	-71.30271795620924	290.301860155
222	-71.30271795620924	291.508698074
223	-71.30271795620924	292.862262577
224	-71.30271795620924	294.280293583
225	-71.30271795620924	295.736261239
226	-71.30271795620924	297.16822245
227	-71.30271795620924	298.74376247
228	-71.30271795620924	300.420539874
229	-71.30271795620924	301.905667989
230	-71.30271795620924	303.292475848
231	-71.30271795620924	304.670253493
232	-71.30271795620924	305.634574539
233	-71.30271795620924	306.658412491
234	-71.30271795620924	307.913066584
235	-71.30271795620924	309.19962578
236	-71.30271795620924	310.976402101
237	-71.30271795620924	312.415229627
238	-71.30271795620924	313.94385239
239	-71.30271795620924	315.083282443
240	-71.30271795620924	316.569648741
241	-71.30271795620924	317.898750926
242	-71.30271795620924	318.976908151
243	-71.30271795620924	320.151795922
244	-71.30271795620924	321.646480543
245	-71.30271795620924	323.118171389
246	-71.30271795620924	324.402776519
247	-71.30271795620924	325.885715931
248	-71.30271795620924	327.141465943
249	-71.30271795620924	328.682654143
250	-71.30271795620924	329.772655791
251	-71.30271795620924	330.825050648
252	-71.30271795620924	332.253752041
253	-71.30271795620924	333.333765828
254	-71.30271795620924	334.895604577
255	-71.30271795620924	336.356177432
256	-71.30271795620924	337.478896144
257	-71.30271795620924	338.825585493
258	-71.30271795620924	339.844587317
259	-71.30271795620924	341.038596938
260	-71.30271795620924	342.333298836
261	-71.30271795620924	343.26026854
262	-71.30271795620924	344.806735056
263	-71.30271795620924	346.044436329
264	-71.30271795620924	347.297992792
265	-71.30271795620924	348.215508339
266	-71.30271795620924	349.495409057
267	-71.30271795620924	350.783086409
268	-71.30271795620924	351.776983588
269	-71.30271795620924	353.719408489
270	-71.30271795620924	354.925752903
271	-71.30271795620924	356.364391124
272	-71.30271795620924	357.609904669
273	-71.30271795620924	358.597409366
274	-71.30271795620924	359.443352327
275	-71.30271795620924	360.603503919
276	-71.30271795620924	361.668161439
277	-71.30271795620924	362.56072829
278	-71.30271795620924	363.726663679
279	-71.30271795620924	364.869254051
280	-71.30271795620924	366.049252785
281	-71.30271795620924	367.49482546
282	-71.30271795620924	368.794395702
283	-71.30271795620924	370.501974593
284	-71.30271795620924	372.115997227
285	-71.30271795620924	373.535308611
286	-71.30271795620924	374.875468631
287	-71.30271795620924	375.972631386
288	-71.30271795620924	377.413601144
289	-71.30271795620924	378.837492923
290	-71.30271795620924	380.154483262
291	-71.30271795620924	381.66417576
292	-71.30271795620924	382.554982983
293	-71.30271795620924	384.090988089
294	-71.30271795620924	385.107904987
295	-71.30271795620924	386.043656299
296	-71.30271795620924	387.154063311
297	-71.30271795620924	388.377166393
298	-71.30271795620924	389.310732424
299	-71.30271795620924	390.277521854
300	-71.30271795620924	391.312503172
301	-71.30271795620924	392.679923183
302	-71.30271795620924	394.254739907
303	-71.30271795620924	395.899034599
304	-71.30271795620924	397.339672216
305	-71.30271795620924	398.360473298
306	-71.30271795620924	399.676927082
307	-71.30271795620924	400.961955583
308	-71.30271795620924	401.948423091
309	-71.30271795620924	403.344204144
310	-71.30271795620924	404.983635623
311	-71.30271795620924	406.391308996
312	-71.30271795620924	407.701425892
313	-71.30271795620924	409.240348128
314	-71.30271795620924	410.218908426
315	-71.30271795620924	411.703736332
316	-71.30271795620924	412.699823638
317	-71.30271795620924	414.095410824
318	-71.30271795620924	415.660944737
319	-71.30271795620924	416.991614394
320	-71.30271795620924	417.967782144
321	-71.30271795620924	419.026017246
322	-71.30271795620924	420.093764095
323	-71.30271795620924	421.171717474
324	-71.30271795620924	422.237888297
325	-71.30271795620924	423.25346124
326	-71.30271795620924	424.252457693
327	-71.30271795620924	425.532913497
328	-71.30271795620924	429.147299346
329	-71.30271795620924	430.211919803
330	-71.30271795620924	431.282600316
331	-71.30271795620924	432.509500057
332	-71.30271795620924	433.856749625
333	-71.30271795620924	434.941869814
334	-71.30271795620924	436.027038755
335	-71.30271795620924	437.06079928
336	-71.30271795620924	437.920390768
337	-71.30271795620924	439.334073164
338	-71.30271795620924	440.624820744
339	-71.30271795620924	442.219053541
340	-71.30271795620924	443.251374603
341	-71.30271795620924	444.36302379
342	-71.30271795620924	445.262639135
343	-71.30271795620924	446.172988444
344	-71.30271795620924	447.408236728
345	-71.30271795620924	448.424753062
346	-71.30271795620924	449.855200969
347	-71.30271795620924	451.050271157
348	-71.30271795620924	451.993515147
349	-71.30271795620924	453.093442218
350	-71.30271795620924	454.237187525
351	-71.30271795620924	455.236348194
352	-71.30271795620924	456.32465208
353	-71.30271795620924	457.621223085
354	-71.30271795620924	458.975211244
355	-71.30271795620924	460.029285617
356	-71.30271795620924	461.194737193
357	-71.30271795620924	462.827462297
358	-71.30271795620924	463.746062075
359	-71.30271795620924	464.679333884
360	-71.30271795620924	465.721305535
361	-71.30271795620924	467.317530031
362	-71.30271795620924	468.757935578
363	-71.30271795620924	470.209474227
364	-71.30271795620924	471.820615368
365	-71.30271795620924	473.457578749
366	-71.30271795620924	475.035801546
367	-71.30271795620924	476.532081294
368	-71.30271795620924	477.955772079
369	-71.30271795620924	479.24775157
370	-71.30271795620924	480.653470591
371	-71.30271795620924	482.413521316
372	-71.30271795620924	483.976495898
373	-71.30271795620924	485.68404799
374	-71.30271795620924	486.855054428
375	-71.30271795620924	488.033097101
376	-71.30271795620924	489.368461477
377	-71.30271795620924	490.681818519
378	-71.30271795620924	492.099369134
379	-71.30271795620924	493.50618607
380	-71.30271795620924	495.477102018
381	-71.30271795620924	496.851068464
382	-71.30271795620924	497.980974798
383	-71.30271795620924	499.323711825
384	-71.30271795620924	500.454587779
385	-71.30271795620924	501.372329125
386	-71.30271795620924	502.507107794
387	-71.30271795620924	503.433010374
388	-71.30271795620924	504.48358231
389	-71.30271795620924	505.53023243
390	-71.30271795620924	506.657278939
391	-71.30271795620924	508.120413405
392	-71.30271795620924	509.463085999
393	-71.30271795620924	510.995827011
394	-71.30271795620924	512.387631794
395	-71.30271795620924	513.396993578
396	-71.30271795620924	514.757766229
397	-71.30271795620924	516.231523755
398	-71.30271795620924	517.539270912
399	-71.30271795620924	518.680511627
400	-71.30271795620924	519.800448061
401	-71.30271795620924	520.720002064
402	-71.30271795620924	521.827419247
403	-71.30271795620924	523.028602521
404	-71.30271795620924	524.289129645
405	-71.30271795620924	525.431647317
406	-71.30271795620924	526.523269751
407	-71.30271795620924	527.82228291
408	-71.30271795620924	529.362652307
409	-71.30271795620924	530.455842498
410	-71.30271795620924	531.772634979
411	-71.30271795620924	533.014025712
412	-71.30271795620924	534.429660465
413	-71.30271795620924	535.808366676
414	-71.30271795620924	536.920461187
415	-71.30271795620924	537.844205285
416	-71.30271795620924	538.973904637
417	-71.30271795620924	539.970847524
418	-71.30271795620924	541.346714153
419	-71.30271795620924	542.585843484
420	-71.30271795620924	543.787975281
421	-71.30271795620924	545.068600149
422	-71.30271795620924	546.172859294
423	-71.30271795620924	547.483324296
424	-71.30271795620924	548.570472677
425	-71.30271795620924	549.911565254
426	-71.30271795620924	551.157030333
427	-71.30271795620924	552.401493005
428	-71.30271795620924	553.602579059
429	-71.30271795620924	554.857180979
430	-71.30271795620924	556.305682472
431	-71.30271795620924	557.552680526
432	-71.30271795620924	559.376507245
433	-71.30271795620924	560.775827513
434	-71.30271795620924	562.112226227
435	-71.30271795620924	563.189589737
436	-71.30271795620924	564.481437798
437	-71.30271795620924	565.744265669
438	-71.30271795620924	566.821075803
439	-71.30271795620924	567.712388505
440	-71.30271795620924	568.895373362
441	-71.30271795620924	569.909873764
442	-71.30271795620924	571.034030514
443	-71.30271795620924	572.252576009
444	-71.30271795620924	573.286656415
445	-71.30271795620924	574.3914658
446	-71.30271795620924	575.411518498
447	-71.30271795620924	576.274238658
448	-71.30271795620924	577.670571948
449	-71.30271795620924	578.649094612
450	-71.30271795620924	579.61174441
451	-71.30271795620924	580.669627416
452	-71.30271795620924	581.76204442
453	-71.30271795620924	582.937142308
454	-71.30271795620924	584.273787062
455	-71.30271795620924	585.310861289
456	-71.30271795620924	586.799280297
457	-71.30271795620924	588.369210146
458	-71.30271795620924	589.94724877
459	-71.30271795620924	591.73925506
460	-71.30271795620924	593.060519313
461	-71.30271795620924	594.447311206
462	-71.30271795620924	595.910553154
463	-71.30271795620924	597.255027287
464	-71.30271795620924	599.035203124
465	-71.30271795620924	600.4819199
466	-71.30271795620924	601.648124992
467	-71.30271795620924	602.801028237
468	-71.30271795620924	603.871927421
469	-71.30271795620924	604.998211006
470	-71.30271795620924	605.939924871
471	-71.30271795620924	607.110131607
472	-71.30271795620924	608.256524625
473	-71.30271795620924	609.329955485
474	-71.30271795620924	610.555078206
475	-71.30271795620924	611.398814503
476	-71.30271795620924	612.210954174
477	-71.30271795620924	613.36443845
478	-71.30271795620924	615.09122244
479	-71.30271795620924	616.606026472
480	-71.30271795620924	618.182347092
481	-71.30271795620924	619.638673972
482	-71.30271795620924	621.653818412
483	-71.30271795620924	623.276356941
484	-71.30271795620924	624.465580897
485	-71.30271795620924	626.177061078
486	-71.30271795620924	627.577292806
487	-71.30271795620924	628.727032597
488	-71.30271795620924	630.246869475
489	-71.30271795620924	631.617304689
490	-71.30271795620924	632.824842241
491	-71.30271795620924	633.98862656
492	-71.30271795620924	635.00398853
493	-71.30271795620924	636.023581078
494	-71.30271795620924	637.486381123
495	-71.30271795620924	638.827617676
496	-71.30271795620924	640.436955854
497	-71.30271795620924	642.006762255
498	-71.30271795620924	643.033564092
499	-71.30271795620924	644.460543204
500	-71.30271795620924	645.871086095
501	-71.30271795620924	647.193065945
502	-71.30271795620924	648.31420407
503	-71.30271795620924	649.397918438
504	-71.30271795620924	650.683317282
505	-71.30271795620924	652.094039215
506	-71.30271795620924	653.458540671
507	-71.30271795620924	655.474558938
508	-71.30271795620924	656.908920964
509	-71.30271795620924	658.203372546
510	-71.30271795620924	659.498022841
511	-71.30271795620924	661.400614616
512	-71.30271795620924	662.884645671
513	-71.30271795620924	664.726063261
514	-71.30271795620924	666.499557527
515	-71.30271795620924	668.056879744
516	-71.30271795620924	669.61249593
517	-71.30271795620924	671.001016092
518	-71.30271795620924	672.070736678
519	-71.30271795620924	673.312247153
520	-71.30271795620924	674.494225612
521	-71.30271795620924	677.394424839
522	-71.30271795620924	678.684732512
523	-71.30271795620924	679.835249196
524	-71.30271795620924	681.207664136
525	-71.30271795620924	682.752351066
526	-71.30271795620924	683.771255386
527	-71.30271795620924	685.72840221
528	-71.30271795620924	687.873539083
529	-71.30271795620924	689.437799746
530	-71.30271795620924	690.52365948
531	-71.30271795620924	691.975449016
532	-71.30271795620924	693.07916847
533	-71.30271795620924	694.397702333
534	-71.30271795620924	696.025444768
535	-71.30271795620924	697.211199929
536	-71.30271795620924	698.546251267
537	-71.30271795620924	699.750369915
538	-71.30271795620924	701.3469964
539	-71.30271795620924	702.907997245
540	-71.30271795620924	703.87221366
541	-71.30271795620924	704.991132292
542	-71.30271795620924	706.044070262
543	-71.30271795620924	707.449718009
544	-71.30271795620924	708.93700204
545	-71.30271795620924	709.89701325
546	-71.30271795620924	710.995280477
547	-71.30271795620924	712.259783302
548	-71.30271795620924	713.467556631
549	-71.30271795620924	714.747085009
550	-71.30271795620924	716.280071491
551	-71.30271795620924	717.404830369
552	-71.30271795620924	718.556171844
553	-71.30271795620924	719.637345698
554	-71.30271795620924	720.808484421
555	-71.30271795620924	721.973760947
556	-71.30271795620924	722.82109576
557	-71.30271795620924	723.863379023
558	-71.30271795620924	724.957734983
559	-71.30271795620924	726.357845544
560	-71.30271795620924	727.616415181
561	-71.30271795620924	728.791841218
562	-71.30271795620924	730.339897159
563	-71.30271795620924	731.389974164
564	-71.30271795620924	732.424594547
565	-71.30271795620924	733.370129874
566	-71.30271795620924	734.887837635
567	-71.30271795620924	736.235998949
568	-71.30271795620924	737.512057392
569	-71.30271795620924	738.323239701
570	-71.30271795620924	739.262500577
571	-71.30271795620924	740.5703957
572	-71.30271795620924	741.898436177
573	-71.30271795620924	743.178672455
574	-71.30271795620924	744.430291388
575	-71.30271795620924	745.802909318
576	-71.30271795620924	746.687370245
577	-71.30271795620924	748.103682961
578	-71.30271795620924	749.221555282
579	-71.30271795620924	750.514801466
580	-71.30271795620924	751.521865925
581	-71.30271795620924	752.723898792
582	-71.30271795620924	753.806728784
583	-71.30271795620924	755.151224014
584	-71.30271795620924	756.361191176
585	-71.30271795620924	757.658384836
586	-71.30271795620924	758.95876704
587	-71.30271795620924	761.054955613
588	-71.30271795620924	762.631374022
589	-71.30271795620924	763.790270895
590	-71.30271795620924	765.074853502
591	-71.30271795620924	766.781132914
592	-71.30271795620924	768.513621728
593	-71.30271795620924	769.675353337
594	-71.30271795620924	771.286814359
595	-71.30271795620924	772.710894588
596	-71.30271795620924	774.327783318
597	-71.30271795620924	776.458970885
598	-71.30271795620924	778.032858188
599	-71.30271795620924	779.392393797
600	-71.30271795620924	780.616314256
601	-71.30271795620924	781.783915761
602	-71.30271795620924	783.431651308
603	-71.30271795620924	784.956537853
604	-71.30271795620924	786.369956249
605	-71.30271795620924	787.440182315
606	-71.30271795620924	788.591414597
607	-71.30271795620924	789.76276971
608	-71.30271795620924	791.037918689
609	-71.30271795620924	792.479758282
610	-71.30271795620924	793.943196378
611	-71.30271795620924	795.077748679
612	-71.30271795620924	796.244812773
613	-71.30271795620924	797.370065727
614	-71.30271795620924	799.062949494
615	-71.30271795620924	800.306162863
616	-71.30271795620924	801.738049948
617	-71.30271795620924	803.106241151
618	-71.30271795620924	804.341849515
619	-71.30271795620924	805.531123933
620	-71.30271795620924	806.77340446
621	-71.30271795620924	808.123147786
622	-71.30271795620924	809.459950199
623	-71.30271795620924	810.860396892
624	-71.30271795620924	812.049138175
625	-71.30271795620924	813.864314432
626	-71.30271795620924	815.182813228
627	-71.30271795620924	816.406809809
628	-71.30271795620924	817.934131381
629	-71.30271795620924	819.162466594
630	-71.30271795620924	821.0358426
631	-71.30271795620924	822.49246969
632	-71.30271795620924	823.644994039
633	-71.30271795620924	824.959900022
634	-71.30271795620924	826.479465486
635	-71.30271795620924	827.815801763
636	-71.30271795620924	828.917098449
637	-71.30271795620924	829.90094419
638	-71.30271795620924	831.096850858
639	-71.30271795620924	832.548989069
640	-71.30271795620924	833.565382811
641	-71.30271795620924	834.609144026
642	-71.30271795620924	835.568364657
643	-71.30271795620924	836.611425385
644	-71.30271795620924	837.890718842
645	-71.30271795620924	839.055512126
646	-71.30271795620924	840.43727716
647	-71.30271795620924	841.34552016
648	-71.30271795620924	842.408561455
649	-71.30271795620924	843.71636164
650	-71.30271795620924	844.865055974
651	-71.30271795620924	845.804795245
652	-71.30271795620924	846.970904544
653	-71.30271795620924	847.884139051
654	-71.30271795620924	848.888921295
655	-71.30271795620924	849.879158092
656	-71.30271795620924	851.051840055
657	-71.30271795620924	852.154382907
658	-71.30271795620924	853.25681286
659	-71.30271795620924	854.667309849
660	-71.30271795620924	855.687447221
661	-71.30271795620924	856.866910255
662	-71.30271795620924	858.102120051
663	-71.30271795620924	859.189085683
664	-71.30271795620924	860.144968095
665	-71.30271795620924	861.797101858
666	-71.30271795620924	862.990943557
667	-71.30271795620924	864.068528304
668	-71.30271795620924	865.202440558
669	-71.30271795620924	866.520148206
670	-71.30271795620924	867.800443214
671	-71.30271795620924	868.95774268
672	-71.30271795620924	870.558578076
673	-71.30271795620924	872.326678276
674	-71.30271795620924	873.415585145
675	-71.30271795620924	874.467042883
676	-71.30271795620924	875.593812561
677	-71.30271795620924	876.980579651
678	-71.30271795620924	878.496132067
679	-71.30271795620924	880.197499514
680	-71.30271795620924	881.369445067
681	-71.30271795620924	882.520385693
682	-71.30271795620924	883.966185591
683	-71.30271795620924	885.895373362
684	-71.30271795620924	887.057424852
685	-71.30271795620924	888.25409815
686	-71.30271795620924	889.495422456
687	-71.30271795620924	890.779917823
688	-71.30271795620924	892.13064645
689	-71.30271795620924	893.813038872
690	-71.30271795620924	894.749715899
691	-71.30271795620924	896.036428763
692	-71.30271795620924	897.764130771
693	-71.30271795620924	899.086290804
694	-71.30271795620924	900.717857267
695	-71.30271795620924	902.328236055
696	-71.30271795620924	903.704249794
697	-71.30271795620924	904.948801987
698	-71.30271795620924	906.351180793
699	-71.30271795620924	907.91299759
700	-71.30271795620924	909.258267718
701	-71.30271795620924	910.32001381
702	-71.30271795620924	911.274327324
703	-71.30271795620924	912.74798478
704	-71.30271795620924	913.867008614
705	-71.30271795620924	915.170703663
706	-71.30271795620924	916.888594572
707	-71.30271795620924	918.421404008
708	-71.30271795620924	919.568570783
709	-71.30271795620924	921.020468942
710	-71.30271795620924	922.317810283
711	-71.30271795620924	923.739876005
712	-71.30271795620924	925.021631859
713	-71.30271795620924	926.116134074
714	-71.30271795620924	927.30196165
715	-71.30271795620924	928.491410263
716	-71.30271795620924	929.670610721
717	-71.30271795620924	930.433051428
718	-71.30271795620924	931.399302592
719	-71.30271795620924	932.87647731
720	-71.30271795620924	933.843407579
721	-71.30271795620924	934.85757299
722	-71.30271795620924	935.741126162
723	-71.30271795620924	936.936638824
724	-71.30271795620924	938.118094127
725	-71.30271795620924	939.349728501
726	-71.30271795620924	940.751984999
727	-71.30271795620924	941.979361995
728	-71.30271795620924	943.201296458
729	-71.30271795620924	944.999829511
730	-71.30271795620924	946.205310932
731	-71.30271795620924	947.475973027
732	-71.30271795620924	948.5992129
733	-71.30271795620924	949.76458807
734	-71.30271795620924	951.379744825
735	-71.30271795620924	952.875244543
736	-71.30271795620924	954.083839811
737	-71.30271795620924	955.066503248
738	-71.30271795620924	956.12785733
739	-71.30271795620924	957.30869796
740	-71.30271795620924	958.292541136
741	-71.30271795620924	959.555983964
742	-71.30271795620924	960.900993227
743	-71.30271795620924	962.016783757
744	-71.30271795620924	962.821867807
745	-71.30271795620924	963.930146843
746	-71.30271795620924	965.463015009
747	-71.30271795620924	966.632981693
748	-71.30271795620924	967.856726532
749	-71.30271795620924	968.916291334
750	-71.30271795620924	970.237975537
751	-71.30271795620924	971.574801044
752	-71.30271795620924	972.834587767
753	-71.30271795620924	973.752032326
754	-71.30271795620924	974.848684184
755	-71.30271795620924	976.86698153
756	-71.30271795620924	978.40348784
757	-71.30271795620924	979.574539894
758	-71.30271795620924	981.083410453
759	-71.30271795620924	982.417612196
760	-71.30271795620924	983.842945434
761	-71.30271795620924	984.877988333
762	-71.30271795620924	985.782816991
763	-71.30271795620924	986.80934827
764	-71.30271795620924	987.916871795
765	-71.30271795620924	988.96800167
766	-71.30271795620924	990.450297329
767	-71.30271795620924	991.790933749
768	-71.30271795620924	993.006899957
769	-71.30271795620924	994.243784992
770	-71.30271795620924	995.605260412
771	-71.30271795620924	996.873777141
772	-71.30271795620924	998.386245359
773	-71.30271795620924	999.910955143
774	-71.30271795620924	1001.064356741
775	-71.30271795620924	1002.159801777
776	-71.30271795620924	1003.272330778
777	-71.30271795620924	1004.391874062
778	-71.30271795620924	1005.428025709
779	-71.30271795620924	1006.301750106
780	-71.30271795620924	1007.642504842
781	-71.30271795620924	1008.758323312
782	-71.30271795620924	1009.744678777
783	-71.30271795620924	1010.59779653
784	-71.30271795620924	1011.622313017
785	-71.30271795620924	1012.872096769
786	-71.30271795620924	1014.129171635
787	-71.30271795620924	1015.118390915
788	-71.30271795620924	1015.908178853
789	-71.30271795620924	1016.470367703
790	-71.30271795620924	1017.211530073
791	-71.30271795620924	1018.20681112
792	-71.30271795620924	1019.247200759
793	-71.30271795620924	1020.230065476
794	-71.30271795620924	1021.667625453
795	-71.30271795620924	1023.137403002
796	-71.30271795620924	1024.72215798
797	-71.30271795620924	1026.399831165
798	-71.30271795620924	1027.678507098
799	-71.30271795620924	1028.980942867
800	-71.30271795620924	1030.020837004
801	-71.30271795620924	1031.253795091
802	-71.30271795620924	1032.948055314
803	-71.30271795620924	1034.48326471
804	-71.30271795620924	1035.809056044
805	-71.30271795620924	1037.143714516
806	-71.30271795620924	1038.435913533
807	-71.30271795620924	1039.574887999
808	-71.30271795620924	1040.851182504
809	-71.30271795620924	1042.148854844
810	-71.30271795620924	1043.416271092
811	-71.30271795620924	1044.632172868
812	-71.30271795620924	1045.818491384
813	-71.30271795620924	1047.136819691
814	-71.30271795620924	1048.594898787
815	-71.30271795620924	1049.700340807
816	-71.30271795620924	1050.939707056
817	-71.30271795620924	1052.243633605
818	-71.30271795620924	1053.368968952
819	-71.30271795620924	1055.439991299
820	-71.30271795620924	1056.679197607
821	-71.30271795620924	1057.731902937
822	-71.30271795620924	1058.694256232
823	-71.30271795620924	1060.038397084
824	-71.30271795620924	1061.386910209
825	-71.30271795620924	1062.798660493
826	-71.30271795620924	1064.40356054
827	-71.30271795620924	1065.485502164
828	-71.30271795620924	1066.448963353
829	-71.30271795620924	1067.341848374
830	-71.30271795620924	1068.558598318
831	-71.30271795620924	1069.712456644
832	-71.30271795620924	1070.906412952
833	-71.30271795620924	1071.860923184
834	-71.30271795620924	1073.026911031
835	-71.30271795620924	1073.995725801
836	-71.30271795620924	1075.377610007
837	-71.30271795620924	1076.281553719
838	-71.30271795620924	1077.138457582
839	-71.30271795620924	1077.905183036
840	-71.30271795620924	1078.830780275
841	-71.30271795620924	1079.710089755
842	-71.30271795620924	1080.715966493
843	-71.30271795620924	1081.830865805
844	-71.30271795620924	1083.28687594
845	-71.30271795620924	1084.293523585
846	-71.30271795620924	1085.500178472
847	-71.30271795620924	1087.19329659
848	-71.30271795620924	1088.618795755
849	-71.30271795620924	1089.757424681
850	-71.30271795620924	1091.291564958
851	-71.30271795620924	1092.126080025
852	-71.30271795620924	1093.05392099
853	-71.30271795620924	1094.467542091
854	-71.30271795620924	1095.844991872
855	-71.30271795620924	1096.806268635
856	-71.30271795620924	1097.974761073
857	-71.30271795620924	1099.020098028
858	-71.30271795620924	1100.000581031
859	-71.30271795620924	1100.829584571
860	-71.30271795620924	1101.92993644
861	-71.30271795620924	1103.186689999
862	-71.30271795620924	1104.632255261
863	-71.30271795620924	1105.604412529
864	-71.30271795620924	1106.463907938
865	-71.30271795620924	1107.401200779
866	-71.30271795620924	1108.30017009
867	-71.30271795620924	1109.369047925
868	-71.30271795620924	1110.794306181
869	-71.30271795620924	1112.301303927
870	-71.30271795620924	1113.42575889
871	-71.30271795620924	1114.328383736
872	-71.30271795620924	1115.722810856
873	-71.30271795620924	1116.961347182
874	-71.30271795620924	1118.048833975
875	-71.30271795620924	1119.736980828
876	-71.30271795620924	1121.099213755
877	-71.30271795620924	1122.740165095
878	-71.30271795620924	1124.09419887
879	-71.30271795620924	1125.418312113
880	-71.30271795620924	1126.772822859
881	-71.30271795620924	1127.937983349
882	-71.30271795620924	1129.636415991
883	-71.30271795620924	1130.830819904
884	-71.30271795620924	1132.189648468
885	-71.30271795620924	1133.532034823
886	-71.30271795620924	1135.298143039
887	-71.30271795620924	1136.822735647
888	-71.30271795620924	1138.484281657
889	-71.30271795620924	1139.811966331
890	-71.30271795620924	1141.16621279
891	-71.30271795620924	1142.320112454
892	-71.30271795620924	1143.464746698
893	-71.30271795620924	1144.520510851
894	-71.30271795620924	1145.401224442
895	-71.30271795620924	1146.667886034
896	-71.30271795620924	1147.875114824
897	-71.30271795620924	1149.095651448
898	-71.30271795620924	1150.182909876
899	-71.30271795620924	1151.277351935
900	-71.30271795620924	1152.531964689
901	-71.30271795620924	1153.716649304
902	-71.30271795620924	1155.007190758
903	-71.30271795620924	1156.393555574
904	-71.30271795620924	1157.723773919
905	-71.30271795620924	1159.510831467
906	-71.30271795620924	1160.850142464
907	-71.30271795620924	1161.992709743
908	-71.30271795620924	1163.379203708
909	-71.30271795620924	1164.664886796
910	-71.30271795620924	1166.289809605
911	-71.30271795620924	1167.710169867
912	-71.30271795620924	1168.959259405
913	-71.30271795620924	1169.948624371
914	-71.30271795620924	1170.847908146
915	-71.30271795620924	1171.960100446
916	-71.30271795620924	1174.005147741
917	-71.30271795620924	1175.080103023
918	-71.30271795620924	1176.158238296
919	-71.30271795620924	1177.366466927
920	-71.30271795620924	1178.814671632
921	-71.30271795620924	1179.738135478
922	-71.30271795620924	1180.75019401
923	-71.30271795620924	1181.682255005
924	-71.30271795620924	1182.683184426
925	-71.30271795620924	1183.700147225
926	-71.30271795620924	1184.914944528
927	-71.30271795620924	1186.352082845
928	-71.30271795620924	1187.530516958
929	-71.30271795620924	1189.095545106
930	-71.30271795620924	1190.374836852
931	-71.30271795620924	1191.432645162
932	-71.30271795620924	1192.414740968
933	-71.30271795620924	1193.255399055
934	-71.30271795620924	1193.933780995
935	-71.30271795620924	1194.643434834
936	-71.30271795620924	1195.865434584
937	-71.30271795620924	1197.117217449
938	-71.30271795620924	1198.166809786
939	-71.30271795620924	1199.072069229
940	-71.30271795620924	1200.043262293
941	-71.30271795620924	1201.194551024
942	-71.30271795620924	1202.217322992
943	-71.30271795620924	1203.187256205
944	-71.30271795620924	1204.048900688
945	-71.30271795620924	1204.8955678
946	-71.30271795620924	1205.750619947
947	-71.30271795620924	1207.131064404
948	-71.30271795620924	1208.330777994
949	-71.30271795620924	1209.638303344
950	-71.30271795620924	1211.114767311
951	-71.30271795620924	1212.497842944
952	-71.30271795620924	1213.638847597
953	-71.30271795620924	1214.863389002
954	-71.30271795620924	1215.976224484
955	-71.30271795620924	1217.254452528
956	-71.30271795620924	1221.164897915
957	-71.30271795620924	1222.16171764
958	-71.30271795620924	1223.113224927
959	-71.30271795620924	1224.07564123
960	-71.30271795620924	1225.099320952
961	-71.30271795620924	1225.888770763
962	-71.30271795620924	1226.672595863
963	-71.30271795620924	1227.65080834
964	-71.30271795620924	1228.535514737
965	-71.30271795620924	1230.088945643
966	-71.30271795620924	1231.18565053
967	-71.30271795620924	1232.712602614
968	-71.30271795620924	1233.638244614
969	-71.30271795620924	1234.447304649
970	-71.30271795620924	1235.300821255
971	-71.30271795620924	1236.284701778
972	-71.30271795620924	1237.855756341
973	-71.30271795620924	1239.052858713
974	-71.30271795620924	1240.768918433
975	-71.30271795620924	1242.276063575
976	-71.30271795620924	1243.745375558
977	-71.30271795620924	1245.035757356
978	-71.30271795620924	1246.022817014
979	-71.30271795620924	1247.364579003
980	-71.30271795620924	1248.701841566
981	-71.30271795620924	1250.174767459
982	-71.30271795620924	1251.633165011
983	-71.30271795620924	1253.048051379
984	-71.30271795620924	1254.195262915
985	-71.30271795620924	1255.45096332
986	-71.30271795620924	1256.952420459
987	-71.30271795620924	1258.28264023
988	-71.30271795620924	1259.558414145
989	-71.30271795620924	1261.21191068
990	-71.30271795620924	1262.425257401
991	-71.30271795620924	1263.533198026
992	-71.30271795620924	1264.641644415
993	-71.30271795620924	1265.981170376
994	-71.30271795620924	1267.317286272
995	-71.30271795620924	1268.591270337
996	-71.30271795620924	1269.71248829
997	-71.30271795620924	1270.822560026
998	-71.30271795620924	1272.055065091
999	-71.30271795620924	1273.349773831
1000	-71.30271795620924	1274.714302372
1001	-71.30271795620924	1275.959322412
1002	-71.30271795620924	1276.674311016
1003	-71.30271795620924	1277.346062132
1004	-71.30271795620924	1278.213601315
1005	-71.30271795620924	1279.354764483
1006	-71.30271795620924	1280.515366531
1007	-71.30271795620924	1281.745487031
1008	-71.30271795620924	1283.179419699
1009	-71.30271795620924	1284.562859402
1010	-71.30271795620924	1285.966132278
1011	-71.30271795620924	1287.174715286
1012	-71.30271795620924	1288.519792688
1013	-71.30271795620924	1289.793679249
1014	-71.30271795620924	1291.247297693
1015	-71.30271795620924	1292.582942606
1016	-71.30271795620924	1293.648677798
1017	-71.30271795620924	1294.73837382
1018	-71.30271795620924	1296.285752652
1019	-71.30271795620924	1297.382131101
1020	-71.30271795620924	1298.442667805
1021	-71.30271795620924	1299.887460735
1022	-71.30271795620924	1300.944013185
1023	-71.30271795620924	1302.062144375
1024	-71.30271795620924	1303.221363125
1025	-71.30271795620924	1304.07003562
1026	-71.30271795620924	1305.41623631
1027	-71.30271795620924	1306.453747878
1028	-71.30271795620924	1307.384342896
1029	-71.30271795620924	1308.372000691
1030	-71.30271795620924	1309.556003636
1031	-71.30271795620924	1310.411558982
1032	-71.30271795620924	1311.410588221
1033	-71.30271795620924	1312.808006881
1034	-71.30271795620924	1313.729429421
1035	-71.30271795620924	1315.09851954
1036	-71.30271795620924	1316.505595346
1037	-71.30271795620924	1318.14842406
1038	-71.30271795620924	1319.278461825
1039	-71.30271795620924	1320.411330903
1040	-71.30271795620924	1321.59656747
1041	-71.30271795620924	1322.740409425
1042	-71.30271795620924	1323.758211268
1043	-71.30271795620924	1324.660783371
1044	-71.30271795620924	1325.689678403
1045	-71.30271795620924	1326.778017071
1046	-71.30271795620924	1327.604317591
1047	-71.30271795620924	1328.874012062
1048	-71.30271795620924	1330.078521296
1049	-71.30271795620924	1331.127033965
1050	-71.30271795620924	1332.617598055
1051	-71.30271795620924	1333.884619157
1052	-71.30271795620924	1335.104081244
1053	-71.30271795620924	1336.103987162
1054	-71.30271795620924	1337.507657464
1055	-71.30271795620924	1338.566398617
1056	-71.30271795620924	1339.974724581
1057	-71.30271795620924	1341.470525648
1058	-71.30271795620924	1343.159475909
1059	-71.30271795620924	1344.100088153
1060	-71.30271795620924	1345.033273577
1061	-71.30271795620924	1345.999322035
1062	-71.30271795620924	1347.394496969
1063	-71.30271795620924	1348.425084347
1064	-71.30271795620924	1349.617948727
1065	-71.30271795620924	1350.894782923
1066	-71.30271795620924	1352.032737876
1067	-71.30271795620924	1353.283884686
1068	-71.30271795620924	1354.279420326
1069	-71.30271795620924	1355.384486586
1070	-71.30271795620924	1356.712609457
1071	-71.30271795620924	1358.148239887
1072	-71.30271795620924	1359.280579537
1073	-71.30271795620924	1360.32239809
1074	-71.30271795620924	1361.936446097
1075	-71.30271795620924	1363.224157377
1076	-71.30271795620924	1364.592083153
1077	-71.30271795620924	1365.60538443
1078	-71.30271795620924	1366.949732264
1079	-71.30271795620924	1368.282116504
1080	-71.30271795620924	1369.48296165
1081	-71.30271795620924	1370.928499543
1082	-71.30271795620924	1372.17344118
1083	-71.30271795620924	1373.256504098
1084	-71.30271795620924	1374.343356261
1085	-71.30271795620924	1375.628433229
1086	-71.30271795620924	1376.607668925
1087	-71.30271795620924	1377.803638885
1088	-71.30271795620924	1379.108667626
1089	-71.30271795620924	1380.235588977
1090	-71.30271795620924	1381.351632674
1091	-71.30271795620924	1382.256493549
1092	-71.30271795620924	1383.084750131
1093	-71.30271795620924	1384.313290614
1094	-71.30271795620924	1385.752762178
1095	-71.30271795620924	1387.107230444
1096	-71.30271795620924	1388.787327252
1097	-71.30271795620924	1389.974451456
1098	-71.30271795620924	1391.710137081
1099	-71.30271795620924	1392.820513588
1100	-71.30271795620924	1394.443827301
1101	-71.30271795620924	1395.734588281
1102	-71.30271795620924	1397.179317919
1103	-71.30271795620924	1398.603545544
1104	-71.30271795620924	1399.781100127
1105	-71.30271795620924	1401.178156997
1106	-71.30271795620924	1402.257188905
1107	-71.30271795620924	1403.588746074
1108	-71.30271795620924	1405.357958728
1109	-71.30271795620924	1406.566887276
1110	-71.30271795620924	1407.805254539
1111	-71.30271795620924	1409.586778323
1112	-71.30271795620924	1411.066612156
1113	-71.30271795620924	1412.324382092
1114	-71.30271795620924	1413.576767654
1115	-71.30271795620924	1415.173246743
1116	-71.30271795620924	1416.721743447
1117	-71.30271795620924	1418.2042669
1118	-71.30271795620924	1419.417585112
1119	-71.30271795620924	1420.90798299
1120	-71.30271795620924	1422.184685471
1121	-71.30271795620924	1423.471669178
1122	-71.30271795620924	1424.436442961
1123	-71.30271795620924	1425.479888857
1124	-71.30271795620924	1426.473486397
1125	-71.30271795620924	1427.881338242
1126	-71.30271795620924	1428.874499581
1127	-71.30271795620924	1429.634821719
1128	-71.30271795620924	1430.650226739
1129	-71.30271795620924	1431.587726276
1130	-71.30271795620924	1432.84778869
1131	-71.30271795620924	1433.675401234
1132	-71.30271795620924	1434.46992466
1133	-71.30271795620924	1435.873561891
1134	-71.30271795620924	1437.283175645
1135	-71.30271795620924	1438.435479043
1136	-71.30271795620924	1439.911128198
1137	-71.30271795620924	1441.552356084
1138	-71.30271795620924	1442.611570785
1139	-71.30271795620924	1443.714929874
1140	-71.30271795620924	1444.890884199
1141	-71.30271795620924	1446.067883411
1142	-71.30271795620924	1447.587701187
1143	-71.30271795620924	1448.505321651
1144	-71.30271795620924	1449.446476437
1145	-71.30271795620924	1450.658948476
1146	-71.30271795620924	1451.743253569
1147	-71.30271795620924	1452.890317423
1148	-71.30271795620924	1454.11476446
1149	-71.30271795620924	1455.525157389
1150	-71.30271795620924	1456.576936148
1151	-71.30271795620924	1457.777079381
1152	-71.30271795620924	1458.846986707
1153	-71.30271795620924	1460.03643247
1154	-71.30271795620924	1461.278443578
1155	-71.30271795620924	1462.491599569
1156	-71.30271795620924	1463.780922226
1157	-71.30271795620924	1465.275056036
1158	-71.30271795620924	1466.722693966
1159	-71.30271795620924	1468.316325774
1160	-71.30271795620924	1470.144279867
1161	-71.30271795620924	1471.310944823
1162	-71.30271795620924	1472.537915268
1163	-71.30271795620924	1474.128389609
1164	-71.30271795620924	1475.493511725
1165	-71.30271795620924	1477.229176538
1166	-71.30271795620924	1478.518414521
1167	-71.30271795620924	1480.266801005
1168	-71.30271795620924	1481.512626734
1169	-71.30271795620924	1482.716318305
1170	-71.30271795620924	1483.995710121
1171	-71.30271795620924	1485.030822014
1172	-71.30271795620924	1486.014292565
1173	-71.30271795620924	1486.913979755
1174	-71.30271795620924	1488.465230511
1175	-71.30271795620924	1489.512035439
1176	-71.30271795620924	1490.78243895
1177	-71.30271795620924	1492.18793645
1178	-71.30271795620924	1493.56571438
1179	-71.30271795620924	1494.688694528
1180	-71.30271795620924	1495.594626233
1181	-71.30271795620924	1496.862107483
1182	-71.30271795620924	1498.473590743
1183	-71.30271795620924	1499.527116872
1184	-71.30271795620924	1500.763051958
1185	-71.30271795620924	1501.78603604
1186	-71.30271795620924	1502.692344075
1187	-71.30271795620924	1503.930218973
1188	-71.30271795620924	1504.915004399
1189	-71.30271795620924	1506.161580792
1190	-71.30271795620924	1507.572861233
1191	-71.30271795620924	1508.71126208
1192	-71.30271795620924	1510.056092871
1193	-71.30271795620924	1511.358530351
1194	-71.30271795620924	1512.545155347
1195	-71.30271795620924	1513.908532375
1196	-71.30271795620924	1515.284442909
1197	-71.30271795620924	1516.833666043
1198	-71.30271795620924	1518.344427662
1199	-71.30271795620924	1519.568071861
1200	-71.30271795620924	1520.68719947
1201	-71.30271795620924	1522.134928346
1202	-71.30271795620924	1523.143043394
1203	-71.30271795620924	1524.367903824
1204	-71.30271795620924	1525.265164254
1205	-71.30271795620924	1526.424814073
1206	-71.30271795620924	1527.669551865
1207	-71.30271795620924	1529.206715042
1208	-71.30271795620924	1530.575164545
1209	-71.30271795620924	1531.823724654
1210	-71.30271795620924	1532.731663454
1211	-71.30271795620924	1533.741560083
1212	-71.30271795620924	1534.850478025
1213	-71.30271795620924	1535.798148741
1214	-71.30271795620924	1536.886438941
1215	-71.30271795620924	1538.054272232
1216	-71.30271795620924	1539.17472726
1217	-71.30271795620924	1540.550203019
1218	-71.30271795620924	1541.506857478
1219	-71.30271795620924	1542.333162844
1220	-71.30271795620924	1543.485930097
1221	-71.30271795620924	1544.660582377
1222	-71.30271795620924	1545.827602566
1223	-71.30271795620924	1547.208407958
1224	-71.30271795620924	1548.12554575
1225	-71.30271795620924	1549.340458233
1226	-71.30271795620924	1551.072943626
1227	-71.30271795620924	1552.21128888
1228	-71.30271795620924	1553.221763974
1229	-71.30271795620924	1554.512034014
1230	-71.30271795620924	1555.944124374
1231	-71.30271795620924	1557.443313268
1232	-71.30271795620924	1558.549644225
1233	-71.30271795620924	1559.51828309
1234	-71.30271795620924	1560.5024279
1235	-71.30271795620924	1561.730877437
1236	-71.30271795620924	1562.764017017
1237	-71.30271795620924	1564.063249132
1238	-71.30271795620924	1565.180166087
1239	-71.30271795620924	1566.534921447
1240	-71.30271795620924	1567.89997685
1241	-71.30271795620924	1569.267259729
1242	-71.30271795620924	1570.557319936
1243	-71.30271795620924	1572.015595751
1244	-71.30271795620924	1573.46993863
1245	-71.30271795620924	1574.668651523
1246	-71.30271795620924	1575.815196214
1247	-71.30271795620924	1577.038492592
1248	-71.30271795620924	1578.246605473
1249	-71.30271795620924	1579.62320338
1250	-71.30271795620924	1582.143353581
1251	-71.30271795620924	1583.440649877
1252	-71.30271795620924	1585.18481348
1253	-71.30271795620924	1586.398319002
1254	-71.30271795620924	1587.655816098
1255	-71.30271795620924	1588.824088725
1256	-71.30271795620924	1589.956129877
1257	-71.30271795620924	1591.054190408
1258	-71.30271795620924	1592.443279627
1259	-71.30271795620924	1593.476780142
1260	-71.30271795620924	1594.972958109
1261	-71.30271795620924	1595.95704875
1262	-71.30271795620924	1597.000031931
1263	-71.30271795620924	1598.170902662
1264	-71.30271795620924	1599.051302359
1265	-71.30271795620924	1600.100763266
1266	-71.30271795620924	1601.495955591
1267	-71.30271795620924	1603.254057096
1268	-71.30271795620924	1604.12336389
1269	-71.30271795620924	1605.17592667
1270	-71.30271795620924	1606.425199526
1271	-71.30271795620924	1607.651533346
1272	-71.30271795620924	1609.011357474
1273	-71.30271795620924	1610.262173854
1274	-71.30271795620924	1611.84536193
1275	-71.30271795620924	1613.026594286
1276	-71.30271795620924	1614.421692528
1277	-71.30271795620924	1615.762046415
1278	-71.30271795620924	1616.921493814
1279	-71.30271795620924	1618.094667002
1280	-71.30271795620924	1619.632455116
1281	-71.30271795620924	1620.972084852
1282	-71.30271795620924	1622.314643122
1283	-71.30271795620924	1623.523389777
1284	-71.30271795620924	1624.824946587
1285	-71.30271795620924	1625.971670889
1286	-71.30271795620924	1627.150516684
1287	-71.30271795620924	1627.995912256
1288	-71.30271795620924	1628.984141674
1289	-71.30271795620924	1630.896923729
1290	-71.30271795620924	1632.240623819
1291	-71.30271795620924	1633.889908022
1292	-71.30271795620924	1635.0048424
1293	-71.30271795620924	1636.368103963
1294	-71.30271795620924	1637.286505882
1295	-71.30271795620924	1638.700605378
1296	-71.30271795620924	1640.198851452
1297	-71.30271795620924	1641.283261175
1298	-71.30271795620924	1642.478760152
1299	-71.30271795620924	1643.767173344
1300	-71.30271795620924	1645.145267448
1301	-71.30271795620924	1646.407133396
1302	-71.30271795620924	1648.449386439
1303	-71.30271795620924	1649.543348107
1304	-71.30271795620924	1650.852926452
1305	-71.30271795620924	1652.069880242
1306	-71.30271795620924	1653.114257555
1307	-71.30271795620924	1654.540722919
1308	-71.30271795620924	1656.137100228
1309	-71.30271795620924	1657.530852804
1310	-71.30271795620924	1658.938315204
1311	-71.30271795620924	1659.909799924
1312	-71.30271795620924	1661.138322731
1313	-71.30271795620924	1662.298583231
1314	-71.30271795620924	1663.704378374
1315	-71.30271795620924	1664.842925762
1316	-71.30271795620924	1666.079543945
1317	-71.30271795620924	1667.494027754
1318	-71.30271795620924	1668.617730911
1319	-71.30271795620924	1670.104711597
1320	-71.30271795620924	1671.321018498
1321	-71.30271795620924	1672.565970399
1322	-71.30271795620924	1674.147413101
1323	-71.30271795620924	1675.432670821
1324	-71.30271795620924	1676.970379962
1325	-71.30271795620924	1678.750511324
1326	-71.30271795620924	1679.963005031
1327	-71.30271795620924	1681.317207584
1328	-71.30271795620924	1682.306334208
1329	-71.30271795620924	1683.755395634
1330	-71.30271795620924	1685.125171701
1331	-71.30271795620924	1686.254238134
1332	-71.30271795620924	1687.352231382
1333	-71.30271795620924	1688.727314274
1334	-71.30271795620924	1689.575897248
1335	-71.30271795620924	1690.40947206
1336	-71.30271795620924	1691.250355661
1337	-71.30271795620924	1692.287739789
1338	-71.30271795620924	1693.31335077
1339	-71.30271795620924	1694.515708365
1340	-71.30271795620924	1696.119361391
1341	-71.30271795620924	1699.612077405
1342	-71.30271795620924	1700.760799964
1343	-71.30271795620924	1701.927823289
1344	-71.30271795620924	1703.115870928
1345	-71.30271795620924	1704.150277201
1346	-71.30271795620924	1705.074296419
1347	-71.30271795620924	1706.342384645
1348	-71.30271795620924	1707.648410946
1349	-71.30271795620924	1708.674289064
1350	-71.30271795620924	1709.584722191
1351	-71.30271795620924	1710.698233358
1352	-71.30271795620924	1711.850363415
1353	-71.30271795620924	1713.139603964
1354	-71.30271795620924	1714.482740984
1355	-71.30271795620924	1715.800952971
1356	-71.30271795620924	1717.254631
1357	-71.30271795620924	1718.610512499
1358	-71.30271795620924	1719.726767455
1359	-71.30271795620924	1720.553623632
1360	-71.30271795620924	1722.060816956
1361	-71.30271795620924	1723.091712525
1362	-71.30271795620924	1724.703753438
1363	-71.30271795620924	1726.081699005
1364	-71.30271795620924	1727.353666283
1365	-71.30271795620924	1730.792760661
1366	-71.30271795620924	1731.943197518
1367	-71.30271795620924	1733.184313132
1368	-71.30271795620924	1734.24098903
1369	-71.30271795620924	1735.260009671
1370	-71.30271795620924	1736.211057094
1371	-71.30271795620924	1737.240793737
1372	-71.30271795620924	1738.772093291
1373	-71.30271795620924	1739.820020653
1374	-71.30271795620924	1740.959111154
1375	-71.30271795620924	1742.605022925
1376	-71.30271795620924	1744.155900772
1377	-71.30271795620924	1745.691593981
1378	-71.30271795620924	1747.694005915
1379	-71.30271795620924	1748.501254434
1380	-71.30271795620924	1749.359921062
1381	-71.30271795620924	1750.269985272
1382	-71.30271795620924	1751.356675214
1383	-71.30271795620924	1752.711503274
1384	-71.30271795620924	1754.180931577
1385	-71.30271795620924	1755.575765533
1386	-71.30271795620924	1756.704288568
1387	-71.30271795620924	1757.768136977
1388	-71.30271795620924	1759.092684426
1389	-71.30271795620924	1762.19591408
1390	-71.30271795620924	1763.276580744
1391	-71.30271795620924	1764.244835011
1392	-71.30271795620924	1765.416555336
1393	-71.30271795620924	1767.039922077
1394	-71.30271795620924	1768.62180326
1395	-71.30271795620924	1770.056120526
1396	-71.30271795620924	1771.427678459
1397	-71.30271795620924	1772.838814925
1398	-71.30271795620924	1774.104155655
1399	-71.30271795620924	1775.411484001
1400	-71.30271795620924	1777.00209462
1401	-71.30271795620924	1778.141377848
1402	-71.30271795620924	1779.300628243
1403	-71.30271795620924	1780.660703829
1404	-71.30271795620924	1781.848936497
1405	-71.30271795620924	1783.491667707
1406	-71.30271795620924	1785.578140974
1407	-71.30271795620924	1786.637507919
1408	-71.30271795620924	1787.850852645
1409	-71.30271795620924	1789.424089922
1410	-71.30271795620924	1790.698621662
1411	-71.30271795620924	1792.021416039
1412	-71.30271795620924	1793.246483451
1413	-71.30271795620924	1794.524616842
1414	-71.30271795620924	1795.591212462
1415	-71.30271795620924	1796.669794769
1416	-71.30271795620924	1798.066930041
1417	-71.30271795620924	1800.133544192
1418	-71.30271795620924	1801.425593533
1419	-71.30271795620924	1802.732244485
1420	-71.30271795620924	1803.76109105
1421	-71.30271795620924	1804.859441241
1422	-71.30271795620924	1806.452104855
1423	-71.30271795620924	1807.445868037
1424	-71.30271795620924	1808.401021737
1425	-71.30271795620924	1809.439016832
1426	-71.30271795620924	1810.87853059
1427	-71.30271795620924	1811.768026644
1428	-71.30271795620924	1813.304791824
1429	-71.30271795620924	1814.572514838
1430	-71.30271795620924	1815.413772773
1431	-71.30271795620924	1816.485183139
1432	-71.30271795620924	1818.772327642
1433	-71.30271795620924	1820.070550508
1434	-71.30271795620924	1821.618603028
1435	-71.30271795620924	1823.270349058
1436	-71.30271795620924	1824.409204353
1437	-71.30271795620924	1825.275944974
1438	-71.30271795620924	1826.423239473
1439	-71.30271795620924	1827.53627367
1440	-71.30271795620924	1828.661743583
1441	-71.30271795620924	1829.71698401
1442	-71.30271795620924	1830.958660128
1443	-71.30271795620924	1831.867168554
1444	-71.30271795620924	1832.849985089
1445	-71.30271795620924	1834.051872556
1446	-71.30271795620924	1835.04564087
1447	-71.30271795620924	1836.167580408
1448	-71.30271795620924	1837.449201125
1449	-71.30271795620924	1838.488619433
1450	-71.30271795620924	1839.559487541
1451	-71.30271795620924	1841.01109832
1452	-71.30271795620924	1842.242456718
1453	-71.30271795620924	1843.538513975
1454	-71.30271795620924	1844.972449493
1455	-71.30271795620924	1846.180755101
1456	-71.30271795620924	1847.679844496
1457	-71.30271795620924	1849.203942173
1458	-71.30271795620924	1850.409088602
1459	-71.30271795620924	1851.668568845
1460	-71.30271795620924	1852.944248107
1461	-71.30271795620924	1854.038281049
1462	-71.30271795620924	1855.321170455
1463	-71.30271795620924	1856.592901386
1464	-71.30271795620924	1857.746098568
1465	-71.30271795620924	1859.178698114
1466	-71.30271795620924	1860.369168521
1467	-71.30271795620924	1861.583517935
1468	-71.30271795620924	1863.115964155
1469	-71.30271795620924	1864.518079815
1470	-71.30271795620924	1865.633774837
1471	-71.30271795620924	1866.841765696
1472	-71.30271795620924	1868.369056763
1473	-71.30271795620924	1870.267459298
1474	-71.30271795620924	1872.020293321
1475	-71.30271795620924	1873.216869685
1476	-71.30271795620924	1874.245694298
1477	-71.30271795620924	1875.484345519
1478	-71.30271795620924	1876.550504938
1479	-71.30271795620924	1877.833884144
1480	-71.30271795620924	1879.420521628
1481	-71.30271795620924	1881.588154494
1482	-71.30271795620924	1882.764659914
1483	-71.30271795620924	1884.224072132
1484	-71.30271795620924	1885.421238651
1485	-71.30271795620924	1886.826967081
1486	-71.30271795620924	1888.123627892
1487	-71.30271795620924	1889.315076187
1488	-71.30271795620924	1890.487270346
1489	-71.30271795620924	1891.547678185
1490	-71.30271795620924	1892.771533928
1491	-71.30271795620924	1894.073088742
1492	-71.30271795620924	1895.489856761
1493	-71.30271795620924	1896.581214338
1494	-71.30271795620924	1897.591433984
1495	-71.30271795620924	1898.606460677
1496	-71.30271795620924	1899.402541312
1497	-71.30271795620924	1900.248645354
1498	-71.30271795620924	1901.132867653
1499	-71.30271795620924	1902.07617807
1500	-71.30271795620924	1903.052642323
1501	-71.30271795620924	1904.115352334
1502	-71.30271795620924	1905.307385081
1503	-71.30271795620924	1906.167382834
1504	-71.30271795620924	1907.536022783
1505	-71.30271795620924	1908.486762015
1506	-71.30271795620924	1909.685880034
1507	-71.30271795620924	1910.695667185
1508	-71.30271795620924	1911.627816561
1509	-71.30271795620924	1913.336811822
1510	-71.30271795620924	1914.883203072
1511	-71.30271795620924	1916.175575144
1512	-71.30271795620924	1917.675786687
1513	-71.30271795620924	1919.298245389
1514	-71.30271795620924	1920.745011202
1515	-71.30271795620924	1922.026996845
1516	-71.30271795620924	1923.39480345
1517	-71.30271795620924	1925.145316485
1518	-71.30271795620924	1926.421601297
1519	-71.30271795620924	1927.650142065
1520	-71.30271795620924	1928.746493144
1521	-71.30271795620924	1930.019727115
1522	-71.30271795620924	1931.428811156
1523	-71.30271795620924	1932.788124673
1524	-71.30271795620924	1933.788964573
1525	-71.30271795620924	1934.826008864
1526	-71.30271795620924	1935.774233812
1527	-71.30271795620924	1936.919605606
1528	-71.30271795620924	1938.232952955
1529	-71.30271795620924	1939.402841806
1530	-71.30271795620924	1940.949734545
1531	-71.30271795620924	1942.302109901
1532	-71.30271795620924	1943.67283221
1533	-71.30271795620924	1944.642136495
1534	-71.30271795620924	1945.907568171
1535	-71.30271795620924	1947.048864196
1536	-71.30271795620924	1948.155785307
1537	-71.30271795620924	1949.2033409
1538	-71.30271795620924	1950.284271564
1539	-71.30271795620924	1951.496061648
1540	-71.30271795620924	1952.481306653
1541	-71.30271795620924	1953.544832331
1542	-71.30271795620924	1955.029108571
1543	-71.30271795620924	1957.290517505
1544	-71.30271795620924	1958.535182597
1545	-71.30271795620924	1959.612699491
1546	-71.30271795620924	1961.00275947
1547	-71.30271795620924	1962.634727067
1548	-71.30271795620924	1964.047855802
1549	-71.30271795620924	1965.355409091
1550	-71.30271795620924	1966.489766385
1551	-71.30271795620924	1967.9440129
1552	-71.30271795620924	1969.305067229
1553	-71.30271795620924	1970.527790275
1554	-71.30271795620924	1971.598755887
1555	-71.30271795620924	1972.680720889
1556	-71.30271795620924	1973.875315533
1557	-71.30271795620924	1975.216456292
1558	-71.30271795620924	1976.332207479
1559	-71.30271795620924	1977.732727442
1560	-71.30271795620924	1979.431578893
1561	-71.30271795620924	1980.899621902
1562	-71.30271795620924	1982.130804965
1563	-71.30271795620924	1983.209385846
1564	-71.30271795620924	1984.326975064
1565	-71.30271795620924	1985.662799589
1566	-71.30271795620924	1987.151391082
1567	-71.30271795620924	1988.322194245
1568	-71.30271795620924	1989.648489918
1569	-71.30271795620924	1990.917465656
1570	-71.30271795620924	1991.911464614
1571	-71.30271795620924	1992.835139718
1572	-71.30271795620924	1994.248554407
1573	-71.30271795620924	1995.291276153
1574	-71.30271795620924	1996.310335282
1575	-71.30271795620924	1997.643612736
1576	-71.30271795620924	1998.569076548
1577	-71.30271795620924	1999.565488297
1578	-71.30271795620924	2000.862467278
1579	-71.30271795620924	2001.9999407
1580	-71.30271795620924	2003.472933306
1581	-71.30271795620924	2004.635164693
1582	-71.30271795620924	2005.562234751
1583	-71.30271795620924	2006.386401593
1584	-71.30271795620924	2007.340324807
1585	-71.30271795620924	2008.403240659
1586	-71.30271795620924	2009.42895171
1587	-71.30271795620924	2010.857005928
1588	-71.30271795620924	2012.253541923
1589	-71.30271795620924	2013.191137823
1590	-71.30271795620924	2014.556629997
1591	-71.30271795620924	2015.897102771
1592	-71.30271795620924	2017.147431347
1593	-71.30271795620924	2018.482009991
1594	-71.30271795620924	2019.581053827
1595	-71.30271795620924	2020.771216898
1596	-71.30271795620924	2022.105741944
1597	-71.30271795620924	2023.105964606
1598	-71.30271795620924	2024.489625831
1599	-71.30271795620924	2025.613499763
1600	-71.30271795620924	2026.702335642
1601	-71.30271795620924	2027.911984349
1602	-71.30271795620924	2028.974144975
1603	-71.30271795620924	2030.402697261
1604	-71.30271795620924	2031.773771382
1605	-71.30271795620924	2033.028503591
1606	-71.30271795620924	2034.062986271
1607	-71.30271795620924	2035.121847451
1608	-71.30271795620924	2036.348951322
1609	-71.30271795620924	2037.729504687
1610	-71.30271795620924	2039.071664389
1611	-71.30271795620924	2040.604131992
1612	-71.30271795620924	2041.663221535
1613	-71.30271795620924	2042.89562653
1614	-71.30271795620924	2044.219720672
1615	-71.30271795620924	2046.053594552
1616	-71.30271795620924	2047.409612044
1617	-71.30271795620924	2048.631606662
1618	-71.30271795620924	2049.832271911
1619	-71.30271795620924	2051.004592939
1620	-71.30271795620924	2052.314675053
1621	-71.30271795620924	2053.240798014
1622	-71.30271795620924	2054.318014699
1623	-71.30271795620924	2055.33920665
1624	-71.30271795620924	2056.384956714
1625	-71.30271795620924	2057.517570344
1626	-71.30271795620924	2058.923353798
1627	-71.30271795620924	2060.710958735
1628	-71.30271795620924	2062.944976534
1629	-71.30271795620924	2064.327471705
1630	-71.30271795620924	2065.754481893
1631	-71.30271795620924	2066.78026878
1632	-71.30271795620924	2068.218353339
1633	-71.30271795620924	2069.638032215
1634	-71.30271795620924	2071.091981658
1635	-71.30271795620924	2072.604351517
1636	-71.30271795620924	2073.615981546
1637	-71.30271795620924	2074.630036624
1638	-71.30271795620924	2075.72743145
1639	-71.30271795620924	2076.824603043
1640	-71.30271795620924	2078.07033754
1641	-71.30271795620924	2079.406773031
1642	-71.30271795620924	2080.784368783
1643	-71.30271795620924	2082.176316115
1644	-71.30271795620924	2083.342573665
1645	-71.30271795620924	2084.359488567
1646	-71.30271795620924	2085.735765453
1647	-71.30271795620924	2087.291809002
1648	-71.30271795620924	2088.887325883
1649	-71.30271795620924	2090.455079574
1650	-71.30271795620924	2091.828244608
1651	-71.30271795620924	2093.259760494
1652	-71.30271795620924	2094.56584239
1653	-71.30271795620924	2095.852714909
1654	-71.30271795620924	2097.133399362
1655	-71.30271795620924	2098.332215177
1656	-71.30271795620924	2099.857390241
1657	-71.30271795620924	2101.471534612
1658	-71.30271795620924	2103.002052425
1659	-71.30271795620924	2103.968157048
1660	-71.30271795620924	2105.232452892
1661	-71.30271795620924	2106.482754098
1662	-71.30271795620924	2107.586926574
1663	-71.30271795620924	2108.872474525
1664	-71.30271795620924	2110.339714126
1665	-71.30271795620924	2111.562513578
1666	-71.30271795620924	2112.54225732
1667	-71.30271795620924	2113.567005307
1668	-71.30271795620924	2114.704711939
1669	-71.30271795620924	2116.010725411
1670	-71.30271795620924	2117.332062649
1671	-71.30271795620924	2118.609809161
1672	-71.30271795620924	2120.224718166
1673	-71.30271795620924	2121.79157237
1674	-71.30271795620924	2123.531577525
1675	-71.30271795620924	2124.865103585
1676	-71.30271795620924	2126.137664438
1677	-71.30271795620924	2127.898870382
1678	-71.30271795620924	2129.143674317
1679	-71.30271795620924	2130.20601484
1680	-71.30271795620924	2131.575750993
1681	-71.30271795620924	2132.857646545
1682	-71.30271795620924	2134.020832728
1683	-71.30271795620924	2134.941288783
1684	-71.30271795620924	2136.093287695
1685	-71.30271795620924	2137.266157538
1686	-71.30271795620924	2139.293192871
1687	-71.30271795620924	2141.264536752
1688	-71.30271795620924	2142.582241548
1689	-71.30271795620924	2143.73866291
1690	-71.30271795620924	2144.925198671
1691	-71.30271795620924	2146.175384983
1692	-71.30271795620924	2147.700411511
1693	-71.30271795620924	2149.052863274
1694	-71.30271795620924	2150.080243292
1695	-71.30271795620924	2151.368394764
1696	-71.30271795620924	2152.420340875
1697	-71.30271795620924	2153.930235509
1698	-71.30271795620924	2155.127709079
1699	-71.30271795620924	2156.204431402
1700	-71.30271795620924	2158.097287058
1701	-71.30271795620924	2159.738563696
1702	-71.30271795620924	2160.600994766
1703	-71.30271795620924	2161.866443549
1704	-71.30271795620924	2163.129472699
1705	-71.30271795620924	2164.251376314
1706	-71.30271795620924	2165.300438938
1707	-71.30271795620924	2166.97170339
1708	-71.30271795620924	2168.189141847
1709	-71.30271795620924	2169.066678869
1710	-71.30271795620924	2170.673848872
1711	-71.30271795620924	2171.638356942
1712	-71.30271795620924	2172.62410087
1713	-71.30271795620924	2173.668812604
1714	-71.30271795620924	2174.811584299
1715	-71.30271795620924	2175.976799528
1716	-71.30271795620924	2177.00492793
1717	-71.30271795620924	2178.017098221
1718	-71.30271795620924	2179.016405431
1719	-71.30271795620924	2180.097273374
1720	-71.30271795620924	2181.044593988
1721	-71.30271795620924	2182.33135703
1722	-71.30271795620924	2183.450499749
1723	-71.30271795620924	2184.419524353
1724	-71.30271795620924	2185.627227547
1725	-71.30271795620924	2186.688169661
1726	-71.30271795620924	2187.480506951
1727	-71.30271795620924	2188.354927274
1728	-71.30271795620924	2189.675597952
1729	-71.30271795620924	2190.971209884
1730	-71.30271795620924	2192.426254106
1731	-71.30271795620924	2193.532889834
1732	-71.30271795620924	2194.728458945
1733	-71.30271795620924	2195.966453014
1734	-71.30271795620924	2197.649539651
1735	-71.30271795620924	2199.176205782
1736	-71.30271795620924	2201.296659385
1737	-71.30271795620924	2202.562546079
1738	-71.30271795620924	2203.809846053
1739	-71.30271795620924	2204.971540029
1740	-71.30271795620924	2205.907470668
1741	-71.30271795620924	2207.044056007
1742	-71.30271795620924	2208.194371127
1743	-71.30271795620924	2209.535829771
1744	-71.30271795620924	2210.893332911
1745	-71.30271795620924	2211.883323384
1746	-71.30271795620924	2212.894076164
1747	-71.30271795620924	2213.868394764
1748	-71.30271795620924	2215.015937299
1749	-71.30271795620924	2216.177049674
1750	-71.30271795620924	2217.167150479
1751	-71.30271795620924	2217.969240993
1752	-71.30271795620924	2218.890784985
1753	-71.30271795620924	2220.246320375
1754	-71.30271795620924	2221.326966226
1755	-71.30271795620924	2222.798921358
1756	-71.30271795620924	2223.890987975
1757	-71.30271795620924	2225.382739501
1758	-71.30271795620924	2226.927542467
1759	-71.30271795620924	2228.031405896
1760	-71.30271795620924	2228.939660299
1761	-71.30271795620924	2229.891700152
1762	-71.30271795620924	2231.26396684
1763	-71.30271795620924	2232.295606801
1764	-71.30271795620924	2233.749260882
1765	-71.30271795620924	2235.263035422
1766	-71.30271795620924	2236.380422505
1767	-71.30271795620924	2237.578186875
1768	-71.30271795620924	2238.61584812
1769	-71.30271795620924	2239.848649117
1770	-71.30271795620924	2241.012961154
1771	-71.30271795620924	2242.84637346
1772	-71.30271795620924	2244.337697908
1773	-71.30271795620924	2245.535556076
1774	-71.30271795620924	2246.529769714
1775	-71.30271795620924	2247.92246315
1776	-71.30271795620924	2249.297247829
1777	-71.30271795620924	2250.58506545
1778	-71.30271795620924	2251.96409981
1779	-71.30271795620924	2252.977127392
1780	-71.30271795620924	2254.004044124
1781	-71.30271795620924	2255.056502273
1782	-71.30271795620924	2256.739002748
1783	-71.30271795620924	2257.776153381
1784	-71.30271795620924	2259.343009011
1785	-71.30271795620924	2260.836148397
1786	-71.30271795620924	2262.156442459
1787	-71.30271795620924	2264.035197137
1788	-71.30271795620924	2265.766399016
1789	-71.30271795620924	2267.23789685
1790	-71.30271795620924	2268.679609289
1791	-71.30271795620924	2270.104023939
1792	-71.30271795620924	2271.735462393
1793	-71.30271795620924	2272.996996771
1794	-71.30271795620924	2274.55425256
1795	-71.30271795620924	2275.737460079
1796	-71.30271795620924	2277.049275878
1797	-71.30271795620924	2278.225524995
1798	-71.30271795620924	2279.437820558
1799	-71.30271795620924	2281.378576491
1800	-71.30271795620924	2282.958107321
1801	-71.30271795620924	2284.592833533
1802	-71.30271795620924	2286.369140867
1803	-71.30271795620924	2287.625881596
1804	-71.30271795620924	2288.606542501
1805	-71.30271795620924	2289.991520882
1806	-71.30271795620924	2291.491666567
1807	-71.30271795620924	2292.327309769
1808	-71.30271795620924	2293.25866258
1809	-71.30271795620924	2294.334333459
1810	-71.30271795620924	2295.405682244
1811	-71.30271795620924	2296.946122345
1812	-71.30271795620924	2298.327849176
1813	-71.30271795620924	2299.717354638
1814	-71.30271795620924	2300.952421885
1815	-71.30271795620924	2302.230583785
1816	-71.30271795620924	2303.339223471
1817	-71.30271795620924	2304.670812001
1818	-71.30271795620924	2305.877443509
1819	-71.30271795620924	2307.220272338
1820	-71.30271795620924	2308.520344924
1821	-71.30271795620924	2309.684311706
1822	-71.30271795620924	2310.993087499
1823	-71.30271795620924	2312.399923251
1824	-71.30271795620924	2313.588455273
1825	-71.30271795620924	2314.716230494
1826	-71.30271795620924	2315.860786621
1827	-71.30271795620924	2317.212046672
1828	-71.30271795620924	2318.38699973
1829	-71.30271795620924	2319.489308516
1830	-71.30271795620924	2320.740791457
1831	-71.30271795620924	2321.650908125
1832	-71.30271795620924	2323.06290844
1833	-71.30271795620924	2324.224142552
1834	-71.30271795620924	2325.267399997
1835	-71.30271795620924	2326.407870946
1836	-71.30271795620924	2327.509631202
1837	-71.30271795620924	2328.710441852
1838	-71.30271795620924	2330.340414043
1839	-71.30271795620924	2331.66118422
1840	-71.30271795620924	2332.829228198
1841	-71.30271795620924	2334.040811014
1842	-71.30271795620924	2335.046862803
1843	-71.30271795620924	2336.345574328
1844	-71.30271795620924	2337.910062784
1845	-71.30271795620924	2339.538721812
1846	-71.30271795620924	2340.98767319
1847	-71.30271795620924	2342.192563316
1848	-71.30271795620924	2343.785722431
1849	-71.30271795620924	2345.455470444
1850	-71.30271795620924	2347.312588701
1851	-71.30271795620924	2348.74234838
1852	-71.30271795620924	2349.976177158
1853	-71.30271795620924	2351.165554782
1854	-71.30271795620924	2352.212724922
1855	-71.30271795620924	2353.379961785
1856	-71.30271795620924	2354.692108299
1857	-71.30271795620924	2355.864911143
1858	-71.30271795620924	2356.917645268
1859	-71.30271795620924	2357.99183506
1860	-71.30271795620924	2359.345799841
1861	-71.30271795620924	2360.45417125
1862	-71.30271795620924	2361.643881584
1863	-71.30271795620924	2362.778554196
1864	-71.30271795620924	2364.050579919
1865	-71.30271795620924	2365.318582615
1866	-71.30271795620924	2366.316830969
1867	-71.30271795620924	2367.46449125
1868	-71.30271795620924	2368.784499643
1869	-71.30271795620924	2370.212553007
1870	-71.30271795620924	2371.317355265
1871	-71.30271795620924	2372.583624562
1872	-71.30271795620924	2373.702746754
1873	-71.30271795620924	2375.329762758
1874	-71.30271795620924	2377.412313068
1875	-71.30271795620924	2378.750387877
1876	-71.30271795620924	2380.01331154
1877	-71.30271795620924	2381.136851051
1878	-71.30271795620924	2382.498690827
1879	-71.30271795620924	2383.925299311
1880	-71.30271795620924	2385.184461098
1881	-71.30271795620924	2386.489596181
1882	-71.30271795620924	2387.656916579
1883	-71.30271795620924	2388.926638989
1884	-71.30271795620924	2390.199446453
1885	-71.30271795620924	2391.444583668
1886	-71.30271795620924	2392.781095851
1887	-71.30271795620924	2394.008884529
1888	-71.30271795620924	2395.187326625
1889	-71.30271795620924	2396.527926552
1890	-71.30271795620924	2397.489002605
1891	-71.30271795620924	2398.950330971
1892	-71.30271795620924	2399.989460759
1893	-71.30271795620924	2401.099682457
1894	-71.30271795620924	2402.484780865
1895	-71.30271795620924	2403.710712695
1896	-71.30271795620924	2405.258783461
1897	-71.30271795620924	2406.579060703
1898	-71.30271795620924	2408.250542685
1899	-71.30271795620924	2409.675222192
1900	-71.30271795620924	2411.16796358
1901	-71.30271795620924	2412.406296917
1902	-71.30271795620924	2413.605612224
1903	-71.30271795620924	2414.866779965
1904	-71.30271795620924	2416.305626308
1905	-71.30271795620924	2417.500210118
1906	-71.30271795620924	2418.910351304
1907	-71.30271795620924	2420.538644265
1908	-71.30271795620924	2422.103066578
1909	-71.30271795620924	2423.586101213
1910	-71.30271795620924	2424.924600534
1911	-71.30271795620924	2426.245731076
1912	-71.30271795620924	2427.272187944
1913	-71.30271795620924	2428.084742718
1914	-71.30271795620924	2429.674240597
1915	-71.30271795620924	2431.182289217
1916	-71.30271795620924	2432.557723636
1917	-71.30271795620924	2434.091191935
1918	-71.30271795620924	2435.763209903
1919	-71.30271795620924	2436.988110532
1920	-71.30271795620924	2438.696076302
1921	-71.30271795620924	2440.139988847
1922	-71.30271795620924	2441.696805299
1923	-71.30271795620924	2443.509352661
1924	-71.30271795620924	2444.852210854
1925	-71.30271795620924	2446.071989401
1926	-71.30271795620924	2447.663136861
1927	-71.30271795620924	2448.78804399
1928	-71.30271795620924	2450.029077495
1929	-71.30271795620924	2451.054130823
1930	-71.30271795620924	2452.511517415
1931	-71.30271795620924	2454.337365483
1932	-71.30271795620924	2455.480569103
1933	-71.30271795620924	2456.685263936
1934	-71.30271795620924	2458.185415038
1935	-71.30271795620924	2459.324630127
1936	-71.30271795620924	2460.392040559
1937	-71.30271795620924	2461.953765554
1938	-71.30271795620924	2463.344367506
1939	-71.30271795620924	2464.595533132
1940	-71.30271795620924	2465.884161003
1941	-71.30271795620924	2467.034909473
1942	-71.30271795620924	2467.984461554
1943	-71.30271795620924	2469.303612656
1944	-71.30271795620924	2470.230302108
1945	-71.30271795620924	2471.25577339
1946	-71.30271795620924	2472.32076362
1947	-71.30271795620924	2473.530250106
1948	-71.30271795620924	2474.835519755
1949	-71.30271795620924	2476.1551005
1950	-71.30271795620924	2477.148989411
1951	-71.30271795620924	2478.703726923
1952	-71.30271795620924	2480.667242281
1953	-71.30271795620924	2481.93146913
1954	-71.30271795620924	2483.4618749
1955	-71.30271795620924	2484.692923681
1956	-71.30271795620924	2485.864022206
1957	-71.30271795620924	2486.844482971
1958	-71.30271795620924	2487.859325491
1959	-71.30271795620924	2489.278191836
1960	-71.30271795620924	2490.869225256
1961	-71.30271795620924	2492.016944552
1962	-71.30271795620924	2493.104194713
1963	-71.30271795620924	2494.137893087
1964	-71.30271795620924	2495.35842629
1965	-71.30271795620924	2496.808024842
1966	-71.30271795620924	2497.799774658
1967	-71.30271795620924	2498.721338607
1968	-71.30271795620924	2499.67080858
1969	-71.30271795622883	2500.774610427
1970	-71.30271795622883	2501.902257924
1971	-71.30271795622883	2503.120997572
1972	-71.30271795622883	2504.591827134
1973	-71.30271795622883	2506.072134802
1974	-71.30271795622883	2507.408447986
1975	-71.30271795622883	2508.549176094
1976	-71.30271795622883	2509.973937423
1977	-71.30271795622883	2511.304241298
1978	-71.30271795622883	2512.40292591
1979	-71.30271795622883	2513.935197936
1980	-71.30271795622883	2515.706900071
1981	-71.30271795622883	2517.053670674
1982	-71.30271795622883	2518.432194992
1983	-71.30271795622883	2519.722859608
1984	-71.30271795622883	2521.201268233
1985	-71.30271795622883	2522.406298912
1986	-71.30271795622883	2523.583048092
1987	-71.30271795622883	2524.988886
1988	-71.30271795622883	2526.52534812
1989	-71.30271795622883	2528.465465147
1990	-71.30271795622883	2530.346110314
1991	-71.30271795622883	2531.327859725
1992	-71.30271795622883	2532.443893729
1993	-71.30271795622883	2533.640159906
1994	-71.30271795622883	2534.873605511
1995	-71.30271795622883	2535.644600888
1996	-71.30271795622883	2536.395197171
1997	-71.30271795622883	2537.315733909
1998	-71.30271795622883	2538.701653686
1999	-71.30271795622883	2539.934600369
2000	-71.30271795622883	2540.856384413
2001	-71.30271795622883	2541.980575945
2002	-71.30271795622883	2543.006094269
2003	-71.30271795622883	2543.932405679
2004	-71.30271795622883	2545.018791706
2005	-71.30271795622883	2546.108266777
2006	-71.30271795622883	2547.539625289
2007	-71.30271795622883	2548.495290456
2008	-71.30271795622883	2549.626626274
2009	-71.30271795622883	2551.027309883
2010	-71.30271795622883	2552.332796778
2011	-71.30271795622883	2553.671557249
2012	-71.30271795622883	2554.839366306
2013	-71.30271795622883	2555.766759381
2014	-71.30271795622883	2557.014971385
2015	-71.30271795622883	2558.30836411
2016	-71.30271795622883	2559.450404812
2017	-71.30271795622883	2561.085837212
2018	-71.30271795622883	2562.429805865
2019	-71.30271795622883	2563.944500989
2020	-71.30271795622883	2565.37285
2021	-71.30271795622883	2566.955750411
2022	-71.30271795622883	2568.346163057
2023	-71.30271795622883	2569.741349395
2024	-71.30271795622883	2570.883364438
2025	-71.30271795622883	2572.60690315
2026	-71.30271795622883	2574.046450551
2027	-71.30271795622883	2575.427330924
2028	-71.30271795622883	2576.658245993
2029	-71.30271795622883	2577.949795841
2030	-71.30271795622883	2579.168901555
2031	-71.30271795622883	2580.261968868
2032	-71.30271795622883	2581.607412622
2033	-71.30271795622883	2582.673097066
2034	-71.30271795622883	2584.041191906
2035	-71.30271795622883	2585.354674392
2036	-71.30271795622883	2586.589986823
2037	-71.30271795622883	2587.773812151
2038	-71.30271795622883	2589.0907449
2039	-71.30271795622883	2590.091872465
2040	-71.30271795622883	2591.634650375
2041	-71.30271795622883	2593.138477539
2042	-71.30271795622883	2594.583972382
2043	-71.30271795622883	2596.012684894
2044	-71.30271795622883	2597.250957219
2045	-71.30271795622883	2599.071837159
2046	-71.30271795622883	2600.339740925
2047	-71.30271795622883	2601.995744048
2048	-71.30271795622883	2603.273757982
2049	-71.30271795622883	2604.533913338
2050	-71.30271795622883	2606.103943541
2051	-71.30271795622883	2607.336052034
2052	-71.30271795622883	2608.441592413
2053	-71.30271795622883	2609.427885726
2054	-71.30271795622883	2610.696542723
2055	-71.30271795622883	2611.876809165
2056	-71.30271795622883	2613.427287018
2057	-71.30271795622883	2614.885122071
2058	-71.30271795622883	2616.03229968
2059	-71.30271795622883	2617.200850563
2060	-71.30271795622883	2618.401002065
2061	-71.30271795622883	2619.455665737
2062	-71.30271795622883	2620.459167888
2063	-71.30271795622883	2621.867017737
2064	-71.30271795622883	2622.829819208
2065	-71.30271795622883	2624.20055292
2066	-71.30271795622883	2625.343387052
2067	-71.30271795622883	2626.480312229
2068	-71.30271795622883	2627.572171579
2069	-71.30271795622883	2628.866965279
2070	-71.30271795622883	2630.129893504
2071	-71.30271795622883	2631.585593453
2072	-71.30271795622883	2632.769465822
2073	-71.30271795622883	2634.093552266
2074	-71.30271795622883	2635.476339664
2075	-71.30271795622883	2636.699636043
2076	-71.30271795622883	2638.105377302
2077	-71.30271795622883	2639.288497296
2078	-71.30271795622883	2640.624170149
2079	-71.30271795622883	2642.191810941
2080	-71.30271795622883	2643.316878581
2081	-71.30271795622883	2644.503682904
2082	-71.30271795622883	2645.587938674
2083	-71.30271795622883	2646.59924255
2084	-71.30271795622883	2647.820384724
2085	-71.30271795622883	2648.961360297
2086	-71.30271795622883	2650.233660285
2087	-71.30271795622883	2651.493132259
2088	-71.30271795622883	2652.639430909
2089	-71.30271795622883	2653.976516996
2090	-71.30271795622883	2654.852864871
2091	-71.30271795622883	2655.729469905
2092	-71.30271795622883	2656.633831002
2093	-71.30271795622883	2657.62034213
2094	-71.30271795622883	2658.718072517
2095	-71.30271795622883	2659.71811243
2096	-71.30271795622883	2660.704043383
2097	-71.30271795622883	2661.876995049
2098	-71.30271795622883	2663.225207395
2099	-71.30271795622883	2664.402165552
2100	-71.30271795622883	2665.598671783
2101	-71.30271795622883	2667.182852286
2102	-71.30271795622883	2668.979739751
2103	-71.30271795622883	2670.350056079
2104	-71.30271795622883	2672.037377572
2105	-71.30271795622883	2673.083863759
2106	-71.30271795622883	2674.377308372
2107	-71.30271795622883	2675.692960459
2108	-71.30271795622883	2677.059020264
2109	-71.30271795622883	2678.418645679
2110	-71.30271795622883	2679.999048056
2111	-71.30271795622883	2681.496127505
2112	-71.30271795622883	2682.780186101
2113	-71.30271795622883	2683.792275709
2114	-71.30271795622883	2685.056641401
2115	-71.30271795622883	2686.235950482
2116	-71.30271795622883	2687.650306567
2117	-71.30271795622883	2688.990256754
2118	-71.30271795622883	2690.364845571
2119	-71.30271795622883	2691.381844292
2120	-71.30271795622883	2692.531155009
2121	-71.30271795622883	2693.983321445
2122	-71.30271795622883	2695.093110934
2123	-71.30271795622883	2696.136047929
2124	-71.30271795622883	2697.310322452
2125	-71.30271795622883	2698.491080689
2126	-71.30271795622883	2699.767457017
2127	-71.30271795622883	2700.943881185
2128	-71.30271795622883	2702.131673375
2129	-71.30271795622883	2702.983347674
2130	-71.30271795622883	2703.940937256
2131	-71.30271795622883	2705.051704348
2132	-71.30271795622883	2706.118158274
2133	-71.30271795622883	2707.16398845
2134	-71.30271795622883	2708.101320349
2135	-71.30271795622883	2709.10197351
2136	-71.30271795622883	2710.336579181
2137	-71.30271795622883	2711.618215009
2138	-71.30271795622883	2712.986520251
2139	-71.30271795622883	2714.102351551
2140	-71.30271795622883	2715.37797978
2141	-71.30271795622883	2717.235924253
2142	-71.30271795622883	2718.555960871
2143	-71.30271795622883	2719.991883812
2144	-71.30271795622883	2721.527686784
2145	-71.30271795622883	2724.929566952
2146	-71.30271795622883	2725.787288478
2147	-71.30271795622883	2726.746715521
2148	-71.30271795622883	2727.789845528
2149	-71.30271795622883	2729.088033042
2150	-71.30271795622883	2729.992260427
2151	-71.30271795622883	2730.711295722
2152	-71.30271795622883	2731.718628744
2153	-71.30271795622883	2733.005939175
2154	-71.30271795622883	2733.800312639
2155	-71.30271795622883	2734.795591691
2156	-71.30271795622883	2735.880513451
2157	-71.30271795622883	2737.577243484
2158	-71.30271795622883	2739.150126099
2159	-71.30271795622883	2740.64057672
2160	-71.30271795622883	2741.904003013
2161	-71.30271795622883	2742.891396807
2162	-71.30271795622883	2744.07240365
2163	-71.30271795622883	2745.315063643
2164	-71.30271795622883	2746.262992943
2165	-71.30271795622883	2747.240244637
2166	-71.30271795622883	2748.401736479
2167	-71.30271795622883	2749.407127409
2168	-71.30271795622883	2750.689666429
2169	-71.30271795622883	2752.167076639
2170	-71.30271795622883	2753.921789747
2171	-71.30271795622883	2755.134891854
2172	-71.30271795622883	2756.650939201
2173	-71.30271795622883	2757.894877291
2174	-71.30271795622883	2759.143424571
2175	-71.30271795622883	2760.39792357
2176	-71.30271795622883	2761.729235839
2177	-71.30271795622883	2763.22506228
2178	-71.30271795622883	2764.766617972
2179	-71.30271795622883	2766.647809958
2180	-71.30271795622883	2768.179014574
2181	-71.30271795622883	2769.506645364
2182	-71.30271795622883	2770.845469412
2183	-71.30271795622883	2772.479233986
2184	-71.30271795622883	2773.780533636
2185	-71.30271795622883	2775.652793197
2186	-71.30271795622883	2777.327259307
2187	-71.30271795622883	2778.367310248
2188	-71.30271795622883	2779.284370494
2189	-71.30271795622883	2780.420694113
2190	-71.30271795622883	2781.505337047
2191	-71.30271795622883	2782.710505429
2192	-71.30271795622883	2784.114539802
2193	-71.30271795622883	2785.154005436
2194	-71.30271795622883	2786.320070545
2195	-71.30271795622883	2787.380047315
2196	-71.30271795622883	2788.664312892
2197	-71.30271795622883	2789.755431557
2198	-71.30271795622883	2791.059122044
2199	-71.30271795622883	2792.792967358
2200	-71.30271795622883	2793.873552198
2201	-71.30271795622883	2794.884821577
2202	-71.30271795622883	2796.186772108
2203	-71.30271795622883	2797.631030193
2204	-71.30271795622883	2798.79123852
2205	-71.30271795622883	2800.043612109
2206	-71.30271795622883	2801.509571617
2207	-71.30271795622883	2803.081707844
2208	-71.30271795622883	2804.309364521
2209	-71.30271795622883	2805.414500915
2210	-71.30271795622883	2806.140328114
2211	-71.30271795622883	2807.281587076
2212	-71.30271795622883	2808.475020513
2213	-71.30271795622883	2809.384371121
2214	-71.30271795622883	2810.54319729
2215	-71.30271795622883	2811.810038209
2216	-71.30271795622883	2813.025057604
2217	-71.30271795622883	2814.432837034
2218	-71.30271795622883	2815.534287387
2219	-71.30271795622883	2817.19965714
2220	-71.30271795622883	2818.625593932
2221	-71.30271795622883	2819.922446899
2222	-71.30271795622883	2821.311260142
2223	-71.30271795622883	2822.900306424
2224	-71.30271795622883	2824.634842246
2225	-71.30271795622883	2826.023058493
2226	-71.30271795622883	2827.41984908
2227	-71.30271795622883	2828.62332084
2228	-71.30271795622883	2830.293308621
2229	-71.30271795622883	2832.206277701
2230	-71.30271795622883	2833.312485496
2231	-71.30271795622883	2834.697711912
2232	-71.30271795622883	2836.116533497
2233	-71.30271795622883	2837.491931424
2234	-71.30271795622883	2838.793568916
2235	-71.30271795622883	2840.108929346
2236	-71.30271795622883	2841.608130215
2237	-71.30271795622883	2843.047140774
2238	-71.30271795622883	2844.605670099
2239	-71.30271795622883	2845.974727146
2240	-71.30271795622883	2847.237883736
2241	-71.30271795622883	2848.753427883
2242	-71.30271795622883	2850.046383552
2243	-71.30271795622883	2851.208471535
2244	-71.30271795622883	2852.299383788
2245	-71.30271795622883	2853.384572401
2246	-71.30271795622883	2854.760012237
2247	-71.30271795622883	2856.29350876
2248	-71.30271795622883	2857.714271582
2249	-71.30271795622883	2859.067957536
2250	-71.30271795622883	2860.436882298
2251	-71.30271795622883	2861.813910419
2252	-71.30271795622883	2863.254462506
2253	-71.30271795622883	2864.516588179
2254	-71.30271795622883	2865.853480399
2255	-71.30271795622883	2867.18378855
2256	-71.30271795622883	2868.184304294
2257	-71.30271795622883	2869.0854261
2258	-71.30271795622883	2870.027829333
2259	-71.30271795622883	2871.509700196
2260	-71.30271795622883	2872.629502919
2261	-71.30271795622883	2873.800886828
2262	-71.30271795622883	2875.129828787
2263	-71.30271795622883	2876.77125282
2264	-71.30271795622883	2877.999374779
2265	-71.30271795622883	2879.378045067
2266	-71.30271795622883	2880.80246941
2267	-71.30271795622883	2882.007264598
2268	-71.30271795622883	2883.415986849
2269	-71.30271795622883	2884.537655543
2270	-71.30271795622883	2885.658064101
2271	-71.30271795622883	2886.940887649
2272	-71.30271795622883	2888.282824689
2273	-71.30271795622883	2889.511253413
2274	-71.30271795622883	2890.578507326
2275	-71.30271795622883	2892.097409936
2276	-71.30271795622883	2893.605694902
2277	-71.30271795622883	2894.918905689
2278	-71.30271795622883	2896.015149286
2279	-71.30271795622883	2897.866929642
2280	-71.30271795622883	2899.193617326
2281	-71.30271795622883	2900.491844469
2282	-71.30271795622883	2901.668584525
2283	-71.30271795622883	2902.89395015
2284	-71.30271795622883	2904.722060761
2285	-71.30271795622883	2907.066361554
2286	-71.30271795622883	2908.249677696
2287	-71.30271795622883	2909.508394729
2288	-71.30271795622883	2910.713070746
2289	-71.30271795622883	2911.922056314
2290	-71.30271795622883	2913.276277684
2291	-71.30271795622883	2914.638843891
2292	-71.30271795622883	2915.931367065
2293	-71.30271795622883	2917.448894644
2294	-71.30271795622883	2918.775386465
2295	-71.30271795622883	2920.219660231
2296	-71.30271795622883	2921.544279524
2297	-71.30271795622883	2922.708502896
2298	-71.30271795622883	2923.687787629
2299	-71.30271795622883	2924.817997593
2300	-71.30271795622883	2925.963948707
2301	-71.30271795622883	2927.172059307
2302	-71.30271795622883	2928.347205093
2303	-71.30271795622883	2929.536778579
2304	-71.30271795622883	2930.568755527
2305	-71.30271795622883	2932.044371326
2306	-71.30271795622883	2933.463548429
2307	-71.30271795622883	2934.417822029
2308	-71.30271795622883	2935.749167084
2309	-71.30271795622883	2936.679193616
2310	-71.30271795622883	2937.888602555
2311	-71.30271795622883	2938.945960409
2312	-71.30271795622883	2940.176929362
2313	-71.30271795622883	2941.628841775
2314	-71.30271795622883	2943.093141154
2315	-71.30271795622883	2944.153486272
2316	-71.30271795622883	2945.300518766
2317	-71.30271795622883	2946.734747366
2318	-71.30271795622883	2947.793793289
2319	-71.30271795622883	2949.158013923
2320	-71.30271795622883	2950.118457628
2321	-71.30271795622883	2951.313991957
2322	-71.30271795622883	2952.349662643
2323	-71.30271795622883	2953.81722412
2324	-71.30271795622883	2955.077645188
2325	-71.30271795622883	2956.602929731
2326	-71.30271795622883	2958.154625241
2327	-71.30271795622883	2960.702990229
2328	-71.30271795622883	2962.022297564
2329	-71.30271795622883	2963.170703663
2330	-71.30271795622883	2964.699864692
2331	-71.30271795622883	2965.863361632
2332	-71.30271795622883	2967.106364029
2333	-71.30271795622883	2968.420331467
2334	-71.30271795622883	2969.534594154
2335	-71.30271795622883	2970.612617667
2336	-71.30271795622883	2973.070577308
2337	-71.30271795622883	2975.918005347
2338	-71.30271795622883	2977.289076332
2339	-71.30271795622883	2979.101876006
2340	-71.30271795622883	2980.651937331
2341	-71.30271795622883	2981.799242949
2342	-71.30271795622883	2983.043262007
2343	-71.30271795622883	2984.258640342
2344	-71.30271795622883	2985.599606336
2345	-71.30271795622883	2987.202260661
2346	-71.30271795622883	2989.598767005
2347	-71.30271795622883	2991.249083836
2348	-71.30271795622883	2992.621124155
2349	-71.30271795622883	2993.660180958
2350	-71.30271795622883	2994.907223202
2351	-71.30271795622883	2996.146852026
2352	-71.30271795622883	2997.280722372
2353	-71.30271795622883	2998.522622007
2354	-71.30271795622883	2999.992271831
2355	-71.30271795622883	3003.42544186
2356	-71.30271795622883	3005.099374266
2357	-71.30271795622883	3006.54587009
2358	-71.30271795622883	3008.101056633
2359	-71.30271795622883	3009.286321709
2360	-71.30271795622883	3010.392308267
2361	-71.30271795622883	3011.731589328
2362	-71.30271795622883	3013.070491493
2363	-71.30271795622883	3014.449075112
2364	-71.30271795622883	3015.763097004
2365	-71.30271795622883	3016.918986372
2366	-71.30271795622883	3018.648152646
2367	-71.30271795622883	3020.108537336
2368	-71.30271795622883	3021.039340191
2369	-71.30271795622883	3022.508191169
2370	-71.30271795622883	3023.701632589
2371	-71.30271795622883	3024.499416973
2372	-71.30271795622883	3025.576492819
2373	-71.30271795622883	3027.015901376
2374	-71.30271795622883	3028.245972269
2375	-71.30271795622883	3029.419619291
2376	-71.30271795622883	3030.335856456
2377	-71.30271795622883	3031.178365404
2378	-71.30271795622883	3032.404083126
2379	-71.30271795622883	3033.366070354
2380	-71.30271795622883	3034.284440913
2381	-71.30271795622883	3035.267494935
2382	-71.30271795622883	3036.834198037
2383	-71.30271795622883	3037.783983045
2384	-71.30271795622883	3038.822886749
2385	-71.30271795622883	3040.025020541
2386	-71.30271795622883	3041.237898846
2387	-71.30271795622883	3042.360905508
2388	-71.30271795622883	3043.449326569
2389	-71.30271795622883	3044.748033247
2390	-71.30271795622883	3045.971840808
2391	-71.30271795622883	3047.160878594
2392	-71.30271795622883	3048.424365898
2393	-71.30271795622883	3049.739143301
2394	-71.30271795622883	3051.800625963
2395	-71.30271795622883	3053.870659017
2396	-71.30271795622883	3055.265668023
2397	-71.30271795622883	3056.595853582
2398	-71.30271795622883	3057.673403833
2399	-71.30271795622883	3058.783189045
2400	-71.30271795622883	3059.997549292
2401	-71.30271795622883	3061.297573982
2402	-71.30271795622883	3062.557054794
2403	-71.30271795622883	3063.674278515
2404	-71.30271795622883	3065.020220336
2405	-71.30271795622883	3066.116523234
2406	-71.30271795622883	3067.489529753
2407	-71.30271795622883	3069.2117228
2408	-71.30271795622883	3070.339182417
2409	-71.30271795622883	3071.624702713
2410	-71.30271795622883	3072.886540436
2411	-71.30271795622883	3074.321324409
2412	-71.30271795622883	3075.447267016
2413	-71.30271795622883	3076.420744005
2414	-71.30271795622883	3077.710108856
2415	-71.30271795622883	3079.504165291
2416	-71.30271795622883	3080.796394529
2417	-71.30271795622883	3081.837314736
2418	-71.30271795622883	3082.785346101
2419	-71.30271795622883	3083.559025396
2420	-71.30271795622883	3084.829952349
2421	-71.30271795622883	3085.746815591
2422	-71.30271795622883	3087.024763382
2423	-71.30271795622883	3088.545487202
2424	-71.30271795622883	3089.876154293
2425	-71.30271795622883	3091.007141721
2426	-71.30271795622883	3092.355142239
2427	-71.30271795622883	3093.766876271
2428	-71.30271795622883	3095.353179905
2429	-71.30271795622883	3097.010128414
2430	-71.30271795622883	3098.832458936
2431	-71.30271795622883	3100.24684068
2432	-71.30271795622883	3101.918167854
2433	-71.30271795622883	3102.768666691
2434	-71.30271795622883	3103.845060866
2435	-71.30271795622883	3105.119413849
2436	-71.30271795622883	3106.34150312
2437	-71.30271795622883	3107.680370503
2438	-71.30271795622883	3108.514864758
2439	-71.30271795622883	3109.408771573
2440	-71.30271795622883	3110.350668756
2441	-71.30271795622883	3111.416273373
2442	-71.30271795622883	3112.310598428
2443	-71.30271795622883	3113.739756264
2444	-71.30271795622883	3115.283792599
2445	-71.30271795622883	3116.692869797
2446	-71.30271795622883	3117.792547693
2447	-71.30271795622883	3119.146783603
2448	-71.30271795622883	3120.506007598
2449	-71.30271795622883	3121.803472102
2450	-71.30271795622883	3123.338028053
2451	-71.30271795622883	3124.558983201
2452	-71.30271795622883	3125.722732739
2453	-71.30271795622883	3126.888396429
2454	-71.30271795622883	3128.419306823
2455	-71.30271795622883	3129.505167983
2456	-71.30271795622883	3130.544500761
2457	-71.30271795622883	3131.786256991
2458	-71.30271795622883	3133.314598362
2459	-71.30271795622883	3135.127577078
2460	-71.30271795622883	3136.836319456
2461	-71.30271795622883	3138.0403942
2462	-71.30271795622883	3139.1495636
2463	-71.30271795622883	3140.334963527
2464	-71.30271795622883	3141.480702814
2465	-71.30271795622883	3142.731634944
2466	-71.30271795622883	3143.777014949
2467	-71.30271795622883	3144.714148419
2468	-71.30271795622883	3145.749997006
2469	-71.30271795622883	3147.025944261
2470	-71.30271795622883	3148.12170034
2471	-71.30271795622883	3149.301518036
2472	-71.30271795622883	3150.231991887
2473	-71.30271795622883	3151.27865227
2474	-71.30271795622883	3152.471366119
2475	-71.30271795622883	3153.655554092
2476	-71.30271795622883	3154.914831059
2477	-71.30271795622883	3156.757153552
2478	-71.30271795622883	3157.8361273
2479	-71.30271795622883	3159.215445903
2480	-71.30271795622883	3160.229360712
2481	-71.30271795622883	3162.061977307
2482	-71.30271795622883	3163.350995764
2483	-71.30271795622883	3164.453300273
2484	-71.30271795622883	3166.016533155
2485	-71.30271795622883	3167.03062387
2486	-71.30271795622883	3168.250991716
2487	-71.30271795622883	3169.517688375
2488	-71.30271795622883	3170.848608348
2489	-71.30271795622883	3171.883664361
2490	-71.30271795622883	3173.11813005
2491	-71.30271795622883	3174.28674451
2492	-71.30271795622883	3175.313494745
2493	-71.30271795622883	3176.370182617
2494	-71.30271795622883	3177.862078688
2495	-71.30271795622883	3179.499464015
2496	-71.30271795622883	3180.645462171
2497	-71.30271795622883	3182.215832782
2498	-71.30271795622883	3183.457408545
2499	-71.30271795622883	3184.762314123
2500	-71.30271795622883	3186.307525065
2501	-71.30271795622883	3187.279386399
