1	-99.1942017618097	6.489809149
2	-99.41031308783087	14.076232239
3	-99.80814364990029	20.512524098
4	-99.80814364990029	27.536256564
5	-99.80814364990029	33.736838279
6	-99.80814364990029	39.932086654
7	-99.80814364990029	46.03925181
8	-99.80814364990029	51.25746488
9	-99.80814364990029	56.274175652
10	-99.80814364990029	62.33978255
11	-99.80814364990029	68.774195609
12	-99.80814364990029	74.525041639
13	-99.80814364990029	81.410422294
14	-99.80814364990029	87.813932657
15	-99.80814364990029	93.574856068
16	-99.80814364990029	99.830753191
17	-99.80814364990029	105.37209677
18	-99.80814364990029	111.188510354
19	-99.80814364990029	116.141408068
20	-99.80814364990029	120.907401104
21	-99.80814364990029	126.691629333
22	-99.80814364990029	132.74916794
23	-99.80814364990029	138.304166888
24	-99.80814364990029	144.224201852
25	-99.80814364990029	150.900520248
26	-99.80814364990029	156.395700941
27	-99.80814364990029	163.576867154
28	-99.80814364990029	169.459657118
29	-99.80814364990029	174.699649158
30	-99.80814364990029	179.885916926
31	-99.80814364990029	184.973914615
32	-99.80814364990029	190.344562228
33	-99.80814364990029	195.222614423
34	-99.80814364990029	200.652761836
35	-99.80814364990029	205.815608181
36	-99.80814364990029	210.771699855
37	-99.80814364990029	216.766229668
38	-99.80814364990029	223.596359348
39	-99.80814364990029	229.521010344
40	-99.80814364990029	234.87985801
41	-99.80814364990029	239.888727998
42	-99.80814364990029	245.082849949
43	-99.80814364990029	250.961836412
44	-99.80814364990029	256.776470696
45	-99.80814364990029	262.648555206
46	-99.80814364990029	268.543863566
47	-99.80814364990029	275.576371653
48	-99.80814364990029	281.383041706
49	-99.80814364990029	287.423674819
50	-99.80814364990029	293.17351217
51	-99.80814364990029	298.702120678
52	-99.80814364990029	303.328109756
53	-99.80814364990029	308.797990796
54	-99.80814364990029	315.134886722
55	-99.80814364990029	321.242773463
56	-99.80814364990029	327.422376765
57	-99.80814364990029	334.260510019
58	-99.80814364990029	339.613599547
59	-99.8631950031372	345.312175594
60	-99.8631950031372	350.693198801
61	-99.8631950031372	355.795352778
62	-99.92853782105382	361.811793847
63	-99.92853782105382	367.007170231
64	-99.92853782105382	371.974259015
65	-99.92853782105382	377.174552495
66	-99.92853782105382	383.545651419
67	-99.92853782105382	387.924214796
68	-99.92853782105382	392.872983141
69	-99.92853782105382	397.974195723
70	-99.92853782105382	403.373494323
71	-99.92853782105382	411.06231743
72	-99.92853782105382	417.582990217
73	-100.09559494915958	422.688456185
74	-100.09559494915958	426.923958492
75	-100.09559494915958	432.021954591
76	-100.09559494915958	437.167561021
77	-100.09559494915958	442.916682205
78	-100.09559494915958	447.030263791
79	-100.09559494915958	451.542630514
80	-100.09559494915958	456.683813924
81	-100.09559494915958	461.498520053
82	-100.09559494915958	467.108517949
83	-100.09559494915958	472.49796297
84	-100.09559494915958	478.238446235
85	-100.09559494915958	484.735161899
86	-100.09559494915958	491.240095816
87	-100.09559494915958	497.438528743
88	-100.09559494915958	502.142053531
89	-100.09559494915958	507.806751592
90	-100.09559494915958	513.506610867
91	-100.09559494915958	518.886875713
92	-100.09559494915958	525.279469078
93	-100.09559494915958	531.755762271
94	-100.09559494915958	537.112749383
95	-100.09559494915958	543.944741898
96	-100.09559494915958	550.514999895
97	-100.09559494915958	556.790556279
98	-100.09559494915958	561.40013622
99	-100.09559494915958	566.603310338
100	-100.09559494915958	573.899077364
101	-100.09559494915958	579.050681129
102	-100.09559494915958	585.057516939
103	-100.09559494915958	590.54774832
104	-100.09559494915958	595.424460836
105	-100.09559494915958	600.295953481
106	-100.09559494915958	606.78243838
107	-100.09559494915958	612.884875461
108	-100.09559494915958	617.64814666
109	-100.09559494915958	622.804866235
110	-100.09559494915958	627.961830425
111	-100.09559494915958	632.997222569
112	-100.09559494915958	638.188407148
113	-100.09559494915958	642.850092287
114	-100.09559494915958	648.897653011
115	-100.09559494915958	654.590072638
116	-100.09559494915958	659.13582042
117	-100.09559494915958	663.659660083
118	-100.09559494915958	670.520227463
119	-100.09559494915958	676.887803994
120	-100.09559494915958	682.256759546
121	-100.09559494915958	687.560848032
122	-100.09559494915958	692.980331616
123	-100.09559494915958	698.889551363
124	-100.09559494915958	705.109283439
125	-100.09559494915958	709.808575653
126	-100.09559494915958	714.155494792
127	-100.09559494915958	720.625637837
128	-100.09559494915958	726.367164563
129	-100.09559494915958	731.242495206
130	-100.09559494915958	735.140348927
131	-100.09559494915958	739.620884958
132	-100.09559494915958	746.183439875
133	-100.09559494915958	751.781022296
134	-100.09559494915958	757.91903883
135	-100.09559494915958	764.678578088
136	-100.09559494915958	769.606479494
137	-100.09559494915958	775.477209215
138	-100.09559494915958	780.536045876
139	-100.09559494915958	785.539181391
140	-100.09559494915958	791.230039817
141	-100.09559494915958	796.973158819
142	-100.09559494915958	802.346699043
143	-100.09559494915958	808.153639085
144	-100.09559494915958	812.95036946
145	-100.09559494915958	817.195063916
146	-100.09559494915958	823.589524393
147	-100.09559494915958	828.034349254
148	-100.09559494915958	834.125197075
149	-100.09559494915958	839.309885681
150	-100.09559494915958	844.39816847
151	-100.09559494915958	848.70808209
152	-100.09559494915958	854.104427924
153	-100.09559494915958	858.641441425
154	-100.09559494915958	863.224273412
155	-100.09559494915958	868.588798532
156	-100.09559494915958	873.459991253
157	-100.09559494915958	879.234376738
158	-100.09559494915958	885.028458546
159	-100.09559494915958	891.300272726
160	-100.09559494915958	896.731308791
161	-100.09559494915958	901.837285371
162	-100.09559494915958	907.012298585
163	-100.09559494915958	911.825415289
164	-100.09559494915958	916.319770906
165	-100.09559494915958	922.18822269
166	-100.09559494915958	928.240017414
167	-100.09559494915958	933.198720021
168	-100.09559494915958	939.215362369
169	-100.09559494915958	945.135991194
170	-100.09559494915958	949.738487005
171	-100.09559494915958	954.713955407
172	-100.09559494915958	959.654792309
173	-100.09559494915958	964.838615641
174	-100.09559494915958	969.851425408
175	-100.09559494915958	974.929191478
176	-100.09559494915958	980.653562108
177	-100.09559494915958	986.493451855
178	-100.09559494915958	994.952444122
179	-100.09559494915958	1000.559100662
180	-100.09559494915958	1007.594072572
181	-100.09559494915958	1013.543744109
182	-100.09559494915958	1019.54832707
183	-100.09559494915958	1024.916775717
184	-100.09559494915958	1029.917624741
185	-100.09559494915958	1035.777872526
186	-100.09559494915958	1041.017550957
187	-100.09559494915958	1046.286084507
188	-100.09559494915958	1052.149155624
189	-100.09559494915958	1056.922656162
190	-100.09559494915958	1061.547057241
191	-100.09559494915958	1067.554912848
192	-100.09559494915958	1072.434634581
193	-100.09559494915958	1077.2124441
194	-100.09559494915958	1082.179961386
195	-100.09559494915958	1087.777503608
196	-100.09559494915958	1093.692498314
197	-100.09559494915958	1098.176744619
198	-100.09559494915958	1103.828965337
199	-100.09559494915958	1109.586080116
200	-100.09559494915958	1115.349779248
201	-100.09559494915958	1120.628020406
202	-100.09559494915958	1126.648729971
203	-100.09559494915958	1131.665991268
204	-100.09559494915958	1137.108294432
205	-100.09559494915958	1141.932994408
206	-100.09559494915958	1147.492655574
207	-100.09559494915958	1152.063887183
208	-100.09559494915958	1156.863270971
209	-100.09559494915958	1161.771983813
210	-100.09559494915958	1166.850179242
211	-100.09559494915958	1172.143894128
212	-100.09559494915958	1178.150995935
213	-100.09559494915958	1184.429710357
214	-100.09559494915958	1189.751136831
215	-100.09559494915958	1196.209731386
216	-100.09559494915958	1201.407641442
217	-100.09559494915958	1207.36835542
218	-100.09559494915958	1212.374350474
219	-100.09559494915958	1218.487016038
220	-100.09559494915958	1224.161889269
221	-100.09559494915958	1231.790866466
222	-100.09559494915958	1236.901193366
223	-100.09559494915958	1243.143196492
224	-100.09559494915958	1249.418179828
225	-100.09559494915958	1255.407811361
226	-100.09559494915958	1260.483615952
227	-100.09559494915958	1266.00802125
228	-100.09559494915958	1271.532211584
229	-100.09559494915958	1277.168130933
230	-100.09559494915958	1281.138005416
231	-100.09559494915958	1286.054453555
232	-100.09559494915958	1291.790909516
233	-100.09559494915958	1295.992968613
234	-100.09559494915958	1301.52420573
235	-100.09559494915958	1306.799878719
236	-100.09559494915958	1311.08093266
237	-100.09559494915958	1316.048045392
238	-100.09559494915958	1323.51062306
239	-100.09559494915958	1329.754004068
240	-100.09559494915958	1335.487451384
241	-100.09559494915958	1341.202036004
242	-100.09559494915958	1346.991351248
243	-100.09559494915958	1352.833639529
244	-100.09559494915958	1357.568173356
245	-100.09559494915958	1364.300172371
246	-100.09559494915958	1371.491049043
247	-100.09559494915958	1377.396344409
248	-100.09559494915958	1383.060254742
249	-100.09559494915958	1388.3813773
250	-100.09559494915958	1393.444216746
251	-100.09559494915958	1398.543749526
252	-100.09559494915958	1403.537308293
253	-100.09559494915958	1409.029689887
254	-100.09559494915958	1415.661123779
255	-100.09559494915958	1422.277636179
256	-100.09559494915958	1428.262001655
257	-100.09559494915958	1434.126274747
258	-100.09559494915958	1439.801213836
259	-100.09559494915958	1445.560001574
260	-100.09559494915958	1451.158560172
261	-100.09559494915958	1456.077162231
262	-100.09559494915958	1461.843260183
263	-100.09559494915958	1466.06152286
264	-100.09559494915958	1472.250170062
265	-100.09559494915958	1477.986700149
266	-100.09559494915958	1483.614300605
267	-100.09559494915958	1489.919813443
268	-100.09559494915958	1496.649605794
269	-100.09559494915958	1501.461424729
270	-100.09559494915958	1507.640442154
271	-100.09559494915958	1512.806625293
272	-100.09559494915958	1518.578465417
273	-100.09559494915958	1524.259915018
274	-100.09559494915958	1529.673075399
275	-100.09559494915958	1534.14674597
276	-100.09559494915958	1540.182868252
277	-100.09559494915958	1546.220453661
278	-100.09559494915958	1552.115251409
279	-100.09559494915958	1557.087662414
280	-100.09559494915958	1563.867900973
281	-100.09559494915958	1570.294362916
282	-100.09559494915958	1576.031109963
283	-100.09559494915958	1582.333071613
284	-100.09559494915958	1587.934539643
285	-100.09559494915958	1594.447269297
286	-100.09559494915958	1600.359588067
287	-100.09559494915958	1606.688918615
288	-100.09559494915958	1612.151563567
289	-100.09559494915958	1617.460787819
290	-100.09559494915958	1623.924866531
291	-100.09559494915958	1629.597121987
292	-100.09559494915958	1635.022552158
293	-100.09559494915958	1640.655672123
294	-100.09559494915958	1645.289044686
295	-100.09559494915958	1650.133448114
296	-100.09559494915958	1655.928608451
297	-100.09559494915958	1662.754087887
298	-100.09559494915958	1669.429648491
299	-100.09559494915958	1675.727462811
300	-100.09559494915958	1681.059433943
301	-100.09559494915958	1685.467768174
302	-100.09559494915958	1691.549469175
303	-100.09559494915958	1697.058267604
304	-100.09559494915958	1702.623679495
305	-100.09559494915958	1708.16365631
306	-100.09559494915958	1714.204175099
307	-100.09559494915958	1720.570559632
308	-100.09559494915958	1726.459069244
309	-100.09559494915958	1732.328135985
310	-100.09559494915958	1738.152047379
311	-100.09559494915958	1742.150255534
312	-100.09559494915958	1747.915649863
313	-100.09559494915958	1754.027636607
314	-100.09559494915958	1759.879925578
315	-100.09559494915958	1765.553505602
316	-100.09559494915958	1770.856193683
317	-100.09559494915958	1775.571966308
318	-100.09559494915958	1780.714814695
319	-100.09559494915958	1786.524157548
320	-100.09559494915958	1792.399425469
321	-100.09559494915958	1799.088419636
322	-100.09559494915958	1803.87569785
323	-100.09559494915958	1809.885217864
324	-100.09559494915958	1816.050266026
325	-100.09559494915958	1822.269365468
326	-100.09559494915958	1828.953918082
327	-100.09559494915958	1833.77708879
328	-100.09559494915958	1838.999497656
329	-100.09559494915958	1845.045068963
330	-100.09559494915958	1851.169288149
331	-100.09559494915958	1856.302153521
332	-100.09559494915958	1861.077567356
333	-100.09559494915958	1866.29363734
334	-100.09559494915958	1871.554409364
335	-100.09559494915958	1876.706127454
336	-100.09559494915958	1882.777819497
337	-100.09559494915958	1887.965406987
338	-100.09559494915958	1894.230074314
339	-100.09559494915958	1899.066871881
340	-100.09559494915958	1905.638473263
341	-100.09559494915958	1912.083612588
342	-100.09559494915958	1917.74682671
343	-100.09559494915958	1923.147842459
344	-100.09559494915958	1928.791478573
345	-100.09559494915958	1935.383778116
346	-100.09559494915958	1941.520664805
347	-100.09559494915958	1947.260691057
348	-100.09559494915958	1953.471632686
349	-100.09559494915958	1958.270031458
350	-100.09559494915958	1964.305167014
351	-100.09559494915958	1969.91740436
352	-100.09559494915958	1975.167433867
353	-100.09559494915958	1980.958710875
354	-100.09559494915958	1986.451119269
355	-100.09559494915958	1991.542204862
356	-100.09559494915958	1997.594591451
357	-100.09559494915958	2003.027619786
358	-100.09559494915958	2007.256620133
359	-100.09559494915958	2012.003175714
360	-100.09559494915958	2017.730785065
361	-100.09559494915958	2022.26932869
362	-100.09559494915958	2027.735261399
363	-100.09559494915958	2032.405968483
364	-100.09559494915958	2037.898902028
365	-100.09559494915958	2043.368489987
366	-100.09559494915958	2049.490037514
367	-100.09559494915958	2055.754742473
368	-100.09559494915958	2061.072803073
369	-100.09559494915958	2068.799684852
370	-100.09559494915958	2075.105169181
371	-100.09559494915958	2081.165658558
372	-100.09559494915958	2089.096963757
373	-100.09559494915958	2095.366275626
374	-100.09559494915958	2101.540261915
375	-100.09559494915958	2107.450976435
376	-100.09559494915958	2112.624389675
377	-100.09559494915958	2118.648381866
378	-100.09559494915958	2124.410166561
379	-100.09559494915958	2129.144378511
380	-100.09559494915958	2134.835310778
381	-100.09559494915958	2139.708119153
382	-100.09559494915958	2144.262618608
383	-100.09559494915958	2149.360937724
384	-100.09559494915958	2154.732906199
385	-100.09559494915958	2160.048638968
386	-100.09559494915958	2166.278657973
387	-100.09559494915958	2171.823270207
388	-100.09559494915958	2177.420603166
389	-100.09559494915958	2184.560084823
390	-100.09559494915958	2189.341227145
391	-100.09559494915958	2195.183894892
392	-100.09559494915958	2200.901101849
393	-100.09559494915958	2206.885361269
394	-100.09559494915958	2212.923791709
395	-100.09559494915958	2219.66940789
396	-100.09559494915958	2225.598126389
397	-100.09559494915958	2233.152676307
398	-100.09559494915958	2239.630001557
399	-100.09559494915958	2244.896293376
400	-100.09559494915958	2251.399189408
401	-100.09559494915958	2258.561690213
402	-100.09559494915958	2263.940907321
403	-100.09559494915958	2269.246791928
404	-100.09559494915958	2275.148345943
405	-100.09559494915958	2280.369572791
406	-100.09559494915958	2285.738943447
407	-100.09559494915958	2291.835303365
408	-100.09559494915958	2297.273092277
409	-100.09559494915958	2301.941065266
410	-100.09559494915958	2306.934155615
411	-100.09559494915958	2311.360743857
412	-100.09559494915958	2317.298526211
413	-100.09559494915958	2321.526160936
414	-100.09559494915958	2327.61273969
415	-100.09559494915958	2332.518508319
416	-100.09559494915958	2338.711796926
417	-100.09559494915958	2344.438831233
418	-100.09559494915958	2350.155392726
419	-100.09559494915958	2354.88811247
420	-100.09559494915958	2359.297729361
421	-100.09559494915958	2364.851548285
422	-100.09559494915958	2370.968641146
423	-100.09559494915958	2376.588088921
424	-100.09559494915958	2383.129814817
425	-100.09559494915958	2390.160817013
426	-100.09559494915958	2397.069801269
427	-100.09559494915958	2402.641057397
428	-100.09559494915958	2409.024851193
429	-100.09559494915958	2415.416936798
430	-100.09559494915958	2420.327820951
431	-100.09559494915958	2425.34229655
432	-100.09559494915958	2430.575616711
433	-100.09559494915958	2436.290672884
434	-100.09559494915958	2442.31363929
435	-100.09559494915958	2449.02205238
436	-100.09559494915958	2454.100878731
437	-100.09559494915958	2458.605278373
438	-100.09559494915958	2464.460002087
439	-100.09559494915958	2469.378433657
440	-100.09559494915958	2475.761030894
441	-100.09559494915958	2480.854478814
442	-100.09559494915958	2485.858663207
443	-100.09559494915958	2490.623732808
444	-100.09559494915958	2495.823803912
445	-100.09559494915958	2501.546881905
446	-100.09559494915958	2508.288685747
447	-100.09559494915958	2513.382435586
448	-100.09559494915958	2518.673391859
449	-100.09559494915958	2523.282708369
450	-100.09559494915958	2529.07156603
451	-100.09559494915958	2534.170915207
452	-100.09559494915958	2539.543023095
453	-100.09559494915958	2544.954513938
454	-100.09559494915958	2550.208514015
455	-100.09559494915958	2555.841042971
456	-100.09559494915958	2560.852174647
457	-100.09559494915958	2565.896469567
458	-100.09559494915958	2570.193536643
459	-100.09559494915958	2576.223026391
460	-100.09559494915958	2581.717759193
461	-100.09559494915958	2587.323981528
462	-100.09559494915958	2592.788372709
463	-100.09559494915958	2597.834761963
464	-100.09559494915958	2603.04427924
465	-100.09559494915958	2608.278589834
466	-100.09559494915958	2613.045952769
467	-100.09559494915958	2619.046786682
468	-100.09559494915958	2623.667307284
469	-100.09559494915958	2630.130235338
470	-100.09559494915958	2635.814533359
471	-100.09559494915958	2641.286100472
472	-100.09559494915958	2647.063328105
473	-100.09559494915958	2652.663505778
474	-100.09559494915958	2657.099519666
475	-100.09559494915958	2662.657997958
476	-100.09559494915958	2667.806690866
477	-100.09559494915958	2673.758388885
478	-100.09559494915958	2679.622367186
479	-100.09559494915958	2684.975011675
480	-100.09559494915958	2690.007952256
481	-100.09559494915958	2695.636805151
482	-100.09559494915958	2699.998125477
483	-100.09559494915958	2705.76551236
484	-100.09559494915958	2711.601511365
485	-100.09559494915958	2718.097380856
486	-100.09559494915958	2723.080629316
487	-100.09559494915958	2728.9360481
488	-100.09559494915958	2734.22475808
489	-100.09559494915958	2738.999136436
490	-100.09559494915958	2744.172953947
491	-100.09559494915958	2750.677017173
492	-100.09559494915958	2756.468116565
493	-100.09559494915958	2762.257935578
494	-100.09559494915958	2766.975853286
495	-100.09559494915958	2771.047583818
496	-100.09559494915958	2774.838822623
497	-100.09559494915958	2779.337597839
498	-100.09559494915958	2784.075072458
499	-100.09559494915958	2788.877254489
500	-100.09559494915958	2793.828908033
501	-100.09559494915958	2799.34958139
502	-100.09559494915958	2804.326935435
503	-100.09559494915958	2809.554747491
504	-100.09559494915958	2816.195537465
505	-100.09559494915958	2822.927166422
506	-100.09559494915958	2828.058522767
507	-100.09559494915958	2834.669996049
508	-100.09559494915958	2839.970419591
509	-100.09559494915958	2845.112732562
510	-100.09559494915958	2850.864570451
511	-100.09559494915958	2856.276014538
512	-100.09559494915958	2860.985163752
513	-100.09559494915958	2864.730835242
514	-100.09559494915958	2870.6372787
515	-100.09559494915958	2875.703674465
516	-100.09559494915958	2881.537237018
517	-100.09559494915958	2887.326084986
518	-100.09559494915958	2892.085179775
519	-100.09559494915958	2898.236137507
520	-100.09559494915958	2903.527625488
521	-100.09559494915958	2908.186313954
522	-100.09559494915958	2913.032236958
523	-100.09559494915958	2917.889696479
524	-100.09559494915958	2923.346971027
525	-100.09559494915958	2928.739850061
526	-100.09559494915958	2933.867057651
527	-100.09559494915958	2939.620957658
528	-100.09559494915958	2945.057636681
529	-100.09559494915958	2951.402682436
530	-100.09559494915958	2957.542504501
531	-100.09559494915958	2964.67317946
532	-100.09559494915958	2970.704650928
533	-100.09559494915958	2976.366907404
534	-100.09559494915958	2983.031074896
535	-100.09559494915958	2988.801128877
536	-100.09559494915958	2994.082741041
537	-100.09559494915958	2999.608430424
538	-100.09559494915958	3004.165595266
539	-100.09559494915958	3011.143125787
540	-100.09559494915958	3017.374578553
541	-100.09559494915958	3024.096508739
542	-100.09559494915958	3030.561016525
543	-100.09559494915958	3035.975538252
544	-100.09559494915958	3041.49534605
545	-100.09559494915958	3047.039523509
546	-100.09559494915958	3052.019469956
547	-100.09559494915958	3056.607852244
548	-100.09559494915958	3063.117386512
549	-100.09559494915958	3068.752629322
550	-100.09559494915958	3074.984714152
551	-100.09559494915958	3080.141262953
552	-100.09559494915958	3085.295220778
553	-100.09559494915958	3090.634192507
554	-100.09559494915958	3095.615153905
555	-100.09559494915958	3101.212811021
556	-100.09559494915958	3105.95109304
557	-100.09559494915958	3112.548161143
558	-100.09559494915958	3117.89704233
559	-100.09559494915958	3122.910814305
560	-100.09559494915958	3128.459678785
561	-100.09559494915958	3134.316682148
562	-100.09559494915958	3138.392360155
563	-100.09559494915958	3143.859750858
564	-100.09559494915958	3149.720334489
565	-100.09559494915958	3154.515150712
566	-100.09559494915958	3160.409560441
567	-100.09559494915958	3164.930421393
568	-100.09559494915958	3170.553055716
569	-100.09559494915958	3176.295605661
570	-100.09559494915958	3182.078363352
571	-100.09559494915958	3187.117950152
572	-100.09559494915958	3192.103168929
573	-100.09559494915958	3196.10713294
574	-100.09559494915958	3202.12165843
575	-100.09559494915958	3206.969480476
576	-100.09559494915958	3213.689552105
577	-100.09559494915958	3218.799484713
578	-100.09559494915958	3224.638582741
579	-100.09559494915958	3229.270423184
580	-100.09559494915958	3233.205571227
581	-100.09559494915958	3239.044105614
582	-100.09559494915958	3244.838089349
583	-100.09559494915958	3249.839334375
584	-100.09559494915958	3256.36998704
585	-100.09559494915958	3261.832553304
586	-100.09559494915958	3267.270455115
587	-100.09559494915958	3273.836391302
588	-100.09559494915958	3279.363488501
589	-100.09559494915958	3283.236024893
590	-100.09559494915958	3288.157688056
591	-100.09559494915958	3293.025635499
592	-100.09559494915958	3297.736579125
593	-100.09559494915958	3301.802937828
594	-100.09559494915958	3307.000629498
595	-100.09559494915958	3312.49788799
596	-100.09559494915958	3317.189095947
597	-100.09559494915958	3321.008441201
598	-100.09559494915958	3326.13792901
599	-100.09559494915958	3330.297908688
600	-100.09559494915958	3336.515738015
601	-100.09559494915958	3341.986114556
602	-100.09559494915958	3346.951997373
603	-100.09559494915958	3352.799192487
604	-100.09559494915958	3359.095526289
605	-100.09559494915958	3364.65455026
606	-100.09559494915958	3370.07564294
607	-100.09559494915958	3375.270022905
608	-100.09559494915958	3380.731011148
609	-100.09559494915958	3385.116741619
610	-100.09559494915958	3390.795408943
611	-100.09559494915958	3395.896733283
612	-100.09559494915958	3402.327533857
613	-100.09559494915958	3408.953581666
614	-100.09559494915958	3413.400655385
615	-100.09559494915958	3418.983717162
616	-100.09559494915958	3424.38283558
617	-100.09559494915958	3429.741211977
618	-100.09559494915958	3435.055621033
619	-100.09559494915958	3439.789236557
620	-100.09559494915958	3444.920139881
621	-100.09559494915958	3448.892463646
622	-100.09559494915958	3453.210353186
623	-100.09559494915958	3457.887861014
624	-100.09559494915958	3462.36128811
625	-100.09559494915958	3466.747774948
626	-100.09559494915958	3471.865817187
627	-100.09559494915958	3478.116784954
628	-100.09559494915958	3484.764352008
629	-100.09559494915958	3491.376980794
630	-100.09559494915958	3496.85676331
631	-100.09559494915958	3503.182928693
632	-100.09559494915958	3508.494725961
633	-100.09559494915958	3514.965345691
634	-100.09559494915958	3520.103580326
635	-100.09559494915958	3525.740140577
636	-100.09559494915958	3532.162324044
637	-100.09559494915958	3537.73572668
638	-100.09559494915958	3541.818208281
639	-100.09559494915958	3546.962141467
640	-100.09559494915958	3552.720007481
641	-100.09559494915958	3558.984543948
642	-100.09559494915958	3563.70176402
643	-100.09559494915958	3568.605351359
644	-100.09559494915958	3574.944541473
645	-100.09559494915958	3581.196768521
646	-100.09559494915958	3586.476033183
647	-100.09559494915958	3591.957037346
648	-100.09559494915958	3599.216859137
649	-100.09559494915958	3605.677274047
650	-100.09559494915958	3611.455119203
651	-100.09559494915958	3616.129578756
652	-100.09559494915958	3621.29670272
653	-100.09559494915958	3626.786001258
654	-100.09559494915958	3631.970944173
655	-100.09559494915958	3637.752256413
656	-100.09559494915958	3644.391788817
657	-100.09559494915958	3649.624339783
658	-100.09559494915958	3655.475141965
659	-100.09559494915958	3660.774413424
660	-100.09559494915958	3666.397521296
661	-100.09559494915958	3670.330098034
662	-100.09559494915958	3675.692484914
663	-100.09559494915958	3681.393294138
664	-100.09559494915958	3686.264151584
665	-100.09559494915958	3691.412978773
666	-100.09559494915958	3696.662294394
667	-100.09559494915958	3701.000955366
668	-100.09559494915958	3707.017253314
669	-100.09559494915958	3712.594756808
670	-100.09559494915958	3717.941624059
671	-100.09559494915958	3722.987160583
672	-100.09559494915958	3727.870634499
673	-100.09559494915958	3732.927701837
674	-100.09559494915958	3738.824485297
675	-100.09559494915958	3745.360870726
676	-100.09559494915958	3750.274567662
677	-100.09559494915958	3755.260638028
678	-100.09559494915958	3760.955492397
679	-100.09559494915958	3766.923816228
680	-100.09559494915958	3771.939884957
681	-100.09559494915958	3778.077277126
682	-100.09559494915958	3784.047710972
683	-100.09559494915958	3789.016063598
684	-100.09559494915958	3793.512925517
685	-100.09559494915958	3799.517101357
686	-100.09559494915958	3804.70644762
687	-100.09559494915958	3810.750175764
688	-100.09559494915958	3815.367652652
689	-100.09559494915958	3820.773016726
690	-100.09559494915958	3827.057040825
691	-100.09559494915958	3833.033344566
692	-100.09559494915958	3838.757735154
693	-100.09559494915958	3843.745027452
694	-100.09559494915958	3849.275040356
695	-100.09559494915958	3854.681378327
696	-100.09559494915958	3860.363125001
697	-100.09559494915958	3867.061235481
698	-100.09559494915958	3871.499805848
699	-100.09559494915958	3877.782142733
700	-100.09559494915958	3883.444128365
701	-100.09559494915958	3887.791145008
702	-100.09559494915958	3892.83092368
703	-100.09559494915958	3897.686690855
704	-100.09559494915958	3902.418448391
705	-100.09559494915958	3908.565305264
706	-100.09559494915958	3912.840747324
707	-100.09559494915958	3917.262259954
708	-100.09559494915958	3922.640181289
709	-100.09559494915958	3926.866775974
710	-100.09559494915958	3932.450007669
711	-100.09559494915958	3938.057530624
712	-100.09559494915958	3944.041395467
713	-100.09559494915958	3950.324586507
714	-100.09559494915958	3955.731896094
715	-100.09559494915958	3961.45579175
716	-100.09559494915958	3967.079959049
717	-100.09559494915958	3972.095038201
718	-100.09559494915958	3977.848405358
719	-100.09559494915958	3983.483570621
720	-100.09559494915958	3988.998927174
721	-100.09559494915958	3994.595415101
722	-100.09559494915958	4000.873758609
723	-100.09559494915958	4005.352217982
724	-100.09559494915958	4011.247900676
725	-100.09559494915958	4016.715247759
726	-100.09559494915958	4022.598234726
727	-100.09559494915958	4027.046573713
728	-100.09559494915958	4031.919812018
729	-100.09559494915958	4037.425145073
730	-100.09559494915958	4041.781589642
731	-100.09559494915958	4046.565376253
732	-100.09559494915958	4052.634552301
733	-100.09559494915958	4058.983126437
734	-100.09559494915958	4064.714674426
735	-100.09559494915958	4069.747703958
736	-100.09559494915958	4075.172652028
737	-100.09559494915958	4080.83522981
738	-100.09559494915958	4085.995758303
739	-100.09559494915958	4090.839282772
740	-100.09559494915958	4095.93853473
741	-100.09559494915958	4100.350267907
742	-100.09559494915958	4106.937321065
743	-100.09559494915958	4112.499937279
744	-100.09559494915958	4117.643223861
745	-100.09559494915958	4124.095506047
746	-100.09559494915958	4128.479940175
747	-100.09559494915958	4132.993965888
748	-100.09559494915958	4137.794030491
749	-100.09559494915958	4141.732783036
750	-100.09559494915958	4146.236453966
751	-100.09559494915958	4151.780950736
752	-100.09559494915958	4156.881213369
753	-100.09559494915958	4162.475290501
754	-100.09559494915958	4167.540539031
755	-100.09559494915958	4173.615190683
756	-100.09559494915958	4177.788376985
757	-100.09559494915958	4182.860991322
758	-100.09559494915958	4187.35648876
759	-100.09559494915958	4191.251166196
760	-100.09559494915958	4196.274942282
761	-100.09559494915958	4202.285489791
762	-100.09559494915958	4207.328359788
763	-100.09559494915958	4212.601464609
764	-100.09559494915958	4216.70001779
765	-100.09559494915958	4222.817444501
766	-100.09559494915958	4228.645490681
767	-100.09559494915958	4234.054848701
768	-100.09559494915958	4238.96675807
769	-100.09559494915958	4244.510465686
770	-100.09559494915958	4248.917942056
771	-100.09559494915958	4254.732832643
772	-100.09559494915958	4259.643732192
773	-100.09559494915958	4264.912230675
774	-100.09559494915958	4270.176157886
775	-100.09559494915958	4275.400676767
776	-100.09559494915958	4280.348867218
777	-100.09559494915958	4286.950117147
778	-100.09559494915958	4291.207561215
779	-100.09559494915958	4297.883365578
780	-100.09559494915958	4302.999128454
781	-100.09559494915958	4309.268189151
782	-100.09559494915958	4314.174245729
783	-100.09559494915958	4318.861017837
784	-100.09559494915958	4324.410606183
785	-100.09559494915958	4330.205750269
786	-100.09559494915958	4334.921092396
787	-100.09559494915958	4339.287555331
788	-100.09559494915958	4344.220399777
789	-100.09559494915958	4348.733383169
790	-100.09559494915958	4354.520165882
791	-100.09559494915958	4361.08351822
792	-100.09559494915958	4366.977106865
793	-100.09559494915958	4373.089886753
794	-100.09559494915958	4378.27544149
795	-100.09559494915958	4382.655863709
796	-100.09559494915958	4387.855149651
797	-100.09559494915958	4393.463760542
798	-100.09559494915958	4399.946669164
799	-100.09559494915958	4404.728784528
800	-100.09559494915958	4411.899135239
801	-100.09559494915958	4416.496594782
802	-100.09559494915958	4422.087517584
803	-100.09559494915958	4427.266968928
804	-100.09559494915958	4432.169517653
805	-100.09559494915958	4437.444917233
806	-100.09559494915958	4443.623008658
807	-100.09559494915958	4449.219987239
808	-100.09559494915958	4455.139962333
809	-100.09559494915958	4459.20646273
810	-100.09559494915958	4463.776878957
811	-100.09559494915958	4470.214541
812	-100.09559494915958	4475.845338552
813	-100.09559494915958	4480.897972607
814	-100.09559494915958	4486.099147042
815	-100.09559494915958	4490.605840588
816	-100.09559494915958	4496.139583722
817	-100.09559494915958	4502.319057875
818	-100.09559494915958	4508.151371125
819	-100.09559494915958	4514.796059253
820	-100.09559494915958	4520.247437391
821	-100.09559494915958	4526.42860617
822	-100.09559494915958	4532.61210335
823	-100.09559494915958	4539.199493779
824	-100.09559494915958	4543.627412291
825	-100.09559494915958	4549.282963247
826	-100.09559494915958	4554.36176565
827	-100.09559494915958	4559.547510262
828	-100.09559494915958	4565.366313544
829	-100.09559494915958	4571.485080504
830	-100.09559494915958	4576.395469441
831	-100.09559494915958	4581.832529641
832	-100.09559494915958	4586.871914592
833	-100.09559494915958	4591.466737257
834	-100.09559494915958	4597.354397846
835	-100.09559494915958	4602.439317896
836	-100.09559494915958	4608.018996407
837	-100.09559494915958	4613.29030026
838	-100.09559494915958	4618.823386527
839	-100.09559494915958	4623.928438532
840	-100.09559494915958	4627.371602979
841	-100.09559494915958	4632.533944414
842	-100.09559494915958	4637.822766438
843	-100.09559494915958	4642.657349643
844	-100.09559494915958	4648.70319607
845	-100.09559494915958	4655.712746304
846	-100.09559494915958	4661.903933449
847	-100.09559494915958	4667.679803727
848	-100.09559494915958	4672.786875941
849	-100.09559494915958	4677.042521036
850	-100.09559494915958	4682.069854868
851	-100.09559494915958	4688.480886132
852	-100.09559494915958	4693.765442225
853	-100.09559494915958	4697.97585129
854	-100.09559494915958	4703.1642037
855	-100.09559494915958	4707.763751305
856	-100.09559494915958	4713.462755855
857	-100.09559494915958	4718.026364782
858	-100.09559494915958	4723.619740287
859	-100.09559494915958	4729.599433281
860	-100.09559494915958	4736.246010187
861	-100.09559494915958	4742.146756804
862	-100.09559494915958	4746.886725181
863	-100.09559494915958	4752.381319996
864	-100.09559494915958	4757.813358183
865	-100.09559494915958	4762.862098075
866	-100.09559494915958	4767.592207741
867	-100.09559494915958	4772.072775703
868	-100.09559494915958	4777.008652744
869	-100.09559494915958	4783.475876094
870	-100.09559494915958	4788.002089203
871	-100.09559494915958	4793.466793992
872	-100.09559494915958	4799.702460801
873	-100.09559494915958	4804.86980144
874	-100.09559494915958	4810.471506387
875	-100.09559494915958	4814.858444821
876	-100.09559494915958	4820.324370688
877	-100.09559494915958	4826.45256871
878	-100.09559494915958	4830.358155731
879	-100.09559494915958	4834.764197485
880	-100.09559494915958	4839.848283051
881	-100.09559494915958	4844.597676503
882	-100.09559494915958	4850.297578829
883	-100.09559494915958	4855.418369704
884	-100.09559494915958	4861.048896697
885	-100.09559494915958	4866.508397295
886	-100.09559494915958	4872.113438467
887	-100.09559494915958	4876.498505798
888	-100.09559494915958	4882.362448462
889	-100.09559494915958	4886.779421182
890	-100.09559494915958	4892.415590847
891	-100.09559494915958	4897.909536493
892	-100.09559494915958	4903.417962013
893	-100.09559494915958	4907.684647838
894	-100.09559494915958	4912.693282335
895	-100.09559494915958	4917.391561309
896	-100.09559494915958	4922.777544092
897	-100.09559494915958	4927.689296086
898	-100.09559494915958	4933.215393445
899	-100.09559494915958	4937.636314496
900	-100.09559494915958	4943.131849566
901	-100.09559494915958	4948.259635621
902	-100.09559494915958	4954.865129529
903	-100.09559494915958	4959.803860122
904	-100.09559494915958	4964.196022703
905	-100.09559494915958	4969.075529756
906	-100.09559494915958	4973.177393218
907	-100.09559494915958	4977.856257545
908	-100.09559494915958	4982.063121979
909	-100.09559494915958	4986.972309795
910	-100.09559494915958	4994.181277972
911	-100.09559494915958	4998.291365104
912	-100.09559494915958	5004.32369757
913	-100.09559494915958	5008.538446977
914	-100.09559494915958	5013.388177188
915	-100.09559494915958	5018.050771791
916	-100.09559494915958	5023.536964464
917	-100.09559494915958	5027.564230442
918	-100.09559494915958	5032.827642195
919	-100.09559494915958	5037.696266748
920	-100.09559494915958	5041.728892865
921	-100.09559494915958	5045.987132073
922	-100.09559494915958	5051.559069016
923	-100.09559494915958	5056.177820581
924	-100.09559494915958	5061.501396698
925	-100.09559494915958	5066.248819264
926	-100.09559494915958	5071.583919639
927	-100.09559494915958	5076.7907051
928	-100.09559494915958	5083.776697919
929	-100.09559494915958	5088.328071268
930	-100.09559494915958	5093.5616369
931	-100.09559494915958	5098.956886814
932	-100.09559494915958	5104.463227693
933	-100.09559494915958	5110.319345539
934	-100.09559494915958	5116.052695636
935	-100.09559494915958	5120.668782384
936	-100.09559494915958	5126.316213731
937	-100.09559494915958	5131.793665565
938	-100.09559494915958	5136.594615114
939	-100.09559494915958	5142.740171367
940	-100.09559494915958	5147.461120814
941	-100.09559494915958	5153.292252616
942	-100.09559494915958	5158.931761357
943	-100.09559494915958	5164.452853524
944	-100.09559494915958	5169.880067557
945	-100.09559494915958	5175.474161511
946	-100.09559494915958	5179.342071037
947	-100.09559494915958	5185.75162606
948	-100.09559494915958	5190.975076392
949	-100.09559494915958	5196.140477506
950	-100.09559494915958	5200.780712108
951	-100.09559494915958	5205.924290347
952	-100.09559494915958	5211.959603234
953	-100.09559494915958	5216.635861189
954	-100.09559494915958	5221.635729474
955	-100.09559494915958	5226.88084217
956	-100.09559494915958	5231.886161255
957	-100.09559494915958	5236.545677933
958	-100.09559494915958	5242.345732273
959	-100.09559494915958	5248.014200478
960	-100.09559494915958	5253.616736488
961	-100.09559494915958	5258.391978123
962	-100.09559494915958	5264.902031271
963	-100.09559494915958	5269.686957707
964	-100.09559494915958	5274.8597711
965	-100.09559494915958	5279.449740247
966	-100.09559494915958	5285.1300543
967	-100.09559494915958	5290.207845173
968	-100.09559494915958	5295.53571003
969	-100.09559494915958	5299.928535181
970	-100.09559494915958	5304.414617235
971	-100.09559494915958	5309.418468063
972	-100.09559494915958	5315.49852433
973	-100.09559494915958	5320.485263537
974	-100.09559494915958	5325.545799385
975	-100.09559494915958	5331.314139353
976	-100.09559494915958	5336.689416398
977	-100.09559494915958	5343.244191543
978	-100.09559494915958	5348.372670103
979	-100.09559494915958	5352.729644955
980	-100.09559494915958	5357.875470057
981	-100.09559494915958	5363.434665942
982	-100.09559494915958	5369.607905557
983	-100.09559494915958	5375.775044347
984	-100.09559494915958	5381.715837058
985	-100.09559494915958	5388.242189295
986	-100.09559494915958	5395.10811539
987	-100.09559494915958	5400.713467604
988	-100.09559494915958	5407.097340087
989	-100.09559494915958	5414.014487002
990	-100.09559494915958	5418.814757447
991	-100.09559494915958	5425.0888661
992	-100.09559494915958	5431.148692053
993	-100.09559494915958	5435.406818647
994	-100.09559494915958	5440.136781488
995	-100.09559494915958	5445.873247713
996	-100.09559494915958	5450.781400336
997	-100.09559494915958	5455.698359942
998	-100.09559494915958	5459.600889565
999	-100.09559494915958	5463.478332219
1000	-100.09559494915958	5467.684110142
1001	-100.09559494915958	5471.534382325
1002	-100.09559494915958	5476.118915211
1003	-100.09559494915958	5481.687987198
1004	-100.09559494915958	5485.873327825
1005	-100.09559494915958	5490.565473757
1006	-100.09559494915958	5495.496874179
1007	-100.09559494915958	5501.620917744
1008	-100.09559494915958	5507.466429351
1009	-100.09559494915958	5511.920864032
1010	-100.09559494915958	5516.60718939
1011	-100.09559494915958	5523.091006051
1012	-100.09559494915958	5528.355012804
1013	-100.09559494915958	5534.24717282
1014	-100.09559494915958	5539.528140376
1015	-100.09559494915958	5543.779439428
1016	-100.09559494915958	5548.998542576
1017	-100.09559494915958	5553.874121255
1018	-100.09559494915958	5559.468399382
1019	-100.09559494915958	5563.847986833
1020	-100.09559494915958	5568.504342052
1021	-100.09559494915958	5573.792956809
1022	-100.09559494915958	5578.633780539
1023	-100.09559494915958	5584.39481799
1024	-100.09559494915958	5589.710620609
1025	-100.09559494915958	5595.546050272
1026	-100.09559494915958	5600.721935033
1027	-100.09559494915958	5605.488803892
1028	-100.09559494915958	5610.372115586
1029	-100.09559494915958	5615.401465065
1030	-100.09559494915958	5619.522780807
1031	-100.09559494915958	5624.777136116
1032	-100.09559494915958	5629.907472093
1033	-100.09559494915958	5634.190876958
1034	-100.09559494915958	5637.760746651
1035	-100.09559494915958	5642.977819326
1036	-100.09559494915958	5648.281144318
1037	-100.09559494915958	5654.392846248
1038	-100.09559494915958	5659.529418473
1039	-100.09559494915958	5664.754494723
1040	-100.09559494915958	5670.012469929
1041	-100.09559494915958	5674.646828363
1042	-100.09559494915958	5678.846495197
1043	-100.09559494915958	5683.157803806
1044	-100.09559494915958	5688.75119271
1045	-100.09559494915958	5693.482384041
1046	-100.09559494915958	5699.563634586
1047	-100.09559494915958	5705.364176729
1048	-100.09559494915958	5710.624427879
1049	-100.09559494915958	5714.815685158
1050	-100.09559494915958	5719.354117879
1051	-100.09559494915958	5725.035846307
1052	-100.09559494915958	5729.990428384
1053	-100.09559494915958	5734.982935421
1054	-100.09559494915958	5741.196490835
1055	-100.09559494915958	5746.67590928
1056	-100.09559494915958	5751.877308943
1057	-100.09559494915958	5756.892704839
1058	-100.09559494915958	5762.245640985
1059	-100.09559494915958	5767.602477849
1060	-100.09559494915958	5772.890304309
1061	-100.09559494915958	5778.539856504
1062	-100.09559494915958	5783.633206066
1063	-100.09559494915958	5788.771475768
1064	-100.09559494915958	5794.887758663
1065	-100.09559494915958	5800.700467961
1066	-100.09559494915958	5806.111328452
1067	-100.09559494915958	5813.006946143
1068	-100.09559494915958	5817.324954855
1069	-100.09559494915958	5822.356336517
1070	-100.09559494915958	5827.896267717
1071	-100.09559494915958	5834.323134215
1072	-100.09559494915958	5838.849550314
1073	-100.09559494915958	5844.640812782
1074	-100.09559494915958	5850.333683435
1075	-100.09559494915958	5856.820566332
1076	-100.09559494915958	5862.152400616
1077	-100.09559494915958	5867.456211986
1078	-100.09559494915958	5873.907341518
1079	-100.09559494915958	5880.415708878
1080	-100.09559494915958	5884.796184411
1081	-100.09559494915958	5889.593834229
1082	-100.09559494915958	5894.428587924
1083	-100.09559494915958	5899.477828735
1084	-100.09559494915958	5904.421603577
1085	-100.09559494915958	5909.336146687
1086	-100.09559494915958	5914.512507277
1087	-100.09559494915958	5921.173226786
1088	-100.09559494915958	5927.208810517
1089	-100.09559494915958	5933.920735737
1090	-100.09559494915958	5940.555177135
1091	-100.09559494915958	5946.258913181
1092	-100.09559494915958	5950.285739252
1093	-100.09559494915958	5954.620392592
1094	-100.09559494915958	5961.048160002
1095	-100.09559494915958	5967.390272093
1096	-100.09559494915958	5972.680690384
1097	-100.09559494915958	5977.957533988
1098	-100.09559494915958	5982.867450802
1099	-100.09559494915958	5988.511993815
1100	-100.09559494915958	5994.794101195
1101	-100.09559494915958	5999.896530008
1102	-100.09559494915958	6004.651924216
1103	-100.09559494915958	6010.984137682
1104	-100.09559494915958	6016.13725076
1105	-100.09559494915958	6021.335817398
1106	-100.09559494915958	6028.008370211
1107	-100.09559494915958	6034.182049449
1108	-100.09559494915958	6041.282141308
1109	-100.09559494915958	6047.497408739
1110	-100.09559494915958	6053.296331522
1111	-100.09559494915958	6058.275098516
1112	-100.09559494915958	6064.409451818
1113	-100.09559494915958	6069.971300546
1114	-100.09559494915958	6076.647356936
1115	-100.09559494915958	6083.108399918
1116	-100.09559494915958	6088.51807953
1117	-100.09559494915958	6094.697724172
1118	-100.09559494915958	6100.250154381
1119	-100.09559494915958	6106.229047389
1120	-100.09559494915958	6110.831669783
1121	-100.09559494915958	6116.138265426
1122	-100.09559494915958	6121.682231912
1123	-100.09559494915958	6127.813803792
1124	-100.09559494915958	6133.311554079
1125	-100.09559494915958	6139.212620861
1126	-100.09559494915958	6144.6998875
1127	-100.09559494915958	6149.822329667
1128	-100.09559494915958	6155.249704781
1129	-100.09559494915958	6160.588997531
1130	-100.09559494915958	6164.306198216
1131	-100.09559494915958	6169.510278376
1132	-100.09559494915958	6175.117845521
1133	-100.09559494915958	6179.519430042
1134	-100.09559494915958	6184.029109426
1135	-100.09559494915958	6189.369570511
1136	-100.09559494915958	6194.117722929
1137	-100.09559494915958	6199.62528574
1138	-100.09559494915958	6205.928762689
1139	-100.09559494915958	6211.785401981
1140	-100.09559494915958	6217.96681794
1141	-100.09559494915958	6224.42519639
1142	-100.09559494915958	6232.190331564
1143	-100.09559494915958	6236.199155082
1144	-100.09559494915958	6241.853576762
1145	-100.09559494915958	6247.910939463
1146	-100.09559494915958	6253.938379922
1147	-100.09559494915958	6260.708791416
1148	-100.09559494915958	6266.522295569
1149	-100.09559494915958	6272.970779386
1150	-100.09559494915958	6279.035544673
1151	-100.09559494915958	6284.13479549
1152	-100.09559494915958	6289.369046214
1153	-100.09559494915958	6295.679024267
1154	-100.09559494915958	6301.7251193
1155	-100.09559494915958	6307.183713285
1156	-100.09559494915958	6312.520687327
1157	-100.09559494915958	6317.926731076
1158	-100.09559494915958	6323.263715098
1159	-100.09559494915958	6329.286243022
1160	-100.09559494915958	6334.252871941
1161	-100.09559494915958	6339.987378969
1162	-100.09559494915958	6345.306790365
1163	-100.09559494915958	6350.762779689
1164	-100.09559494915958	6355.492485941
1165	-100.09559494915958	6361.002119423
1166	-100.09559494915958	6366.064358451
1167	-100.09559494915958	6370.212098845
1168	-100.09559494915958	6375.063923391
1169	-100.09559494915958	6381.160311818
1170	-100.09559494915958	6386.82127081
1171	-100.09559494915958	6392.083303826
1172	-100.09559494915958	6397.322314271
1173	-100.09559494915958	6402.706429374
1174	-100.09559494915958	6408.772290009
1175	-100.09559494915958	6415.046398378
1176	-100.09559494915958	6419.773477445
1177	-100.09559494915958	6425.264959268
1178	-100.09559494915958	6431.042476276
1179	-100.09559494915958	6436.990871712
1180	-100.09559494915958	6443.460853962
1181	-100.09559494915958	6449.712829268
1182	-100.09559494915958	6454.595772615
1183	-100.09559494915958	6460.709806367
1184	-100.09559494915958	6465.390018355
1185	-100.09559494915958	6470.825513648
1186	-100.09559494915958	6474.451142077
1187	-100.09559494915958	6479.965567783
1188	-100.09559494915958	6486.995636851
1189	-100.09559494915958	6493.010264692
1190	-100.09559494915958	6498.288880469
1191	-100.09559494915958	6502.961597214
1192	-100.09559494915958	6508.841786793
1193	-100.09559494915958	6515.527484934
1194	-100.09559494915958	6520.634898411
1195	-100.09559494915958	6526.437416288
1196	-100.09559494915958	6531.799305671
1197	-100.09559494915958	6537.482448473
1198	-100.09559494915958	6543.168244688
1199	-100.09559494915958	6550.141636717
1200	-100.09559494915958	6556.542527879
1201	-100.09559494915958	6562.150096164
1202	-100.09559494915958	6568.096474242
1203	-100.09559494915958	6574.125244971
1204	-100.09559494915958	6579.900612905
1205	-100.09559494915958	6584.81917562
1206	-100.09559494915958	6589.771604632
1207	-100.09559494915958	6594.35248797
1208	-100.09559494915958	6601.563162463
1209	-100.09559494915958	6606.520657962
1210	-100.09559494915958	6612.66655947
1211	-100.09559494915958	6618.081266796
1212	-100.09559494915958	6623.365578559
1213	-100.09559494915958	6629.37359981
1214	-100.09559494915958	6635.431405269
1215	-100.09559494915958	6640.139219651
1216	-100.09559494915958	6646.177087592
1217	-100.09559494915958	6651.311092504
1218	-100.09559494915958	6656.784699783
1219	-100.09559494915958	6662.216857711
1220	-100.09559494915958	6667.926715111
1221	-100.09559494915958	6673.60662632
1222	-100.09559494915958	6680.280604056
1223	-100.09559494915958	6685.720014609
1224	-100.09559494915958	6690.209811214
1225	-100.09559494915958	6696.57386421
1226	-100.09559494915958	6701.731936863
1227	-100.09559494915958	6706.385338461
1228	-100.09559494915958	6712.597829031
1229	-100.09559494915958	6719.721181517
1230	-100.09559494915958	6725.493109736
1231	-100.09559494915958	6730.297512971
1232	-100.09559494915958	6735.472476293
1233	-100.09559494915958	6741.161854772
1234	-100.09559494915958	6746.503780693
1235	-100.09559494915958	6752.962458212
1236	-100.09559494915958	6758.760850142
1237	-100.09559494915958	6762.270634442
1238	-100.09559494915958	6766.88449856
1239	-100.09559494915958	6772.762055253
1240	-100.09559494915958	6778.357091458
1241	-100.09559494915958	6784.295278083
1242	-100.09559494915958	6790.851506091
1243	-100.09559494915958	6796.668119244
1244	-100.09559494915958	6802.509524005
1245	-100.09559494915958	6808.844668855
1246	-100.09559494915958	6814.626731476
1247	-100.09559494915958	6820.353144553
1248	-100.09559494915958	6826.85708376
1249	-100.09559494915958	6832.451560317
1250	-100.09559494915958	6838.402737175
1251	-100.09559494915958	6844.500307051
1252	-100.09559494915958	6851.006696397
1253	-100.09559494915958	6856.539531492
1254	-100.09559494915958	6861.4989152
1255	-100.09559494915958	6868.285543675
1256	-100.09559494915958	6873.631928824
1257	-100.09559494915958	6878.813953754
1258	-100.09559494915958	6885.893967826
1259	-100.09559494915958	6891.073086176
1260	-100.09559494915958	6896.806125801
1261	-100.09559494915958	6901.487049395
1262	-100.09559494915958	6906.497561837
1263	-100.09559494915958	6912.001520716
1264	-100.09559494915958	6916.37764878
1265	-100.09559494915958	6921.714631946
1266	-100.09559494915958	6926.077677974
1267	-100.09559494915958	6930.833319079
1268	-100.09559494915958	6934.616133219
1269	-100.09559494915958	6939.244351484
1270	-100.09559494915958	6944.934739782
1271	-100.09559494915958	6950.21366033
1272	-100.09559494915958	6955.222770087
1273	-100.09559494915958	6960.970811887
1274	-100.09559494915958	6966.262515973
1275	-100.09559494915958	6972.453268628
1276	-100.09559494915958	6979.969250687
1277	-100.09559494915958	6985.956331157
1278	-100.09559494915958	6991.22785083
1279	-100.09559494915958	6995.435999348
1280	-100.09559494915958	7000.835086405
1281	-100.09559494915958	7006.331829438
1282	-100.09559494915958	7012.412029965
1283	-100.09559494915958	7018.122809374
1284	-100.09559494915958	7023.693033444
1285	-100.09559494915958	7029.493270532
1286	-100.09559494915958	7034.689842905
1287	-100.09559494915958	7039.749546836
1288	-100.09559494915958	7046.933053709
1289	-100.09559494915958	7053.105453424
1290	-100.09559494915958	7059.371459859
1291	-100.09559494915958	7063.870648183
1292	-100.09559494915958	7070.987029153
1293	-100.09559494915958	7077.912715627
1294	-100.09559494915958	7084.177244111
1295	-100.09559494915958	7089.578495922
1296	-100.09559494915958	7095.140326119
1297	-100.09559494915958	7099.488114523
1298	-100.09559494915958	7105.608321231
1299	-100.09559494915958	7110.598666366
1300	-100.09559494915958	7115.903546285
1301	-100.09559494915958	7120.566420285
1302	-100.09559494915958	7126.120358096
1303	-100.09559494915958	7131.772307115
1304	-100.09559494915958	7138.231221836
1305	-100.09559494915958	7142.603148687
1306	-100.09559494915958	7147.406549229
1307	-100.09559494915958	7152.450958758
1308	-100.09559494915958	7157.455348707
1309	-100.09559494915958	7162.421813695
1310	-100.09559494915958	7167.026610252
1311	-100.09559494915958	7172.185158735
1312	-100.09559494915958	7178.196857187
1313	-100.09559494915958	7181.769497468
1314	-100.09559494915958	7187.423992134
1315	-100.09559494915958	7191.53790757
1316	-100.09559494915958	7198.044978301
1317	-100.09559494915958	7203.635019578
1318	-100.09559494915958	7208.093699092
1319	-100.09559494915958	7214.418315535
1320	-100.09559494915958	7219.454285289
1321	-100.09559494915958	7225.165928832
1322	-100.09559494915958	7230.175694315
1323	-100.09559494915958	7235.445063204
1324	-100.09559494915958	7240.162762811
1325	-100.09559494915958	7246.74276719
1326	-100.09559494915958	7253.759339689
1327	-100.09559494915958	7259.58823033
1328	-100.09559494915958	7264.037758464
1329	-100.09559494915958	7268.19295048
1330	-100.09559494915958	7273.520045
1331	-100.09559494915958	7280.020482342
1332	-100.09559494915958	7285.785856713
1333	-100.09559494915958	7292.127756405
1334	-100.09559494915958	7296.434433586
1335	-100.09559494915958	7302.482214977
1336	-100.09559494915958	7307.79626709
1337	-100.09559494915958	7315.018847871
1338	-100.09559494915958	7320.736245559
1339	-100.09559494915958	7325.620638633
1340	-100.09559494915958	7330.627616707
1341	-100.09559494915958	7336.60564387
1342	-100.09559494915958	7343.57504794
1343	-100.09559494915958	7349.930543986
1344	-100.09559494915958	7357.405412826
1345	-100.09559494915958	7361.868285571
1346	-100.09559494915958	7367.740389183
1347	-100.09559494915958	7374.780677896
1348	-100.09559494915958	7380.408829448
1349	-100.09559494915958	7385.379489377
1350	-100.09559494915958	7391.211038563
1351	-100.09559494915958	7396.866971836
1352	-100.09559494915958	7401.127464179
1353	-100.09559494915958	7406.641583974
1354	-100.09559494915958	7411.181338698
1355	-100.09559494915958	7417.885881574
1356	-100.09559494915958	7424.810813677
1357	-100.09559494915958	7431.22089984
1358	-100.09559494915958	7437.638846172
1359	-100.09559494915958	7443.734432332
1360	-100.09559494915958	7449.294030491
1361	-100.09559494915958	7453.084342155
1362	-100.09559494915958	7457.417452826
1363	-100.09559494915958	7463.289908535
1364	-100.09559494915958	7467.815671473
1365	-100.09559494915958	7473.016512628
1366	-100.09559494915958	7479.399591397
1367	-100.09559494915958	7484.459239163
1368	-100.09559494915958	7490.114296613
1369	-100.09559494915958	7496.693894157
1370	-100.09559494915958	7502.190974747
1371	-100.09559494915958	7508.26335958
1372	-100.09559494915958	7514.207825787
1373	-100.09559494915958	7520.226935378
1374	-100.09559494915958	7525.236783825
1375	-100.09559494915958	7530.199852718
1376	-100.09559494915958	7535.407311868
1377	-100.09559494915958	7540.314647969
1378	-100.09559494915958	7545.764005898
1379	-100.09559494915958	7550.766012137
1380	-100.09559494915958	7556.226523125
1381	-100.09559494915958	7561.557012315
1382	-100.09559494915958	7567.669487148
1383	-100.09559494915958	7573.654367797
1384	-100.09559494915958	7579.250534988
1385	-100.09559494915958	7583.585636788
1386	-100.09559494915958	7589.709214502
1387	-100.09559494915958	7595.76399763
1388	-100.09559494915958	7601.668817451
1389	-100.09559494915958	7608.394040526
1390	-100.09559494915958	7615.074441535
1391	-100.09559494915958	7620.197410278
1392	-100.09559494915958	7625.742672253
1393	-100.09559494915958	7631.269865531
1394	-100.09559494915958	7636.985031752
1395	-100.09559494915958	7642.191237608
1396	-100.09559494915958	7647.91403763
1397	-100.09559494915958	7653.155802983
1398	-100.09559494915958	7656.788949178
1399	-100.09559494915958	7662.112095652
1400	-100.09559494915958	7668.620444195
1401	-100.09559494915958	7674.146534427
1402	-100.09559494915958	7679.682126426
1403	-100.09559494915958	7684.414663421
1404	-100.09559494915958	7690.39061079
1405	-100.09559494915958	7695.68702442
1406	-100.09559494915958	7700.105013802
1407	-100.09559494915958	7706.78103541
1408	-100.09559494915958	7711.557426278
1409	-100.09559494915958	7716.528852837
1410	-100.09559494915958	7720.894212156
1411	-100.09559494915958	7726.173340826
1412	-100.09559494915958	7731.293616243
1413	-100.09559494915958	7736.498706793
1414	-100.09559494915958	7741.719868638
1415	-100.09559494915958	7748.63165741
1416	-100.09559494915958	7753.891514553
1417	-100.09559494915958	7759.394689696
1418	-100.09559494915958	7763.966097211
1419	-100.09559494915958	7770.122312447
1420	-100.09559494915958	7775.95307248
1421	-100.09559494915958	7780.700582856
1422	-100.09559494915958	7785.308445363
1423	-100.09559494915958	7791.775611409
1424	-100.09559494915958	7797.80752592
1425	-100.09559494915958	7802.74549701
1426	-100.09559494915958	7807.267819093
1427	-100.09559494915958	7812.549147584
1428	-100.09559494915958	7818.134640967
1429	-100.09559494915958	7823.282781354
1430	-100.09559494915958	7827.911950423
1431	-100.09559494915958	7833.193260668
1432	-100.09559494915958	7837.833695979
1433	-100.09559494915958	7843.696518205
1434	-100.09559494915958	7848.963654486
1435	-100.09559494915958	7854.170193622
1436	-100.09559494915958	7859.43155352
1437	-100.09559494915958	7864.102350981
1438	-100.09559494915958	7868.810771768
1439	-100.09559494915958	7873.900748612
1440	-100.09559494915958	7880.063110575
1441	-100.09559494915958	7885.403236668
1442	-100.09559494915958	7891.141680622
1443	-100.09559494915958	7895.932343243
1444	-100.09559494915958	7901.390990256
1445	-100.09559494915958	7907.250723723
1446	-100.09559494915958	7914.856299169
1447	-100.09559494915958	7920.204817711
1448	-100.09559494915958	7925.15385633
1449	-100.09559494915958	7929.682014382
1450	-100.09559494915958	7934.963373093
1451	-100.09559494915958	7939.546002946
1452	-100.09559494915958	7944.284807265
1453	-100.09559494915958	7948.853551388
1454	-100.09559494915958	7953.667325245
1455	-100.09559494915958	7958.558290127
1456	-100.09559494915958	7964.292176495
1457	-100.09559494915958	7969.585521038
1458	-100.09559494915958	7974.328023942
1459	-100.09559494915958	7980.092045805
1460	-100.09559494915958	7985.820242174
1461	-100.09559494915958	7992.092879149
1462	-100.09559494915958	7996.925507718
1463	-100.09559494915958	8002.081338071
1464	-100.09559494915958	8009.627285422
1465	-100.09559494915958	8013.927884585
1466	-100.09559494915958	8019.537751336
1467	-100.09559494915958	8025.867810882
1468	-100.09559494915958	8030.978356452
1469	-100.09559494915958	8035.857895151
1470	-100.09559494915958	8039.992565198
1471	-100.09559494915958	8044.078919864
1472	-100.09559494915958	8048.542972347
1473	-100.09559494915958	8053.910733052
1474	-100.09559494915958	8059.272136056
1475	-100.09559494915958	8064.638898345
1476	-100.09559494915958	8070.46696163
1477	-100.09559494915958	8075.826379208
1478	-100.09559494915958	8080.902078597
1479	-100.09559494915958	8085.882628313
1480	-100.09559494915958	8092.436881158
1481	-100.09559494915958	8097.525280552
1482	-100.09559494915958	8103.798571257
1483	-100.09559494915958	8108.682287506
1484	-100.09559494915958	8114.007270301
1485	-100.09559494915958	8119.48180358
1486	-100.09559494915958	8124.556352882
1487	-100.09559494915958	8131.493308735
1488	-100.09559494915958	8137.471811158
1489	-100.09559494915958	8143.509371477
1490	-100.09559494915958	8149.378367514
1491	-100.09559494915958	8155.387669997
1492	-100.09559494915958	8160.656205828
1493	-100.09559494915958	8166.526495642
1494	-100.09559494915958	8172.901711961
1495	-100.09559494915958	8178.722775504
1496	-100.09559494915958	8183.179591043
1497	-100.09559494915958	8188.502592402
1498	-100.09559494915958	8193.890353916
1499	-100.09559494915958	8200.130379313
1500	-100.09559494915958	8207.373637443
1501	-100.09559494915958	8212.784412118
1502	-100.09559494915958	8220.353703346
1503	-100.09559494915958	8226.77259592
1504	-100.09559494915958	8232.596070543
1505	-100.09559494915958	8238.49314794
1506	-100.09559494915958	8244.818491099
1507	-100.09559494915958	8248.729823427
1508	-100.09559494915958	8254.769964175
1509	-100.09559494915958	8259.992840888
1510	-100.09559494915958	8264.938501944
1511	-100.09559494915958	8269.918222593
1512	-100.09559494915958	8274.295648426
1513	-100.09559494915958	8279.239362828
1514	-100.09559494915958	8284.772072764
1515	-100.09559494915958	8289.363737963
1516	-100.09559494915958	8293.994962022
1517	-100.09559494915958	8299.130396704
1518	-100.09559494915958	8305.143758706
1519	-100.09559494915958	8309.700717708
1520	-100.09559494915958	8314.406502758
1521	-100.09559494915958	8319.357823306
1522	-100.09559494915958	8325.461952732
1523	-100.09559494915958	8330.872578301
1524	-100.09559494915958	8336.39639259
1525	-100.09559494915958	8341.44421532
1526	-100.09559494915958	8347.254447396
1527	-100.09559494915958	8352.904867432
1528	-100.09559494915958	8359.513308119
1529	-100.09559494915958	8365.193997648
1530	-100.09559494915958	8371.247154573
1531	-100.09559494915958	8376.152259492
1532	-100.09559494915958	8381.739895677
1533	-100.09559494915958	8387.502237739
1534	-100.09559494915958	8394.114175447
1535	-100.09559494915958	8399.252079937
1536	-100.09559494915958	8404.746013323
1537	-100.09559494915958	8409.741109057
1538	-100.09559494915958	8414.336210264
1539	-100.09559494915958	8419.476057417
1540	-100.09559494915958	8423.61015299
1541	-100.09559494915958	8429.618236106
1542	-100.09559494915958	8434.504952449
1543	-100.09559494915958	8438.483412106
1544	-100.09559494915958	8442.888367064
1545	-100.09559494915958	8447.353568494
1546	-100.09559494915958	8452.721523921
1547	-100.09559494915958	8458.042067729
1548	-100.09559494915958	8463.187653348
1549	-100.09559494915958	8468.359354286
1550	-100.09559494915958	8473.486131377
1551	-100.09559494915958	8479.52933836
1552	-100.09559494915958	8485.801320748
1553	-100.09559494915958	8491.096699755
1554	-100.09559494915958	8496.878520042
1555	-100.09559494915958	8500.869185912
1556	-100.09559494915958	8506.77370866
1557	-100.09559494915958	8512.576415558
1558	-100.09559494915958	8518.212037264
1559	-100.09559494915958	8524.258714753
1560	-100.09559494915958	8528.51264498
1561	-100.09559494915958	8533.31160112
1562	-100.09559494915958	8537.517310904
1563	-100.09559494915958	8541.366779965
1564	-100.09559494915958	8545.669186939
1565	-100.09559494915958	8550.36982881
1566	-100.09559494915958	8555.040168687
1567	-100.09559494915958	8561.009360644
1568	-100.09559494915958	8567.026124158
1569	-100.09559494915958	8571.047307272
1570	-100.09559494915958	8576.731140583
1571	-100.09559494915958	8580.851511793
1572	-100.09559494915958	8586.376105827
1573	-100.09559494915958	8592.376768396
1574	-100.09559494915958	8598.474393581
1575	-100.09559494915958	8605.358375828
1576	-100.09559494915958	8611.755476032
1577	-100.09559494915958	8617.311172902
1578	-100.09559494915958	8623.784996
1579	-100.09559494915958	8629.341671898
1580	-100.09559494915958	8634.143242678
1581	-100.09559494915958	8639.082140338
1582	-100.09559494915958	8644.685267072
1583	-100.09559494915958	8650.159912965
1584	-100.09559494915958	8654.194858931
1585	-100.09559494915958	8659.775886244
1586	-100.09559494915958	8664.600976805
1587	-100.09559494915958	8669.665435041
1588	-100.09559494915958	8674.073625012
1589	-100.09559494915958	8679.093573364
1590	-100.09559494915958	8683.159802062
1591	-100.09559494915958	8687.47713566
1592	-100.09559494915958	8693.018559921
1593	-100.09559494915958	8699.720714526
1594	-100.09559494915958	8705.327251039
1595	-100.09559494915958	8710.568075567
1596	-100.09559494915958	8716.919583939
1597	-100.09559494915958	8722.774202166
1598	-100.09559494915958	8727.530158589
1599	-100.09559494915958	8732.682174037
1600	-100.09559494915958	8738.400979257
1601	-100.09559494915958	8744.172403992
1602	-100.09559494915958	8748.677172837
1603	-100.09559494915958	8753.915855134
1604	-100.09559494915958	8758.087120156
1605	-100.09559494915958	8762.441621208
1606	-100.09559494915958	8766.399522973
1607	-100.09559494915958	8771.718040016
1608	-100.09559494915958	8776.388811532
1609	-100.09559494915958	8781.494165742
1610	-100.09559494915958	8786.990947263
1611	-100.09559494915958	8792.009510035
1612	-100.09559494915958	8798.210904852
1613	-100.09559494915958	8805.835705354
1614	-100.09559494915958	8811.175319696
1615	-100.09559494915958	8817.476907011
1616	-100.09559494915958	8823.62873914
1617	-100.09559494915958	8829.737119957
1618	-100.09559494915958	8835.271655665
1619	-100.09559494915958	8839.872107888
1620	-100.09559494915958	8845.913341134
1621	-100.09559494915958	8851.515160405
1622	-100.09559494915958	8856.863779302
1623	-100.09559494915958	8862.460589675
1624	-100.09559494915958	8867.79927374
1625	-100.09559494915958	8873.084090983
1626	-100.09559494915958	8879.628788462
1627	-100.09559494915958	8885.107178556
1628	-100.09559494915958	8892.486105718
1629	-100.09559494915958	8897.797014333
1630	-100.09559494915958	8902.406909024
1631	-100.09559494915958	8907.499198873
1632	-100.09559494915958	8913.152768394
1633	-100.09559494915958	8919.205972075
1634	-100.09559494915958	8924.602456182
1635	-100.09559494915958	8929.274821685
1636	-100.09559494915958	8935.553340815
1637	-100.09559494915958	8941.579857554
1638	-100.09559494915958	8947.001595982
1639	-100.09559494915958	8953.127619273
1640	-100.09559494915958	8959.201969861
1641	-100.09559494915958	8965.003900435
1642	-100.09559494915958	8969.833449084
1643	-100.09559494915958	8974.369725034
1644	-100.09559494915958	8979.199648017
1645	-100.09559494915958	8984.343378214
1646	-100.09559494915958	8989.474061156
1647	-100.09559494915958	8993.925260253
1648	-100.09559494915958	8999.218553478
1649	-100.09559494915958	9005.122810514
1650	-100.09559494915958	9010.210255682
1651	-100.09559494915958	9014.790042531
1652	-100.09559494915958	9020.266433228
1653	-100.09559494915958	9025.907960467
1654	-100.09559494915958	9031.563971572
1655	-100.09559494915958	9037.29953261
1656	-100.09559494915958	9043.048453369
1657	-100.09559494915958	9048.698102783
1658	-100.09559494915958	9054.226850989
1659	-100.09559494915958	9059.145734155
1660	-100.09559494915958	9064.146712898
1661	-100.09559494915958	9070.403886123
1662	-100.09559494915958	9076.738228135
1663	-100.09559494915958	9082.420705232
1664	-100.09559494915958	9087.67106973
1665	-100.09559494915958	9094.315839681
1666	-100.09559494915958	9100.044046884
1667	-100.09559494915958	9105.919579092
1668	-100.09559494915958	9112.458213663
1669	-100.09559494915958	9117.934260246
1670	-100.09559494915958	9123.455855042
1671	-100.09559494915958	9127.90408056
1672	-100.09559494915958	9133.530559153
1673	-100.09559494915958	9139.019249575
1674	-100.09559494915958	9144.834867734
1675	-100.09559494915958	9149.781705677
1676	-100.09559494915958	9154.385641521
1677	-100.09559494915958	9160.412406581
1678	-100.09559494915958	9166.220924358
1679	-100.09559494915958	9171.532523482
1680	-100.09559494915958	9176.979468337
1681	-100.09559494915958	9180.882059826
1682	-100.09559494915958	9186.55589929
1683	-100.09559494915958	9192.256334749
1684	-100.09559494915958	9198.389785714
1685	-100.09559494915958	9203.649889182
1686	-100.09559494915958	9209.282449214
1687	-100.09559494915958	9214.611608703
1688	-100.09559494915958	9219.608660784
1689	-100.09559494915958	9225.362068995
1690	-100.09559494915958	9231.217991834
1691	-100.09559494915958	9236.292501222
1692	-100.09559494915958	9242.188829094
1693	-100.09559494915958	9247.061579025
1694	-100.09559494915958	9252.35037596
1695	-100.09559494915958	9257.820516439
1696	-100.09559494915958	9262.33742621
1697	-100.09559494915958	9267.979714377
1698	-100.09559494915958	9273.63897133
1699	-100.09559494915958	9278.39253321
1700	-100.09559494915958	9283.002620912
1701	-100.09559494915958	9289.625216746
1702	-100.09559494915958	9294.777136401
1703	-100.09559494915958	9300.200524411
1704	-100.09559494915958	9304.875251101
1705	-100.09559494915958	9308.292838779
1706	-100.09559494915958	9313.962558567
1707	-100.09559494915958	9317.986244846
1708	-100.09559494915958	9323.574677026
1709	-100.09559494915958	9328.496941462
1710	-100.09559494915958	9333.415643305
1711	-100.09559494915958	9338.068823381
1712	-100.09559494915958	9342.897623931
1713	-100.09559494915958	9346.589404652
1714	-100.09559494915958	9351.144220281
1715	-100.09559494915958	9356.436647947
1716	-100.09559494915958	9361.403219847
1717	-100.09559494915958	9366.063064389
1718	-100.09559494915958	9370.306813458
1719	-100.09559494915958	9376.184434014
1720	-100.09559494915958	9381.245863932
1721	-100.09559494915958	9385.98105377
1722	-100.09559494915958	9391.691394982
1723	-100.09559494915958	9396.405744681
1724	-100.09559494915958	9401.737345185
1725	-100.09559494915958	9407.586084678
1726	-100.09559494915958	9412.830047287
1727	-100.09559494915958	9417.042655033
1728	-100.09559494915958	9423.872741948
1729	-100.09559494915958	9428.89857559
1730	-100.09559494915958	9433.816663331
1731	-100.09559494915958	9438.655031506
1732	-100.09559494915958	9444.085927018
1733	-100.09559494915958	9449.241233645
1734	-100.09559494915958	9454.500235777
1735	-100.09559494915958	9459.854242753
1736	-100.09559494915958	9465.132753899
1737	-100.09559494915958	9470.001930688
1738	-100.09559494915958	9474.166359901
1739	-100.09559494915958	9477.928664045
1740	-100.09559494915958	9481.564087323
1741	-100.09559494915958	9486.044072258
1742	-100.09559494915958	9490.930681688
1743	-100.09559494915958	9495.340693725
1744	-100.09559494915958	9499.484874092
1745	-100.09559494915958	9503.500051888
1746	-100.09559494915958	9508.421688822
1747	-100.09559494915958	9514.73304048
1748	-100.09559494915958	9519.631077519
1749	-100.09559494915958	9524.508248474
1750	-100.09559494915958	9529.85962684
1751	-100.09559494915958	9533.174170178
1752	-100.09559494915958	9536.715404849
1753	-100.09559494915958	9541.329770456
1754	-100.09559494915958	9546.050487262
1755	-100.09559494915958	9550.848701576
1756	-100.09559494915958	9555.86406326
1757	-100.09559494915958	9559.341362852
1758	-100.09559494915958	9564.083654212
1759	-100.09559494915958	9568.387153399
1760	-100.09559494915958	9573.039195076
1761	-100.09559494915958	9578.084262613
1762	-100.09559494915958	9582.719125386
1763	-100.09559494915958	9586.46404165
1764	-100.09559494915958	9591.909859509
1765	-100.09559494915958	9596.472911638
1766	-100.09559494915958	9601.445307248
1767	-100.09559494915958	9604.590141917
1768	-100.09559494915958	9608.757993168
1769	-100.09559494915958	9613.54445486
1770	-100.09559494915958	9617.425048139
1771	-100.09559494915958	9621.509227788
1772	-100.09559494915958	9625.486048698
1773	-100.09559494915958	9628.9333619
1774	-100.09559494915958	9634.12503913
1775	-100.09559494915958	9639.123872791
1776	-100.09559494915958	9644.090036715
1777	-100.09559494915958	9649.161263478
1778	-100.09559494915958	9653.132595954
1779	-100.09559494915958	9658.861709201
1780	-100.09559494915958	9662.811552938
1781	-100.09559494915958	9667.289115961
1782	-100.09559494915958	9672.456751678
1783	-100.09559494915958	9676.84245706
1784	-100.09559494915958	9682.710356037
1785	-100.09559494915958	9687.751362059
1786	-100.09559494915958	9693.986917109
1787	-100.09559494915958	9700.475599834
1788	-100.09559494915958	9705.428124924
1789	-100.09559494915958	9711.001948364
1790	-100.09559494915958	9715.226432464
1791	-100.09559494915958	9720.610764241
1792	-100.09559494915958	9725.89734539
1793	-100.09559494915958	9732.116078765
1794	-100.09559494915958	9737.322716831
1795	-100.09559494915958	9742.569224515
1796	-100.09559494915958	9747.490789034
1797	-100.09559494915958	9752.143315093
1798	-100.09559494915958	9757.264915933
1799	-100.09559494915958	9761.901970545
1800	-100.09559494915958	9767.382604935
1801	-100.09559494915958	9773.105428335
1802	-100.09559494915958	9778.0794855
1803	-100.09559494915958	9783.689793868
1804	-100.09559494915958	9789.938184914
1805	-100.09559494915958	9795.092176095
1806	-100.09559494915958	9800.141229311
1807	-100.09559494915958	9806.176397654
1808	-100.09559494915958	9811.444410328
1809	-100.09559494915958	9815.297896999
1810	-100.09559494915958	9819.903793751
1811	-100.09559494915958	9822.351972227
1812	-100.09559494915958	9824.951160608
1813	-100.09559494915958	9827.133318679
1814	-100.09559494915958	9829.28613554
1815	-100.09559494915958	9833.823642261
1816	-100.09559494915958	9839.763908965
1817	-100.09559494915958	9841.76669951
1818	-100.09559494915958	9846.998645782
1819	-100.09559494915958	9852.338116433
1820	-100.09559494915958	9857.710317264
1821	-100.09559494915958	9862.46323197
1822	-100.09559494915958	9867.177342185
1823	-100.09559494915958	9871.470683022
1824	-100.09559494915958	9875.168313967
1825	-100.09559494915958	9880.048751297
1826	-100.09559494915958	9883.49113999
1827	-100.09559494915958	9888.709559472
1828	-100.09559494915958	9892.911521349
1829	-100.09559494915958	9897.073312829
1830	-100.09559494915958	9899.54867318
1831	-100.09559494915958	9901.507226395
1832	-100.09559494915958	9903.912557398
1833	-100.09559494915958	9906.034579329
1834	-100.09559494915958	9908.280265074
1835	-100.09559494915958	9911.276300777
1836	-100.09559494915958	9913.356481917
1837	-100.09559494915958	9915.653721478
1838	-100.09559494915958	9917.90186848
1839	-100.09559494915958	9920.043131147
1840	-100.09559494915958	9922.084418847
1841	-100.09559494915958	9924.694507689
1842	-100.09559494915958	9926.952753739
1843	-100.09559494915958	9929.245013768
1844	-100.09559494915958	9931.774766376
1845	-100.09559494915958	9935.647917725
1846	-100.09559494915958	9938.225070263
1847	-100.09559494915958	9940.532562541
1848	-100.09559494915958	9942.412855896
1849	-100.09559494915958	9944.731794029
1850	-100.09559494915958	9947.238919784
1851	-100.09559494915958	9949.621762206
1852	-100.09559494915958	9952.203433272
1853	-100.09559494915958	9955.441835032
1854	-100.09559494915958	9958.085108785
1855	-100.09559494915958	9960.692099176
1856	-100.09559494915958	9962.833246093
1857	-100.09559494915958	9964.69891845
1858	-100.09559494915958	9966.669384512
1859	-100.09559494915958	9968.663774911
1860	-100.09559494915958	9970.893766832
1861	-100.09559494915958	9973.349477329
1862	-100.09559494915958	9975.777590848
1863	-100.09559494915958	9978.110819836
1864	-100.09559494915958	9980.384810458
1865	-100.09559494915958	9982.497334328
1866	-100.09559494915958	9984.790552858
1867	-100.09559494915958	9987.331733645
1868	-100.09559494915958	9990.33444978
1869	-100.09559494915958	9994.584082145
1870	-100.09559494915958	10000.657262118
1871	-100.09559494915958	10005.574279314
1872	-100.09559494915958	10010.32914666
1873	-100.09559494915958	10015.476580858
1874	-100.09559494915958	10019.536886347
1875	-100.09559494915958	10024.242638896
1876	-100.09559494915958	10028.479722075
1877	-100.09559494915958	10032.212617439
1878	-100.09559494915958	10037.047044981
1879	-100.09559494915958	10041.223952961
1880	-100.09559494915958	10046.285768047
1881	-100.09559494915958	10050.963653345
1882	-100.09559494915958	10054.829216794
1883	-100.09559494915958	10059.679989896
1884	-100.09559494915958	10064.659525516
1885	-100.09559494915958	10070.252271809
1886	-100.09559494915958	10076.076621684
1887	-100.09559494915958	10079.95863732
1888	-100.09559494915958	10085.3094338
1889	-100.09559494915958	10089.776676822
1890	-100.09559494915958	10093.740678843
1891	-100.09559494915958	10098.540612586
1892	-100.09559494915958	10103.216499913
1893	-100.09559494915958	10107.145238939
1894	-100.09559494915958	10111.145693386
1895	-100.09559494915958	10115.122860691
1896	-100.09559494915958	10119.301287962
1897	-100.09559494915958	10124.12053115
1898	-100.09559494915958	10128.897634765
1899	-100.09559494915958	10134.547782532
1900	-100.09559494915958	10138.400522244
1901	-100.09559494915958	10142.729480454
1902	-100.09559494915958	10148.016608421
1903	-100.09559494915958	10152.620868422
1904	-100.09559494915958	10157.513168706
1905	-100.09559494915958	10162.157652418
1906	-100.09559494915958	10168.113394276
1907	-100.09559494915958	10173.851765816
1908	-100.09559494915958	10178.632948621
1909	-100.09559494915958	10184.326829093
1910	-100.09559494915958	10190.183277084
1911	-100.09559494915958	10194.555267796
1912	-100.09559494915958	10199.881285784
1913	-100.09559494915958	10203.748676715
1914	-100.09559494915958	10207.934986107
1915	-100.09559494915958	10212.280712108
1916	-100.09559494915958	10216.581551895
1917	-100.09559494915958	10220.908597948
1918	-100.09559494915958	10225.670291696
1919	-100.09559494915958	10230.182901324
1920	-100.09559494915958	10234.171513059
1921	-100.09559494915958	10239.185488879
1922	-100.09559494915958	10244.305139359
1923	-100.09559494915958	10248.148867674
1924	-100.09559494915958	10253.425563883
1925	-100.09559494915958	10260.488720358
1926	-100.09559494915958	10265.616192804
1927	-100.09559494915958	10272.716057725
1928	-100.09559494915958	10278.042171505
1929	-100.09559494915958	10284.765381214
1930	-100.09559494915958	10290.567019562
1931	-100.09559494915958	10296.120009135
1932	-100.09559494915958	10302.566750999
1933	-100.09559494915958	10308.856784407
1934	-100.09559494915958	10314.058358836
1935	-100.09559494915958	10319.101391909
1936	-100.09559494915958	10324.372250723
1937	-100.09559494915958	10328.926868209
1938	-100.09559494915958	10333.105423203
1939	-100.09559494915958	10338.859239106
1940	-100.09559494915958	10344.354600836
1941	-100.09559494915958	10349.426504423
1942	-100.09559494915958	10355.410011182
1943	-100.09559494915958	10362.23328538
1944	-100.09559494915958	10368.577331865
1945	-100.09559494915958	10373.524327752
1946	-100.09559494915958	10378.289106838
1947	-100.09559494915958	10383.149543073
1948	-100.09559494915958	10387.170081578
1949	-100.09559494915958	10393.256676868
1950	-100.09559494915958	10399.031378811
1951	-100.09559494915958	10403.332628
1952	-100.09559494915958	10408.506471454
1953	-100.09559494915958	10414.142766278
1954	-100.09559494915958	10417.926077915
1955	-100.09559494915958	10422.49426182
1956	-100.09559494915958	10427.293207126
1957	-100.09559494915958	10432.28834876
1958	-100.09559494915958	10437.708902604
1959	-100.09559494915958	10443.534709904
1960	-100.09559494915958	10449.537266668
1961	-100.09559494915958	10455.090815605
1962	-100.09559494915958	10460.49658851
1963	-100.09559494915958	10465.81359453
1964	-100.09559494915958	10471.215776047
1965	-100.09559494915958	10476.983646742
1966	-100.09559494915958	10482.368093985
1967	-100.09559494915958	10488.258242915
1968	-100.09559494915958	10493.314432149
1969	-100.09559494915958	10498.943750325
1970	-100.09559494915958	10504.54643487
1971	-100.09559494915958	10508.432579305
1972	-100.09559494915958	10513.830429034
1973	-100.09559494915958	10519.109968816
1974	-100.09559494915958	10524.436765978
1975	-100.09559494915958	10529.628097383
1976	-100.09559494915958	10535.132306864
1977	-100.09559494915958	10539.524229393
1978	-100.09559494915958	10545.575167681
1979	-100.09559494915958	10551.252924114
1980	-100.09559494915958	10556.562791834
1981	-100.09559494915958	10562.168603627
1982	-100.09559494915958	10567.292927444
1983	-100.09559494915958	10571.911548149
1984	-100.09559494915958	10577.53487127
1985	-100.09559494915958	10581.611413126
1986	-100.09559494915958	10587.572708135
1987	-100.09559494915958	10592.150621601
1988	-100.09559494915958	10598.30894286
1989	-100.09559494915958	10603.522826137
1990	-100.09559494915958	10608.776603267
1991	-100.09559494915958	10613.980214155
1992	-100.09559494915958	10618.168623584
1993	-100.09559494915958	10621.876409742
1994	-100.09559494915958	10627.245197941
1995	-100.09559494915958	10632.161281724
1996	-100.09559494915958	10637.097288484
1997	-100.09559494915958	10641.523297976
1998	-100.09559494915958	10646.965769347
1999	-100.09559494915958	10651.962448233
2000	-100.09559494915958	10656.922586027
2001	-100.09559494915958	10661.413975193
2002	-100.09559494915958	10666.225545522
2003	-100.09559494915958	10671.178909658
2004	-100.09559494915958	10676.673794418
2005	-100.09559494915958	10682.761008086
2006	-100.09559494915958	10687.753552472
2007	-100.09559494915958	10693.491128301
2008	-100.09559494915958	10699.012203647
2009	-100.09559494915958	10703.52222686
2010	-100.09559494915958	10708.290587355
2011	-100.09559494915958	10713.175704294
2012	-100.09559494915958	10718.118767815
2013	-100.09559494915958	10723.681610682
2014	-100.09559494915958	10728.039087023
2015	-100.09559494915958	10733.202953166
2016	-100.09559494915958	10738.036192417
2017	-100.09559494915958	10743.37133128
2018	-100.09559494915958	10748.274861599
2019	-100.09559494915958	10754.780539338
2020	-100.09559494915958	10760.128526171
2021	-100.09559494915958	10766.259760495
2022	-100.09559494915958	10772.872204537
2023	-100.09559494915958	10778.794158785
2024	-100.09559494915958	10783.387325598
2025	-100.09559494915958	10787.933158625
2026	-100.09559494915958	10794.245335074
2027	-100.09559494915958	10799.392082469
2028	-100.09559494915958	10805.269599248
2029	-100.09559494915958	10810.617737754
2030	-100.09559494915958	10815.26396684
2031	-100.09559494915958	10820.224973044
2032	-100.09559494915958	10826.021723946
2033	-100.09559494915958	10829.729445672
2034	-100.09559494915958	10834.219285041
2035	-100.09559494915958	10839.01351282
2036	-100.09559494915958	10844.664999695
2037	-100.09559494915958	10849.109896401
2038	-100.09559494915958	10852.777327132
2039	-100.09559494915958	10858.064342486
2040	-100.09559494915958	10863.352996301
2041	-100.09559494915958	10869.039193365
2042	-100.09559494915958	10875.281781228
2043	-100.09559494915958	10880.29242396
2044	-100.09559494915958	10885.81629926
2045	-100.09559494915958	10890.548562847
2046	-100.09559494915958	10895.715223526
2047	-100.09559494915958	10901.288568856
2048	-100.09559494915958	10906.492954928
2049	-100.09559494915958	10912.962184802
2050	-100.09559494915958	10918.435640979
2051	-100.09559494915958	10924.745164015
2052	-100.09559494915958	10930.651063504
2053	-100.09559494915958	10935.729985363
2054	-100.09559494915958	10940.614427759
2055	-100.09559494915958	10946.375742041
2056	-100.09559494915958	10952.714385621
2057	-100.09559494915958	10958.283436226
2058	-100.09559494915958	10964.385694549
2059	-100.09559494915958	10969.294688499
2060	-100.09559494915958	10974.826695382
2061	-100.09559494915958	10979.680845192
2062	-100.09559494915958	10985.769427334
2063	-100.09559494915958	10992.119121338
2064	-100.09559494915958	10997.68187953
2065	-100.09559494915958	11003.372318291
2066	-100.09559494915958	11010.059707352
2067	-100.09559494915958	11016.374914684
2068	-100.09559494915958	11021.137515902
2069	-100.09559494915958	11026.27588995
2070	-100.09559494915958	11031.614690335
2071	-100.09559494915958	11037.79207614
2072	-100.09559494915958	11042.376197913
2073	-100.09559494915958	11048.80742357
2074	-100.09559494915958	11054.071398392
2075	-100.09559494915958	11060.623529818
2076	-100.09559494915958	11066.159299148
2077	-100.09559494915958	11070.649533949
2078	-100.09559494915958	11075.422552956
2079	-100.09559494915958	11080.27473473
2080	-100.09559494915958	11086.849327367
2081	-100.09559494915958	11093.444445395
2082	-100.09559494915958	11099.072324677
2083	-100.09559494915958	11105.663798575
2084	-100.09559494915958	11111.21092709
2085	-100.09559494915958	11116.052753511
2086	-100.09559494915958	11122.407994679
2087	-100.09559494915958	11128.106436444
2088	-100.09559494915958	11133.532997316
2089	-100.09559494915958	11138.768300909
2090	-100.09559494915958	11143.588617779
2091	-100.09559494915958	11149.473980473
2092	-100.09559494915958	11154.142429862
2093	-100.09559494915958	11161.477595524
2094	-100.09559494915958	11167.226165897
2095	-100.09559494915958	11173.918521091
2096	-100.09559494915958	11179.889723563
2097	-100.09559494915958	11185.595987009
2098	-100.09559494915958	11191.039307119
2099	-100.09559494915958	11196.669458638
2100	-100.09559494915958	11202.344289389
2101	-100.09559494915958	11206.689541841
2102	-100.09559494915958	11211.88179611
2103	-100.09559494915958	11218.712197204
2104	-100.09559494915958	11222.982059883
2105	-100.09559494915958	11227.321471805
2106	-100.09559494915958	11231.835804854
2107	-100.09559494915958	11236.415673526
2108	-100.09559494915958	11241.384581239
2109	-100.09559494915958	11246.64417381
2110	-100.09559494915958	11252.227575424
2111	-100.09559494915958	11257.603653311
2112	-100.09559494915958	11262.115001947
2113	-100.09559494915958	11268.218090193
2114	-100.09559494915958	11275.440496494
2115	-100.09559494915958	11281.174809939
2116	-100.09559494915958	11287.208999823
2117	-100.09559494915958	11292.234958624
2118	-100.09559494915958	11296.376028565
2119	-100.09559494915958	11302.699811664
2120	-100.09559494915958	11309.526682667
2121	-100.09559494915958	11315.890724829
2122	-100.09559494915958	11320.666961744
2123	-100.09559494915958	11326.283879839
2124	-100.09559494915958	11331.839602367
2125	-100.09559494915958	11338.027258281
2126	-100.09559494915958	11343.679353841
2127	-100.09559494915958	11348.515369668
2128	-100.09559494915958	11353.927872041
2129	-100.09559494915958	11358.556448105
2130	-100.09559494915958	11364.017396434
2131	-100.09559494915958	11368.186384374
2132	-100.09559494915958	11373.626457211
2133	-100.09559494915958	11379.179411716
2134	-100.09559494915958	11384.188861596
2135	-100.09559494915958	11390.511809356
2136	-100.09559494915958	11397.315490721
2137	-100.09559494915958	11402.14371081
2138	-100.09559494915958	11407.401136631
2139	-100.09559494915958	11412.917897865
2140	-100.09559494915958	11418.932567616
2141	-100.09559494915958	11423.753762304
2142	-100.09559494915958	11428.457725289
2143	-100.09559494915958	11434.68238444
2144	-100.09559494915958	11439.960903569
2145	-100.09559494915958	11445.390409795
2146	-100.09559494915958	11450.477456681
2147	-100.09559494915958	11456.660309252
2148	-100.09559494915958	11462.571920408
2149	-100.09559494915958	11469.688256616
2150	-100.09559494915958	11475.220869905
2151	-100.09559494915958	11480.165543948
2152	-100.09559494915958	11486.231930876
2153	-100.09559494915958	11491.228825012
2154	-100.09559494915958	11497.361264447
2155	-100.09559494915958	11501.930121184
2156	-100.09559494915958	11506.032813998
2157	-100.09559494915958	11512.09629349
2158	-100.09559494915958	11516.784299504
2159	-100.09559494915958	11522.90543991
2160	-100.09559494915958	11528.098075641
2161	-100.09559494915958	11532.785403691
2162	-100.09559494915958	11537.456822382
2163	-100.09559494915958	11542.682320578
2164	-100.09559494915958	11548.010081088
2165	-100.09559494915958	11553.152785785
2166	-100.09559494915958	11558.48570544
2167	-100.09559494915958	11563.993517713
2168	-100.09559494915958	11568.983018955
2169	-100.09559494915958	11575.82992555
2170	-100.09559494915958	11580.79592041
2171	-100.09559494915958	11585.977272507
2172	-100.09559494915958	11591.685416749
2173	-100.09559494915958	11596.247718783
2174	-100.09559494915958	11601.865184553
2175	-100.09559494915958	11607.608746313
2176	-100.09559494915958	11612.900833001
2177	-100.09559494915958	11618.045662538
2178	-100.09559494915958	11622.430502931
2179	-100.09559494915958	11627.330547635
2180	-100.09559494915958	11632.211677754
2181	-100.09559494915958	11638.742317875
2182	-100.09559494915958	11644.880592139
2183	-100.09559494915958	11651.011882911
2184	-100.09559494915958	11656.224729855
2185	-100.09559494915958	11662.081087184
2186	-100.09559494915958	11666.434705855
2187	-100.09559494915958	11672.853738983
2188	-100.09559494915958	11679.797542336
2189	-100.09559494915958	11684.872505031
2190	-100.09559494915958	11690.447951538
2191	-100.09559494915958	11696.327313761
2192	-100.09559494915958	11701.807629411
2193	-100.09559494915958	11707.25253581
2194	-100.09559494915958	11712.637881968
2195	-100.09559494915958	11717.880376319
2196	-100.09559494915958	11724.083652216
2197	-100.09559494915958	11729.784527013
2198	-100.09559494915958	11736.118201039
2199	-100.09559494915958	11742.176994935
2200	-100.09559494915958	11746.450786559
2201	-100.09559494915958	11751.351797747
2202	-100.09559494915958	11757.028436023
2203	-100.09559494915958	11763.348451544
2204	-100.09559494915958	11769.428743017
2205	-100.09559494915958	11776.120451038
2206	-100.09559494915958	11781.88871802
2207	-100.09559494915958	11787.293179472
2208	-100.09559494915958	11792.864170457
2209	-100.09559494915958	11798.322282625
2210	-100.09559494915958	11803.052858428
2211	-100.09559494915958	11811.472619983
2212	-100.09559494915958	11817.736385257
2213	-100.09559494915958	11823.17739949
2214	-100.09559494915958	11827.142114828
2215	-100.09559494915958	11832.344922878
2216	-100.09559494915958	11836.902955276
2217	-100.09559494915958	11841.095118884
2218	-100.09559494915958	11845.293040343
2219	-100.09559494915958	11850.837806531
2220	-100.09559494915958	11855.691574879
2221	-100.09559494915958	11861.348228882
2222	-100.09559494915958	11865.867008044
2223	-100.09559494915958	11869.121284951
2224	-100.09559494915958	11874.397132136
2225	-100.09559494915958	11880.258368073
2226	-100.09559494915958	11886.971459916
2227	-100.09559494915958	11892.42769471
2228	-100.09559494915958	11898.357511123
2229	-100.09559494915958	11903.150688599
2230	-100.09559494915958	11909.458007252
2231	-100.09559494915958	11913.685833848
2232	-100.09559494915958	11918.903810286
2233	-100.09559494915958	11923.655676685
2234	-100.09559494915958	11929.903967376
2235	-100.09559494915958	11935.857611478
2236	-100.09559494915958	11941.060124451
2237	-100.09559494915958	11946.071736519
2238	-100.09559494915958	11950.478224737
2239	-100.09559494915958	11956.104688219
2240	-100.09559494915958	11960.426122676
2241	-100.09559494915958	11966.652489282
2242	-100.09559494915958	11971.509061575
2243	-100.09559494915958	11976.364925113
2244	-100.09559494915958	11981.243970592
2245	-100.09559494915958	11987.285245176
2246	-100.09559494915958	11991.568954812
2247	-100.09559494915958	11996.703183241
2248	-100.09559494915958	12002.360094687
2249	-100.09559494915958	12007.703370835
2250	-100.09559494915958	12013.57121821
2251	-100.09559494915958	12019.772575963
2252	-100.09559494915958	12025.018832191
2253	-100.09559494915958	12029.987231003
2254	-100.09559494915958	12035.156562771
2255	-100.09559494915958	12039.907224343
2256	-100.09559494915958	12046.32223872
2257	-100.09559494915958	12051.895071158
2258	-100.09559494915958	12057.472387912
2259	-100.09559494915958	12062.582197928
2260	-100.09559494915958	12068.363162063
2261	-100.09559494915958	12073.591168272
2262	-100.09559494915958	12080.840036858
2263	-100.09559494915958	12086.567115925
2264	-100.09559494915958	12091.679473583
2265	-100.09559494915958	12097.014107251
2266	-100.09559494915958	12102.285980161
2267	-100.09559494915958	12106.382171585
2268	-100.09559494915958	12111.655147827
2269	-100.09559494915958	12116.731383202
2270	-100.09559494915958	12121.251916006
2271	-100.09559494915958	12126.689983174
2272	-100.09559494915958	12132.428907804
2273	-100.09559494915958	12138.387650041
2274	-100.09559494915958	12145.038062949
2275	-100.09559494915958	12152.259537262
2276	-100.09559494915958	12158.683891756
2277	-100.09559494915958	12164.436348309
2278	-100.09559494915958	12170.025164516
2279	-100.09559494915958	12175.015294687
2280	-100.09559494915958	12180.193550613
2281	-100.09559494915958	12185.648735958
2282	-100.09559494915958	12191.12742398
2283	-100.09559494915958	12197.209254701
2284	-100.09559494915958	12201.344323031
2285	-100.09559494915958	12205.737165857
2286	-100.09559494915958	12210.57567031
2287	-100.09559494915958	12215.1885554
2288	-100.09559494915958	12220.334838654
2289	-100.09559494915958	12225.184605073
2290	-100.09559494915958	12229.724332428
2291	-100.09559494915958	12234.127599031
2292	-100.09559494915958	12240.02602865
2293	-100.09559494915958	12246.741983739
2294	-100.09559494915958	12251.19961067
2295	-100.09559494915958	12257.324783225
2296	-100.09559494915958	12263.894262048
2297	-100.09559494915958	12270.142586666
2298	-100.09559494915958	12275.238651506
2299	-100.09559494915958	12281.049242522
2300	-100.09559494915958	12288.450458125
2301	-100.09559494915958	12294.323109411
2302	-100.09559494915958	12301.023248654
2303	-100.09559494915958	12307.229164564
2304	-100.09559494915958	12313.231363815
2305	-100.09559494915958	12319.585129883
2306	-100.09559494915958	12324.656480378
2307	-100.09559494915958	12331.8193903
2308	-100.09559494915958	12336.988042963
2309	-100.09559494915958	12342.308374944
2310	-100.09559494915958	12346.877609437
2311	-100.09559494915958	12353.086302493
2312	-100.09559494915958	12358.969965999
2313	-100.09559494915958	12365.930017123
2314	-100.09559494915958	12371.815165993
2315	-100.09559494915958	12377.213287136
2316	-100.09559494915958	12382.711783526
2317	-100.09559494915958	12388.815122658
2318	-100.09559494915958	12393.792384617
2319	-100.09559494915958	12400.062397828
2320	-100.09559494915958	12405.421178495
2321	-100.09559494915958	12410.419878446
2322	-100.09559494915958	12414.893839817
2323	-100.09559494915958	12420.07908066
2324	-100.09559494915958	12425.054482064
2325	-100.09559494915958	12429.155245901
2326	-100.09559494915958	12433.987390658
2327	-100.09559494915958	12438.813193111
2328	-100.09559494915958	12443.444325368
2329	-100.09559494915958	12448.191509877
2330	-100.09559494915958	12453.676043846
2331	-100.09559494915958	12459.104372045
2332	-100.09559494915958	12464.577097514
2333	-100.09559494915958	12468.880600977
2334	-100.09559494915958	12474.275646191
2335	-100.09559494915958	12479.955130322
2336	-100.09559494915958	12485.551711476
2337	-100.09559494915958	12490.083976659
2338	-100.09559494915958	12495.482605277
2339	-100.09559494915958	12502.552569053
2340	-100.09559494915958	12508.002236314
2341	-100.09559494915958	12513.231408291
2342	-100.09559494915958	12517.310519741
2343	-100.09559494915958	12522.809669862
2344	-100.09559494915958	12527.462941739
2345	-100.09559494915958	12532.663700501
2346	-100.09559494915958	12537.498493254
2347	-100.09559494915958	12541.4318007
2348	-100.09559494915958	12548.148285217
2349	-100.09559494915958	12552.156306182
2350	-100.09559494915958	12556.892378686
2351	-100.09559494915958	12562.120749821
2352	-100.09559494915958	12567.836981456
2353	-100.09559494915958	12573.512621887
2354	-100.09559494915958	12578.399256976
2355	-100.09559494915958	12585.155308052
2356	-100.09559494915958	12590.774782912
2357	-100.09559494915958	12595.15751329
2358	-100.09559494915958	12599.611400011
2359	-100.09559494915958	12605.166095329
2360	-100.09559494915958	12610.167632581
2361	-100.09559494915958	12614.058923901
2362	-100.09559494915958	12619.499967784
2363	-100.09559494915958	12624.657864247
2364	-100.09559494915958	12629.821745214
2365	-100.09559494915958	12634.288704563
2366	-100.09559494915958	12639.846485504
2367	-100.09559494915958	12644.566282012
2368	-100.09559494915958	12651.002232608
2369	-100.09559494915958	12656.621676962
2370	-100.09559494915958	12662.279818039
2371	-100.09559494915958	12667.992834901
2372	-100.09559494915958	12672.624163307
2373	-100.09559494915958	12678.384625144
2374	-100.09559494915958	12684.406380166
2375	-100.09559494915958	12690.500197003
2376	-100.09559494915958	12694.454307527
2377	-100.09559494915958	12699.331703995
2378	-100.09559494915958	12704.912063607
2379	-100.09559494915958	12709.464971927
2380	-100.09559494915958	12714.732947538
2381	-100.09559494915958	12718.966365489
2382	-100.09559494915958	12725.041125764
2383	-100.09559494915958	12730.217392557
2384	-100.09559494915958	12734.409294729
2385	-100.09559494915958	12737.980083295
2386	-100.09559494915958	12741.997624273
2387	-100.09559494915958	12747.444882166
2388	-100.09559494915958	12752.344034226
2389	-100.09559494915958	12757.768425212
2390	-100.09559494915958	12762.819386308
2391	-100.09559494915958	12768.272427142
2392	-100.09559494915958	12773.135422993
2393	-100.09559494915958	12777.519066542
2394	-100.09559494915958	12782.125251528
2395	-100.09559494915958	12786.74983279
2396	-100.09559494915958	12792.217096054
2397	-100.09559494915958	12797.54754704
2398	-100.09559494915958	12802.222845923
2399	-100.09559494915958	12806.134564275
2400	-100.09559494915958	12810.949938676
2401	-100.09559494915958	12816.562077947
2402	-100.09559494915958	12820.923797697
2403	-100.09559494915958	12824.810786308
2404	-100.09559494915958	12829.096318008
2405	-100.09559494915958	12833.106720972
2406	-100.09559494915958	12837.885314227
2407	-100.09559494915958	12842.957443897
2408	-100.09559494915958	12847.563756038
2409	-100.09559494915958	12852.851441944
2410	-100.09559494915958	12857.312061554
2411	-100.09559494915958	12863.188712774
2412	-100.09559494915958	12868.480876154
2413	-100.09559494915958	12873.027946509
2414	-100.09559494915958	12876.903989043
2415	-100.09559494915958	12881.261300027
2416	-100.09559494915958	12886.759682663
2417	-100.09559494915958	12891.7929876
2418	-100.09559494915958	12896.609620426
2419	-100.09559494915958	12901.589322828
2420	-100.09559494915958	12906.994094752
2421	-100.09559494915958	12912.340222457
2422	-100.09559494915958	12916.756909508
2423	-100.09559494915958	12924.144836379
2424	-100.09559494915958	12930.448993859
2425	-100.09559494915958	12936.944146041
2426	-100.09559494915958	12942.227168019
2427	-100.09559494915958	12946.828923998
2428	-100.09559494915958	12952.263257514
2429	-100.09559494915958	12958.045965313
2430	-100.09559494915958	12963.814362015
2431	-100.09559494915958	12969.256270887
2432	-100.09559494915958	12975.73984607
2433	-100.09559494915958	12980.255287582
2434	-100.09559494915958	12987.112424371
2435	-100.09559494915958	12993.285652868
2436	-100.09559494915958	12997.514513802
2437	-100.09559494915958	13002.543406553
2438	-100.09559494915958	13007.298899691
2439	-100.09559494915958	13012.203706397
2440	-100.09559494915958	13016.222854761
2441	-100.09559494915958	13020.348621463
2442	-100.09559494915958	13024.985279217
2443	-100.09559494915958	13029.971173392
2444	-100.09559494915958	13035.236991092
2445	-100.09559494915958	13040.80683313
2446	-100.09559494915958	13046.627506089
2447	-100.09559494915958	13051.297023171
2448	-100.09559494915958	13056.865702292
2449	-100.09559494915958	13060.848125391
2450	-100.09559494915958	13064.47567681
2451	-100.09559494915958	13071.00244187
2452	-100.09559494915958	13074.923510602
2453	-100.09559494915958	13079.795120708
2454	-100.09559494915958	13084.277444023
2455	-100.09559494915958	13087.295994535
2456	-100.09559494915958	13089.056191801
2457	-100.09559494915958	13090.989480716
2458	-100.09559494915958	13092.811008115
2459	-100.09559494915958	13095.118950849
2460	-100.09559494915958	13099.039860781
2461	-100.09559494915958	13100.851383498
2462	-100.09559494915958	13103.051966354
2463	-100.09559494915958	13105.73155141
2464	-100.09559494915958	13108.642187243
2465	-100.09559494915958	13110.587761343
2466	-100.09559494915958	13112.769114581
2467	-100.09559494915958	13115.192602375
2468	-100.09559494915958	13116.966405117
2469	-100.09559494915958	13119.609740737
2470	-100.09559494915958	13122.857644835
2471	-100.09559494915958	13124.813279496
2472	-100.09559494915958	13126.620937986
2473	-100.09559494915958	13128.530882455
2474	-100.09559494915958	13130.69680815
2475	-100.09559494915958	13133.084339589
2476	-100.09559494915958	13135.940949516
2477	-100.09559494915958	13138.398076098
2478	-100.09559494915958	13141.04092648
2479	-100.09559494915958	13144.073791795
2480	-100.09559494915958	13147.948164507
2481	-100.09559494915958	13150.286459982
2482	-100.09559494915958	13152.35807961
2483	-100.09559494915958	13154.528445717
2484	-100.09559494915958	13156.608849804
2485	-100.09559494915958	13158.519983419
2486	-100.09559494915958	13160.402176956
2487	-100.09559494915958	13162.873925677
2488	-100.09559494915958	13164.988435544
2489	-100.09559494915958	13168.051483682
2490	-100.09559494915958	13170.405606693
2491	-100.09559494915958	13173.108074336
2492	-100.09559494915958	13175.938398738
2493	-100.09559494915958	13178.373817625
2494	-100.09559494915958	13180.228684743
2495	-100.09559494915958	13182.762270503
2496	-100.09559494915958	13184.880126288
2497	-100.09559494915958	13186.96047136
2498	-100.09559494915958	13189.069756509
2499	-100.09559494915958	13190.852343711
2500	-100.09559494915958	13193.291734307
2501	-100.09559494915958	13195.443366297
