1	-98.03082879304405	3.961973397
2	-97.9706287682868	6.865010718
3	-98.18406693489976	8.653343586
4	-98.38289069485151	10.205054914
5	-98.45915256438087	11.724248823
6	-98.54214642393602	13.150662405
7	-98.57292708275722	14.581425688
8	-98.60349490010509	16.123751104
9	-98.65453625244454	17.750823427
10	-98.68217197430774	19.29851719
11	-98.68217197430774	20.573799955
12	-98.68217197430774	22.16199438
13	-98.73568512034178	23.759215212
14	-98.73568512034178	25.457991896
15	-98.73568512034178	27.128573494
16	-98.73568512034178	28.928634333
17	-98.73568512034178	30.868133939
18	-98.73568512034178	32.930559298
19	-98.73568512034178	35.88517324
20	-98.73568512034178	38.294933825
21	-98.73568512034178	40.028790081
22	-98.73568512034178	42.098789855
23	-98.73568512034178	44.999891664
24	-98.73568512034178	47.414312135
25	-98.73568512034178	49.663922908
26	-98.73568512034178	52.210519909
27	-98.73568512034178	55.111304121
28	-98.73568512034178	57.876627503
29	-98.73568512034178	60.579838277
30	-98.73568512034178	62.966303142
31	-98.73568512034178	65.007741197
32	-98.73568512034178	67.483282715
33	-98.73568512034178	69.929477075
34	-98.73568512034178	72.849811424
35	-98.73568512034178	74.692454407
36	-98.73568512034178	76.647284737
37	-98.73568512034178	78.645945358
38	-98.73568512034178	80.73946836
39	-98.73568512034178	82.669741136
40	-98.73568512034178	85.048550618
41	-98.73568512034178	87.41964285
42	-98.73568512034178	89.68729817
43	-98.73568512034178	91.804616665
44	-98.73568512034178	93.760380112
45	-98.73568512034178	96.218990665
46	-98.73568512034178	98.089632304
47	-98.73568512034178	100.110392101
48	-98.73568512034178	102.18121181
49	-98.73568512034178	104.267593455
50	-98.73568512034178	106.485769317
51	-98.73568512034178	108.934392691
52	-98.73568512034178	111.281864479
53	-98.73568512034178	114.086945849
54	-98.73568512034178	116.181005401
55	-98.73568512034178	118.124172475
56	-98.73568512034178	120.854801165
57	-98.73568512034178	123.526559636
58	-98.73568512034178	125.730739022
59	-98.73568512034178	127.553533944
60	-98.73568512034178	129.719258227
61	-98.73568512034178	132.015639482
62	-98.73568512034178	134.870338867
63	-98.73568512034178	137.0943532
64	-98.73568512034178	138.986841704
65	-98.73568512034178	141.122193627
66	-98.73568512034178	143.149236358
67	-98.73568512034178	145.183426146
68	-98.73568512034178	147.563786547
69	-98.73568512034178	150.148184641
70	-98.73568512034178	152.618635208
71	-98.73568512034178	154.717943082
72	-98.73568512034178	157.160074262
73	-98.73568512034178	159.438184889
74	-98.73568512034178	161.398631314
75	-98.73568512034178	163.399360303
76	-98.73568512034178	165.525325458
77	-98.73568512034178	167.593525995
78	-98.73568512034178	169.583950779
79	-98.73568512034178	171.579902138
80	-98.73568512034178	174.17453687
81	-98.73568512034178	177.006849134
82	-98.73568512034178	178.887912437
83	-98.73568512034178	181.180567779
84	-98.73568512034178	183.520593158
85	-98.73568512034178	187.935218043
86	-98.73568512034178	190.278396007
87	-98.73568512034178	192.541605264
88	-98.73568512034178	195.256570524
89	-98.73568512034178	197.301416611
90	-98.73568512034178	199.601516366
91	-98.73568512034178	202.12995022
92	-98.73568512034178	204.353740467
93	-98.73568512034178	206.844490117
94	-98.73568512034178	209.466295016
95	-98.73568512034178	211.616532344
96	-98.73568512034178	214.18191343
97	-98.73568512034178	216.012378845
98	-98.73568512034178	218.421974645
99	-98.73568512034178	220.499785751
100	-98.73568512034178	222.35400361
101	-98.73568512034178	224.340431355
102	-98.73568512034178	227.134693353
103	-98.73568512034178	230.32676844
104	-98.73568512034178	232.73805172
105	-98.73568512034178	235.160004699
106	-98.73568512034178	237.414280489
107	-98.73568512034178	239.924576569
108	-98.73568512034178	241.943026807
109	-98.73568512034178	244.504535726
110	-98.73568512034178	246.958260884
111	-98.73568512034178	249.985164202
112	-98.73568512034178	252.801774548
113	-98.73568512034178	255.141102014
114	-98.73568512034178	257.005831343
115	-98.73568512034178	259.142518368
116	-98.73568512034178	261.950750614
117	-98.73568512034178	264.373830859
118	-98.73568512034178	266.93734514
119	-98.73568512034178	269.600635991
120	-98.73568512034178	271.807253228
121	-98.73568512034178	274.698767561
122	-98.73568512034178	276.981818322
123	-98.73568512034178	280.101300121
124	-98.73568512034178	282.750486159
125	-98.73568512034178	285.183784796
126	-98.73568512034178	287.30428068
127	-98.73568512034178	290.036869971
128	-98.73568512034178	291.982732053
129	-98.73568512034178	295.104992392
130	-98.73568512034178	297.296452244
131	-98.73568512034178	299.438659573
132	-98.73568512034178	302.232074837
133	-98.73568512034178	304.419926235
134	-98.73568512034178	306.752576479
135	-98.73568512034178	309.149719595
136	-98.73568512034178	311.182440001
137	-98.73568512034178	313.980461553
138	-98.73568512034178	316.111444103
139	-98.73568512034178	318.210287841
140	-98.73568512034178	320.142351872
141	-98.73568512034178	322.315563618
142	-98.73568512034178	324.817386376
143	-98.73568512034178	327.035678842
144	-98.73568512034178	329.398578286
145	-98.73568512034178	332.53995114
146	-98.73568512034178	334.919645843
147	-98.73568512034178	336.98626353
148	-98.73568512034178	339.443135856
149	-98.73568512034178	341.972938739
150	-98.73568512034178	344.218970423
151	-98.73568512034178	346.429482064
152	-98.73568512034178	348.725028845
153	-98.73568512034178	350.827950589
154	-98.73568512034178	353.201850156
155	-98.73568512034178	355.327683597
156	-98.73568512034178	357.339681554
157	-98.73568512034178	360.095035148
158	-98.73568512034178	362.425307126
159	-98.73568512034178	364.666651842
160	-98.73568512034178	367.229968551
161	-98.73568512034178	369.694698393
162	-98.73568512034178	372.244461094
163	-98.73568512034178	375.086245085
164	-98.73568512034178	377.971442843
165	-98.73568512034178	380.424923103
166	-98.73568512034178	383.368485889
167	-98.73568512034178	385.902655579
168	-98.73568512034178	388.025954806
169	-98.73568512034178	389.966326805
170	-98.73568512034178	392.748550931
171	-98.73568512034178	394.788644477
172	-98.73568512034178	396.73106346
173	-98.73568512034178	398.513003347
174	-98.73568512034178	401.209647517
175	-98.73568512034178	403.672366866
176	-98.73568512034178	405.635680211
177	-98.73568512034178	408.523966123
178	-98.73568512034178	410.546944247
179	-98.73568512034178	412.645901453
180	-98.73568512034178	414.48652425
181	-98.73568512034178	416.458701214
182	-98.73568512034178	419.161295611
183	-98.73568512034178	421.06802834
184	-98.73568512034178	423.309757934
185	-98.73568512034178	425.363982807
186	-98.73568512034178	428.273259728
187	-98.73568512034178	430.561339002
188	-98.73568512034178	433.356249877
189	-98.73568512034178	435.880736299
190	-98.73568512034178	438.674360823
191	-98.73568512034178	440.930841542
192	-98.73568512034178	443.21846837
193	-98.73568512034178	445.639476827
194	-98.73568512034178	447.185696932
195	-98.73568512034178	449.553297029
196	-98.73568512034178	451.712893756
197	-98.73568512034178	454.088477097
198	-98.73568512034178	455.906650907
199	-98.73568512034178	457.672262521
200	-98.73568512034178	459.929871077
201	-98.73568512034178	461.966065657
202	-98.73568512034178	463.719477751
203	-98.73568512034178	465.874938598
204	-98.73568512034178	468.073267539
205	-98.73568512034178	470.597540139
206	-98.73568512034178	473.483501383
207	-98.73568512034178	476.697084357
208	-98.73568512034178	479.874596483
209	-98.73568512034178	482.593802538
210	-98.73568512034178	485.458123325
211	-98.73568512034178	487.931684284
212	-98.73568512034178	491.058451983
213	-98.73568512034178	493.971888162
214	-98.73568512034178	496.995087235
215	-98.73568512034178	499.740766114
216	-98.73568512034178	502.414313275
217	-98.73568512034178	505.326212504
218	-98.73568512034178	507.387157362
219	-98.73568512034178	509.524553705
220	-98.73568512034178	511.844565382
221	-98.73568512034178	514.540027831
222	-98.73568512034178	516.963326175
223	-98.73568512034178	520.460462248
224	-98.73568512034178	523.55271515
225	-98.73568512034178	526.04612417
226	-98.73568512034178	528.182556605
227	-98.73568512034178	530.207588557
228	-98.73568512034178	533.049133923
229	-98.73568512034178	535.343092151
230	-98.73568512034178	537.438073701
231	-98.73568512034178	540.407262294
232	-98.73568512034178	542.811024186
233	-98.73568512034178	544.878764579
234	-98.73568512034178	547.706947235
235	-98.73568512034178	549.778875681
236	-98.73568512034178	551.885136177
237	-98.73568512034178	553.913135403
238	-98.73568512034178	556.999487113
239	-98.73568512034178	560.246924889
240	-98.73568512034178	562.593088659
241	-98.73568512034178	565.052163347
242	-98.73568512034178	567.678169699
243	-98.73568512034178	569.627989761
244	-98.73568512034178	571.924058551
245	-98.73568512034178	574.263324436
246	-98.73568512034178	576.733562037
247	-98.73568512034178	578.668400332
248	-98.73568512034178	580.464640037
249	-98.73568512034178	582.399541624
250	-98.73568512034178	584.496964446
251	-98.73568512034178	586.868410197
252	-98.73568512034178	589.119465549
253	-98.73568512034178	591.006410372
254	-98.73568512034178	593.095780958
255	-98.73568512034178	594.863963848
256	-98.73568512034178	596.683923495
257	-98.73568512034178	599.049495709
258	-98.73568512034178	601.736070022
259	-98.73568512034178	604.472414591
260	-98.73568512034178	606.386934417
261	-98.73568512034178	608.601730758
262	-98.73568512034178	611.663694832
263	-98.73568512034178	614.549815444
264	-98.73568512034178	617.174778631
265	-98.73568512034178	619.659653889
266	-98.73568512034178	622.247280403
267	-98.73568512034178	628.247895924
268	-98.73568512034178	631.176056143
269	-98.73568512034178	633.691560633
270	-98.73568512034178	636.01408058
271	-98.73568512034178	638.464497204
272	-98.73568512034178	640.865727163
273	-98.73568512034178	643.218218912
274	-98.73568512034178	645.873792514
275	-98.73568512034178	648.13717796
276	-98.73568512034178	650.63248372
277	-98.73568512034178	652.449736387
278	-98.73568512034178	655.31423878
279	-98.73568512034178	657.809750949
280	-98.73568512034178	660.105040574
281	-98.73568512034178	662.102155693
282	-98.73568512034178	663.983666596
283	-98.73568512034178	665.987541043
284	-98.73568512034178	668.528595218
285	-98.73568512034178	671.344936149
286	-98.73568512034178	674.044040977
287	-98.73568512034178	676.046115332
288	-98.73568512034178	678.032009094
289	-98.73568512034178	680.138604292
290	-98.73568512034178	681.863708117
291	-98.73568512034178	683.802430553
292	-98.73568512034178	685.754506575
293	-98.73568512034178	688.036493645
294	-98.73568512034178	689.98891891
295	-98.73568512034178	692.112171951
296	-98.73568512034178	694.056170649
297	-98.73568512034178	695.865005302
298	-98.73568512034178	698.047601535
299	-98.73568512034178	699.96985201
300	-98.73568512034178	701.664045214
301	-98.73568512034178	704.016958049
302	-98.73568512034178	706.4406082
303	-98.73568512034178	708.772305656
304	-98.73568512034178	711.859720487
305	-98.73568512034178	714.154784886
306	-98.73568512034178	716.675876391
307	-98.73568512034178	719.623476129
308	-98.73568512034178	721.620674781
309	-98.73568512034178	724.061876835
310	-98.73568512034178	726.277291548
311	-98.73568512034178	728.875779914
312	-98.73568512034178	731.284861973
313	-98.73568512034178	733.455207369
314	-98.73568512034178	735.938942815
315	-98.73568512034178	738.05430755
316	-98.73568512034178	740.350112912
317	-98.73568512034178	742.352911694
318	-98.73568512034178	744.700938848
319	-98.73568512034178	747.260242554
320	-98.73568512034178	749.811150768
321	-98.73568512034178	752.391483971
322	-98.73568512034178	755.125729096
323	-98.73568512034178	756.943577612
324	-98.73568512034178	758.893331247
325	-98.73568512034178	762.506751774
326	-98.73568512034178	765.64318706
327	-98.73568512034178	768.506167613
328	-98.73568512034178	771.416676146
329	-98.73568512034178	773.821315277
330	-98.73568512034178	776.479300786
331	-98.73568512034178	778.706247896
332	-98.73568512034178	780.893476645
333	-98.73568512034178	783.204663763
334	-98.73568512034178	785.319393591
335	-98.73568512034178	788.249161178
336	-98.73568512034178	791.267497663
337	-98.73568512034178	794.797268329
338	-98.73568512034178	796.919501015
339	-98.73568512034178	799.470018933
340	-98.73568512034178	801.747473555
341	-98.73568512034178	803.865969209
342	-98.73568512034178	805.830340544
343	-98.73568512034178	808.507692303
344	-98.73568512034178	811.382904022
345	-98.73568512034178	813.907298929
346	-98.73568512034178	816.43608516
347	-98.73568512034178	819.4491776
348	-98.73568512034178	822.111501407
349	-98.73568512034178	824.84567754
350	-98.73568512034178	827.521068698
351	-98.73568512034178	830.147170556
352	-98.73568512034178	832.582095663
353	-98.73568512034178	835.555003611
354	-98.73568512034178	837.933010263
355	-98.73568512034178	840.613423093
356	-98.73568512034178	843.144274556
357	-98.73568512034178	845.992031297
358	-98.73568512034178	848.855597436
359	-98.73568512034178	851.143057199
360	-98.73568512034178	853.419107725
361	-98.73568512034178	855.836344369
362	-98.73568512034178	858.777984472
363	-98.73568512034178	860.622252214
364	-98.73568512034178	862.723644421
365	-98.73568512034178	864.782655761
366	-98.73568512034178	866.901493245
367	-98.73568512034178	868.837500146
368	-98.73568512034178	871.207001831
369	-98.73568512034178	873.421449215
370	-98.73568512034178	875.679143585
371	-98.73568512034178	879.047431618
372	-98.73568512034178	881.574528659
373	-98.73568512034178	883.828719491
374	-98.73568512034178	885.969387019
375	-98.73568512034178	888.332280761
376	-98.73568512034178	890.540359967
377	-98.73568512034178	894.051940403
378	-98.73568512034178	896.484322743
379	-98.73568512034178	899.018966261
380	-98.73568512034178	901.331288914
381	-98.73568512034178	904.205611705
382	-98.73568512034178	906.398233321
383	-98.73568512034178	910.934863954
384	-98.73568512034178	912.823847495
385	-98.73568512034178	915.063016932
386	-98.73568512034178	917.961690582
387	-98.73568512034178	920.29037857
388	-98.73568512034178	922.589802934
389	-98.73568512034178	925.405920065
390	-98.73568512034178	927.55252214
391	-98.73568512034178	929.787089281
392	-98.73568512034178	931.552981999
393	-98.73568512034178	933.172871627
394	-98.73568512034178	935.092142284
395	-98.73568512034178	937.278786873
396	-98.73568512034178	939.168730615
397	-98.73568512034178	940.94982776
398	-98.73568512034178	943.009200886
399	-98.73568512034178	945.32918605
400	-98.73568512034178	947.804329004
401	-98.73568512034178	949.744528519
402	-98.73568512034178	952.397160791
403	-98.73568512034178	954.575941877
404	-98.73568512034178	956.285876627
405	-98.73568512034178	958.676057426
406	-98.73568512034178	960.836357199
407	-98.73568512034178	962.640267112
408	-98.73568512034178	964.470080514
409	-98.73568512034178	966.347266234
410	-98.73568512034178	968.588674526
411	-98.73568512034178	971.457894678
412	-98.73568512034178	973.607198889
413	-98.73568512034178	975.765510405
414	-98.73568512034178	978.336968301
415	-98.73568512034178	980.687827878
416	-98.73568512034178	983.136813893
417	-98.73568512034178	985.429342653
418	-98.73568512034178	987.273476685
419	-98.73568512034178	989.838101413
420	-98.73568512034178	992.092319899
421	-98.73568512034178	993.901350697
422	-98.73568512034178	996.03186512
423	-98.73568512034178	998.204589068
424	-98.73568512034178	1000.732917436
425	-98.73568512034178	1002.589289762
426	-98.73568512034178	1004.842074788
427	-98.73568512034178	1007.292901665
428	-98.73568512034178	1009.790382419
429	-98.73568512034178	1011.83165854
430	-98.73568512034178	1013.697939359
431	-98.73568512034178	1015.932143573
432	-98.73568512034178	1017.632230271
433	-98.73568512034178	1019.398545785
434	-98.73568512034178	1021.343272047
435	-98.73568512034178	1023.878741201
436	-98.73568512034178	1026.304349103
437	-98.73568512034178	1028.321707711
438	-98.73568512034178	1030.768964907
439	-98.73568512034178	1032.678867897
440	-98.73568512034178	1035.013433698
441	-98.73568512034178	1038.598972744
442	-98.73568512034178	1040.74272301
443	-98.73568512034178	1043.574672347
444	-98.73568512034178	1045.947366531
445	-98.73568512034178	1048.299042906
446	-98.73568512034178	1050.742982732
447	-98.73568512034178	1053.135408943
448	-98.73568512034178	1055.787786054
449	-98.73568512034178	1057.817120382
450	-98.73568512034178	1059.536323586
451	-98.73568512034178	1062.743346513
452	-98.73568512034178	1065.031254446
453	-98.73568512034178	1067.418442028
454	-98.73568512034178	1069.770457952
455	-98.73568512034178	1072.894142628
456	-98.73568512034178	1075.692295609
457	-98.73568512034178	1078.198840118
458	-98.73568512034178	1080.878853814
459	-98.73568512034178	1082.407340125
460	-98.73568512034178	1084.405102126
461	-98.73568512034178	1086.692036172
462	-98.73568512034178	1089.841577867
463	-98.73568512034178	1092.456919367
464	-98.73568512034178	1094.843292431
465	-98.73568512034178	1097.4038765
466	-98.73568512034178	1100.80445245
467	-98.73568512034178	1102.770259525
468	-98.73568512034178	1105.948943109
469	-98.73568512034178	1108.208743479
470	-98.73568512034178	1109.93734457
471	-98.73568512034178	1111.936957125
472	-98.73568512034178	1114.127073606
473	-98.73568512034178	1116.648518915
474	-98.73568512034178	1118.721568641
475	-98.73568512034178	1121.633671998
476	-98.73568512034178	1124.624780156
477	-98.73568512034178	1126.649505345
478	-98.73568512034178	1128.983438234
479	-98.73568512034178	1131.665904322
480	-98.73568512034178	1133.760214472
481	-98.73568512034178	1135.839697662
482	-98.73568512034178	1137.569698286
483	-98.73568512034178	1140.675769195
484	-98.73568512034178	1142.985540243
485	-98.73568512034178	1145.749504861
486	-98.73568512034178	1147.940773983
487	-98.73568512034178	1150.131680464
488	-98.73568512034178	1152.29187133
489	-98.73568512034178	1154.210288126
490	-98.73568512034178	1156.721750247
491	-98.73568512034178	1159.593705605
492	-98.73568512034178	1162.074500007
493	-98.73568512034178	1164.244181701
494	-98.73568512034178	1166.864046525
495	-98.73568512034178	1169.413193135
496	-98.73568512034178	1172.195654176
497	-98.73568512034178	1174.07358257
498	-98.73568512034178	1176.586224415
499	-98.73568512034178	1179.137955415
500	-98.73568512034178	1182.062359502
501	-98.73568512034178	1184.762470432
502	-98.73568512034178	1187.102170517
503	-98.73568512034178	1189.000908599
504	-98.73568512034178	1191.662461509
505	-98.73568512034178	1193.649601137
506	-98.73568512034178	1195.590590082
507	-98.73568512034178	1197.482827702
508	-98.73568512034178	1199.570543595
509	-98.73568512034178	1202.035947973
510	-98.73568512034178	1204.327638266
511	-98.73568512034178	1206.68199511
512	-98.73568512034178	1209.23977612
513	-98.73568512034178	1210.794384589
514	-98.73568512034178	1212.581868157
515	-98.73568512034178	1214.491479495
516	-98.73568512034178	1216.690674271
517	-98.73568512034178	1218.672262521
518	-98.73568512034178	1220.923365769
519	-98.73568512034178	1222.778623086
520	-98.73568512034178	1224.81052869
521	-98.73568512034178	1227.241990172
522	-98.73568512034178	1230.155135553
523	-98.73568512034178	1232.586904368
524	-98.73568512034178	1235.058141514
525	-98.73568512034178	1237.532775858
526	-98.73568512034178	1239.789821066
527	-98.73568512034178	1242.281937178
528	-98.73568512034178	1245.192774712
529	-98.73568512034178	1248.339318913
530	-98.73568512034178	1251.32724683
531	-98.73568512034178	1254.015902625
532	-98.73568512034178	1256.349132754
533	-98.73568512034178	1258.792508376
534	-98.73568512034178	1264.866833049
535	-98.73568512034178	1266.942438655
536	-98.73568512034178	1269.031718296
537	-98.73568512034178	1270.770288605
538	-98.73568512034178	1273.062370905
539	-98.73568512034178	1275.111769112
540	-98.73568512034178	1277.679064613
541	-98.73568512034178	1280.537852268
542	-98.73568512034178	1282.36678615
543	-98.73568512034178	1284.186149948
544	-98.73568512034178	1286.188108269
545	-98.73568512034178	1288.377324419
546	-98.73568512034178	1290.660216667
547	-98.73568512034178	1293.436987203
548	-98.73568512034178	1295.689933023
549	-98.73568512034178	1297.717950494
550	-98.73568512034178	1299.773830631
551	-98.73568512034178	1301.269376727
552	-98.73568512034178	1303.375954821
553	-98.73568512034178	1305.216557946
554	-98.73568512034178	1307.918309316
555	-98.73568512034178	1310.561105224
556	-98.73568512034178	1312.781395069
557	-98.73568512034178	1315.01333363
558	-98.73568512034178	1320.414512557
559	-98.73568512034178	1323.309333997
560	-98.73568512034178	1327.963206435
561	-98.73568512034178	1329.945086622
562	-98.73568512034178	1332.090537197
563	-98.73568512034178	1334.369765113
564	-98.73568512034178	1337.409327811
565	-98.73568512034178	1340.69598731
566	-98.73568512034178	1343.399480613
567	-98.73568512034178	1345.720778071
568	-98.73568512034178	1347.846608091
569	-98.73568512034178	1350.730551144
570	-98.73568512034178	1352.531264567
571	-98.73568512034178	1355.172213342
572	-98.73568512034178	1357.848779378
573	-98.73568512034178	1360.220759683
574	-98.73568512034178	1362.348150885
575	-98.73568512034178	1365.390919482
576	-98.73568512034178	1367.533076063
577	-98.73568512034178	1369.691984285
578	-98.73568512034178	1372.016495339
579	-98.73568512034178	1374.287387918
580	-98.73568512034178	1376.673008615
581	-98.73568512034178	1379.504029397
582	-98.73568512034178	1381.735535468
583	-98.73568512034178	1384.65849241
584	-98.73568512034178	1387.159062173
585	-98.73568512034178	1389.319237073
586	-98.73568512034178	1391.734178984
587	-98.73568512034178	1394.718881901
588	-98.73568512034178	1396.421711502
589	-98.73568512034178	1398.737455016
590	-98.73568512034178	1401.359382506
591	-98.73568512034178	1403.359553278
592	-98.73568512034178	1405.303050493
593	-98.73568512034178	1407.811396235
594	-98.73568512034178	1414.383884466
595	-98.73568512034178	1416.300216644
596	-98.73568512034178	1418.861424788
597	-98.73568512034178	1420.883794803
598	-98.73568512034178	1423.573460976
599	-98.73568512034178	1425.905724632
600	-98.73568512034178	1428.336286352
601	-98.73568512034178	1430.94198849
602	-98.73568512034178	1433.695778335
603	-98.73568512034178	1435.637204901
604	-98.73568512034178	1438.362069816
605	-98.73568512034178	1440.155651006
606	-98.73568512034178	1442.352432449
607	-98.73568512034178	1444.466834417
608	-98.73568512034178	1446.745861626
609	-98.73568512034178	1448.684511077
610	-98.73568512034178	1450.676272959
611	-98.73568512034178	1453.018673468
612	-98.73568512034178	1455.131813319
613	-98.73568512034178	1457.39512464
614	-98.73568512034178	1459.599083076
615	-98.73568512034178	1462.207392126
616	-98.73568512034178	1464.678654361
617	-98.73568512034178	1467.228026766
618	-98.73568512034178	1469.574347053
619	-98.73568512034178	1471.836910854
620	-98.73568512034178	1473.88450241
621	-98.73568512034178	1475.95126293
622	-98.73568512034178	1477.888716406
623	-98.73568512034178	1480.01097418
624	-98.73568512034178	1481.997750312
625	-98.73568512034178	1484.156653686
626	-98.73568512034178	1486.141226601
627	-98.73568512034178	1488.260594647
628	-98.73568512034178	1490.821383129
629	-98.73568512034178	1493.386755662
630	-98.73568512034178	1496.237661282
631	-98.73568512034178	1498.597001309
632	-98.73568512034178	1500.797198196
633	-98.73568512034178	1503.052313878
634	-98.73568512034178	1505.64362069
635	-98.73568512034178	1507.84821888
636	-98.73568512034178	1509.932691241
637	-98.73568512034178	1512.20726697
638	-98.73568512034178	1514.034811012
639	-98.73568512034178	1516.386223959
640	-98.73568512034178	1518.616190515
641	-98.73568512034178	1520.876773472
642	-98.73568512034178	1523.036395572
643	-98.73568512034178	1524.781111684
644	-98.73568512034178	1527.137679158
645	-98.73568512034178	1529.041565208
646	-98.73568512034178	1531.085055952
647	-98.73568512034178	1532.950327247
648	-98.73568512034178	1534.65777682
649	-98.73568512034178	1536.888949044
650	-98.73568512034178	1538.992276764
651	-98.73568512034178	1540.91614316
652	-98.73568512034178	1543.56790304
653	-98.73568512034178	1546.190107359
654	-98.73568512034178	1548.83080639
655	-98.73568512034178	1551.395486141
656	-98.73568512034178	1553.474448747
657	-98.73568512034178	1555.843625422
658	-98.73568512034178	1558.811182414
659	-98.73568512034178	1560.914999642
660	-98.73568512034178	1563.01896341
661	-98.73568512034178	1565.475444585
662	-98.73568512034178	1567.706630494
663	-98.73568512034178	1570.036220524
664	-98.73568512034178	1571.969213396
665	-98.73568512034178	1574.234347618
666	-98.73568512034178	1576.498135903
667	-98.73568512034178	1578.659436931
668	-98.73568512034178	1580.770097876
669	-98.73568512034178	1583.271876159
670	-98.73568512034178	1585.647083744
671	-98.73568512034178	1587.756961533
672	-98.73568512034178	1590.071968929
673	-98.73568512034178	1592.634469981
674	-98.73568512034178	1594.964905889
675	-98.73568512034178	1597.115659809
676	-98.73568512034178	1599.514470163
677	-98.73568512034178	1602.008075614
678	-98.73568512034178	1604.684524477
679	-98.73568512034178	1607.618496367
680	-98.73568512034178	1610.031809527
681	-98.73568512034178	1611.654328305
682	-98.73568512034178	1614.605832426
683	-98.73568512034178	1617.138154127
684	-98.73568512034178	1619.386260166
685	-98.73568512034178	1621.453641054
686	-98.73568512034178	1624.414410493
687	-98.73568512034178	1627.132049948
688	-98.73568512034178	1629.324418683
689	-98.73568512034178	1632.80885803
690	-98.73568512034178	1637.201450167
691	-98.73568512034178	1639.299870823
692	-98.73568512034178	1642.159916604
693	-98.73568512034178	1645.131137927
694	-98.73568512034178	1648.184316499
695	-98.73568512034178	1650.737520303
696	-98.73568512034178	1656.082189317
697	-98.73568512034178	1658.217608237
698	-98.73568512034178	1660.863002506
699	-98.73568512034178	1663.339618548
700	-98.73568512034178	1666.157211048
701	-98.73568512034178	1668.249176003
702	-98.73568512034178	1670.894388381
703	-98.73568512034178	1673.611732477
704	-98.73568512034178	1676.17973302
705	-98.73568512034178	1678.542112449
706	-98.73568512034178	1680.315138256
707	-98.73568512034178	1682.229769555
708	-98.73568512034178	1684.119045888
709	-98.73568512034178	1686.744994365
710	-98.73568512034178	1689.328648645
711	-98.73568512034178	1691.530861727
712	-98.73568512034178	1693.766913075
713	-98.73568512034178	1696.547964889
714	-98.73568512034178	1698.571303089
715	-98.73568512034178	1701.434781989
716	-98.73568512034178	1703.556048771
717	-98.73568512034178	1705.593824205
718	-98.73568512034178	1707.709003343
719	-98.73568512034178	1709.628089259
720	-98.73568512034178	1712.295172165
721	-98.73568512034178	1714.891080703
722	-98.73568512034178	1716.845502206
723	-98.73568512034178	1718.834602721
724	-98.73568512034178	1721.005430499
725	-98.73568512034178	1724.197047723
726	-98.73568512034178	1729.023532065
727	-98.73568512034178	1731.142519223
728	-98.73568512034178	1732.996077087
729	-98.73568512034178	1734.961239846
730	-98.73568512034178	1736.824148555
731	-98.73568512034178	1738.696016675
732	-98.73568512034178	1741.715618699
733	-98.73568512034178	1744.181845292
734	-98.73568512034178	1746.132150872
735	-98.73568512034178	1748.690116339
736	-98.73568512034178	1750.893672791
737	-98.73568512034178	1753.093735398
738	-98.73568512034178	1755.896266304
739	-98.73568512034178	1759.373612191
740	-98.73568512034178	1762.319116763
741	-98.73568512034178	1764.799103489
742	-98.73568512034178	1766.768188592
743	-98.73568512034178	1768.771100842
744	-98.73568512034178	1771.167815744
745	-98.73568512034178	1773.484096662
746	-98.73568512034178	1775.62907911
747	-98.73568512034178	1777.416994598
748	-98.73568512034178	1779.490762479
749	-98.73568512034178	1782.028663498
750	-98.73568512034178	1784.59927466
751	-98.73568512034178	1786.988772656
752	-98.73568512034178	1789.059993209
753	-98.73568512034178	1791.395295127
754	-98.73568512034178	1794.145844292
755	-98.73568512034178	1796.77645636
756	-98.73568512034178	1800.041447749
757	-98.73568512034178	1803.255549882
758	-98.73568512034178	1805.103382173
759	-98.73568512034178	1807.353132643
760	-98.73568512034178	1809.947906786
761	-98.73568512034178	1811.999131599
762	-98.73568512034178	1813.941830547
763	-98.73568512034178	1815.88239641
764	-98.73568512034178	1817.684689832
765	-98.73568512034178	1819.841187001
766	-98.73568512034178	1821.984614823
767	-98.73568512034178	1824.592649042
768	-98.73568512034178	1826.563245436
769	-98.73568512034178	1829.398188275
770	-98.73568512034178	1831.769851839
771	-98.73568512034178	1833.96389551
772	-98.73568512034178	1835.815795258
773	-98.73568512034178	1837.969705471
774	-98.73568512034178	1840.1593065
775	-98.73568512034178	1842.692965013
776	-98.73568512034178	1844.94654346
777	-98.73568512034178	1847.222999108
778	-98.73568512034178	1849.64528023
779	-98.73568512034178	1851.575777377
780	-98.73568512034178	1853.50250043
781	-98.73568512034178	1855.775683182
782	-98.73568512034178	1857.921401746
783	-98.73568512034178	1860.340484668
784	-98.73568512034178	1862.305911426
785	-98.73568512034178	1864.359030413
786	-98.73568512034178	1866.179151995
787	-98.73568512034178	1868.476790521
788	-98.73568512034178	1871.389976101
789	-98.73568512034178	1874.521218658
790	-98.73568512034178	1876.875678991
791	-98.73568512034178	1879.192548631
792	-98.73568512034178	1881.602503081
793	-98.73568512034178	1883.753522996
794	-98.73568512034178	1885.959576314
795	-98.73568512034178	1888.256409445
796	-98.73568512034178	1889.893224621
797	-98.73568512034178	1892.002676476
798	-98.73568512034178	1893.856690492
799	-98.73568512034178	1896.462654917
800	-98.73568512034178	1898.905400193
801	-98.73568512034178	1901.339357686
802	-98.73568512034178	1903.681222786
803	-98.73568512034178	1906.232908741
804	-98.73568512034178	1908.600714963
805	-98.73568512034178	1910.942580348
806	-98.73568512034178	1914.40524952
807	-98.73568512034178	1916.822031722
808	-98.73568512034178	1918.758358785
809	-98.73568512034178	1920.27726988
810	-98.73568512034178	1922.557941235
811	-98.73568512034178	1924.749836712
812	-98.73568512034178	1926.398794959
813	-98.73568512034178	1928.59554162
814	-98.73568512034178	1931.334200309
815	-98.73568512034178	1933.429458116
816	-98.73568512034178	1935.326648415
817	-98.73568512034178	1937.775123539
818	-98.73568512034178	1940.310752917
819	-98.73568512034178	1942.861393997
820	-98.73568512034178	1944.861293073
821	-98.73568512034178	1946.76510671
822	-98.73568512034178	1948.333587639
823	-98.73568512034178	1950.60064825
824	-98.73568512034178	1952.597110501
825	-98.73568512034178	1954.890558123
826	-98.73568512034178	1957.16459217
827	-98.73568512034178	1959.532600809
828	-98.73568512034178	1961.639479678
829	-98.73568512034178	1964.494327313
830	-98.73568512034178	1966.921049653
831	-98.73568512034178	1969.088976014
832	-98.73568512034178	1971.296833701
833	-98.73568512034178	1973.073604522
834	-98.73568512034178	1975.029927897
835	-98.73568512034178	1977.313142017
836	-98.73568512034178	1980.265496578
837	-98.73568512034178	1982.616148321
838	-98.73568512034178	1985.216346405
839	-98.73568512034178	1987.358672333
840	-98.73568512034178	1989.541880096
841	-98.73568512034178	1991.902115608
842	-98.73568512034178	1994.19524877
843	-98.73568512034178	1995.984147267
844	-98.73568512034178	1998.013424575
845	-98.73568512034178	2000.13823766
846	-98.73568512034178	2002.070884711
847	-98.73568512034178	2004.72731474
848	-98.73568512034178	2007.085417453
849	-98.73568512034178	2009.512518114
850	-98.73568512034178	2011.957351714
851	-98.73568512034178	2013.883762873
852	-98.73568512034178	2016.011837734
853	-98.73568512034178	2017.845159236
854	-98.73568512034178	2019.729256525
855	-98.73568512034178	2022.09136711
856	-98.73568512034178	2024.442050783
857	-98.73568512034178	2027.109799957
858	-98.73568512034178	2029.888619189
859	-98.73568512034178	2032.409665649
860	-98.73568512034178	2034.609559194
861	-98.73568512034178	2037.126893141
862	-98.73568512034178	2039.080853644
863	-98.73568512034178	2041.446947583
864	-98.73568512034178	2043.621531493
865	-98.73568512034178	2046.057522572
866	-98.73568512034178	2048.846154789
867	-98.73568512034178	2051.703742192
868	-98.73568512034178	2053.753892195
869	-98.73568512034178	2056.29736626
870	-98.73568512034178	2058.708369861
871	-98.73568512034178	2060.554852795
872	-98.73568512034178	2062.777729027
873	-98.73568512034178	2064.696911875
874	-98.73568512034178	2067.247275842
875	-98.73568512034178	2069.73463086
876	-98.73568512034178	2072.863545043
877	-98.73568512034178	2075.19533658
878	-98.73568512034178	2077.261346158
879	-98.73568512034178	2080.560369393
880	-98.73568512034178	2082.480979714
881	-98.73568512034178	2085.291816306
882	-98.73568512034178	2087.691165205
883	-98.73568512034178	2089.889578535
884	-98.73568512034178	2091.638391754
885	-98.73568512034178	2093.921733882
886	-98.73568512034178	2096.536214394
887	-98.73568512034178	2099.201157944
888	-98.73568512034178	2101.821451837
889	-98.73568512034178	2104.507764148
890	-98.73568512034178	2106.871190448
891	-98.73568512034178	2109.405480447
892	-98.73568512034178	2112.002025603
893	-98.73568512034178	2113.914614763
894	-98.73568512034178	2116.612574079
895	-98.73568512034178	2120.081696102
896	-98.73568512034178	2122.19345609
897	-98.73568512034178	2124.25040562
898	-98.73568512034178	2126.33974342
899	-98.73568512034178	2128.680910892
900	-98.73568512034178	2131.544944302
901	-98.73568512034178	2134.137574813
902	-98.73568512034178	2137.332925932
903	-98.73568512034178	2139.847848541
904	-98.73568512034178	2142.673542314
905	-98.73568512034178	2145.734011633
906	-98.73568512034178	2148.280952458
907	-98.73568512034178	2150.114089504
908	-98.73568512034178	2152.610678479
909	-98.73568512034178	2154.933365777
910	-98.73568512034178	2157.682525102
911	-98.73568512034178	2159.660836465
912	-98.73568512034178	2162.123909902
913	-98.73568512034178	2164.236420832
914	-98.73568512034178	2165.994476276
915	-98.73568512034178	2168.036348247
916	-98.73568512034178	2170.841145092
917	-98.73568512034178	2172.242302066
918	-98.73568512034178	2173.980249442
919	-98.73568512034178	2176.159480408
920	-98.73568512034178	2179.376840042
921	-98.73568512034178	2181.249368728
922	-98.73568512034178	2182.794435621
923	-98.73568512034178	2184.679806147
924	-98.73568512034178	2186.836201251
925	-98.73568512034178	2188.767695947
926	-98.73568512034178	2191.28322752
927	-98.73568512034178	2193.233573013
928	-98.73568512034178	2195.147064786
929	-98.73568512034178	2197.540717192
930	-98.73568512034178	2199.934467386
931	-98.73568512034178	2201.84266408
932	-98.73568512034178	2204.098497062
933	-98.73568512034178	2205.940635712
934	-98.73568512034178	2208.126093163
935	-98.73568512034178	2210.325629199
936	-98.73568512034178	2213.499506072
937	-98.73568512034178	2215.576869008
938	-98.73568512034178	2217.351608238
939	-98.73568512034178	2219.004433805
940	-98.73568512034178	2220.973581914
941	-98.73568512034178	2223.111757138
942	-98.73568512034178	2225.065316512
943	-98.73568512034178	2226.882931534
944	-98.73568512034178	2229.547270111
945	-98.73568512034178	2231.9415101
946	-98.73568512034178	2234.443616812
947	-98.73568512034178	2236.785469654
948	-98.73568512034178	2239.140740798
949	-98.73568512034178	2241.322500561
950	-98.73568512034178	2243.137206755
951	-98.73568512034178	2245.59676411
952	-98.73568512034178	2248.653184502
953	-98.73568512034178	2250.703724231
954	-98.73568512034178	2253.224607331
955	-98.73568512034178	2255.763837465
956	-98.73568512034178	2257.9634462
957	-98.73568512034178	2260.414032456
958	-98.73568512034178	2262.227216525
959	-98.73568512034178	2264.237665559
960	-98.73568512034178	2266.107592463
961	-98.73568512034178	2268.430641548
962	-98.73568512034178	2271.430737055
963	-98.73568512034178	2273.762540851
964	-98.73568512034178	2275.819410269
965	-98.73568512034178	2277.859361267
966	-98.73568512034178	2280.883797084
967	-98.73568512034178	2283.263824493
968	-98.73568512034178	2285.120543495
969	-98.73568512034178	2287.152848232
970	-98.73568512034178	2289.348095577
971	-98.73568512034178	2291.729418745
972	-98.73568512034178	2293.258025081
973	-98.73568512034178	2295.311569146
974	-98.73568512034178	2297.905068627
975	-98.73568512034178	2300.217984563
976	-98.73568512034178	2302.442731021
977	-98.73568512034178	2304.468024691
978	-98.73568512034178	2307.512580835
979	-98.73568512034178	2310.684644217
980	-98.73568512034178	2312.925037569
981	-98.73568512034178	2315.414855812
982	-98.73568512034178	2317.813692964
983	-98.73568512034178	2320.464102917
984	-98.73568512034178	2323.113583459
985	-98.73568512034178	2325.347888597
986	-98.73568512034178	2327.527895594
987	-98.73568512034178	2329.80967825
988	-98.73568512034178	2332.20949214
989	-98.73568512034178	2334.436854633
990	-98.73568512034178	2337.387357784
991	-98.73568512034178	2341.356055442
992	-98.73568512034178	2343.901474713
993	-98.73568512034178	2346.090596212
994	-98.73568512034178	2347.953752954
995	-98.73568512034178	2350.486395957
996	-98.73568512034178	2352.594128972
997	-98.73568512034178	2354.555710933
998	-98.73568512034178	2357.744269082
999	-98.73568512034178	2359.994678693
1000	-98.73568512034178	2362.540032678
1001	-98.73568512034178	2364.924211647
1002	-98.73568512034178	2367.372191845
1003	-98.73568512034178	2370.235435827
1004	-98.73568512034178	2373.038286611
1005	-98.73568512034178	2374.818108523
1006	-98.73568512034178	2377.098449737
1007	-98.73568512034178	2379.098735117
1008	-98.73568512034178	2381.467252652
1009	-98.73568512034178	2384.059147046
1010	-98.73568512034178	2386.130431461
1011	-98.73568512034178	2388.839981902
1012	-98.73568512034178	2391.377264549
1013	-98.73568512034178	2393.881855584
1014	-98.73568512034178	2395.56052477
1015	-98.73568512034178	2397.405325926
1016	-98.73568512034178	2399.78690796
1017	-98.73568512034178	2401.827932342
1018	-98.73568512034178	2403.693248398
1019	-98.73568512034178	2405.359949561
1020	-98.73568512034178	2407.38010467
1021	-98.73568512034178	2409.62229954
1022	-98.73568512034178	2411.490061145
1023	-98.73568512034178	2414.138975772
1024	-98.73568512034178	2416.142701399
1025	-98.73568512034178	2418.293567363
1026	-98.73568512034178	2420.133077147
1027	-98.73568512034178	2421.709740315
1028	-98.73568512034178	2423.727990416
1029	-98.73568512034178	2425.81109774
1030	-98.73568512034178	2428.011507023
1031	-98.73568512034178	2430.108821795
1032	-98.73568512034178	2432.890063767
1033	-98.73568512034178	2436.621006347
1034	-98.73568512034178	2438.412812532
1035	-98.73568512034178	2440.443345402
1036	-98.73568512034178	2442.536245185
1037	-98.73568512034178	2444.902288946
1038	-98.73568512034178	2447.296860785
1039	-98.73568512034178	2449.177155186
1040	-98.73568512034178	2451.436796189
1041	-98.73568512034178	2453.192370161
1042	-98.73568512034178	2455.917580041
1043	-98.73568512034178	2457.969115608
1044	-98.73568512034178	2460.007829007
1045	-98.73568512034178	2462.148223414
1046	-98.73568512034178	2463.750793492
1047	-98.73568512034178	2466.006860823
1048	-98.73568512034178	2467.86101311
1049	-98.73568512034178	2470.194549146
1050	-98.73568512034178	2472.867246722
1051	-98.73568512034178	2475.057619789
1052	-98.73568512034178	2477.230027566
1053	-98.73568512034178	2479.35460003
1054	-98.73568512034178	2481.706371342
1055	-98.73568512034178	2483.899886732
1056	-98.73568512034178	2485.850737984
1057	-98.73568512034178	2487.631216471
1058	-98.73568512034178	2490.286859066
1059	-98.73568512034178	2492.571239513
1060	-98.73568512034178	2495.195850322
1061	-98.73568512034178	2498.181512586
1062	-98.73568512034178	2500.597351406
1063	-98.73568512034178	2503.112573936
1064	-98.73568512034178	2505.656188268
1065	-98.73568512034178	2507.959078537
1066	-98.73568512034178	2510.68007043
1067	-98.73568512034178	2513.113718879
1068	-98.73568512034178	2515.663057928
1069	-98.73568512034178	2517.785727095
1070	-98.73568512034178	2520.19469654
1071	-98.73568512034178	2522.820345952
1072	-98.73568512034178	2524.956303418
1073	-98.73568512034178	2527.725381508
1074	-98.73568512034178	2530.190467434
1075	-98.73568512034178	2532.2186323
1076	-98.73568512034178	2533.99641521
1077	-98.73568512034178	2535.964977448
1078	-98.73568512034178	2538.708070796
1079	-98.73568512034178	2541.836917696
1080	-98.73568512034178	2544.386636777
1081	-98.73568512034178	2547.164068734
1082	-98.73568512034178	2550.040574502
1083	-98.73568512034178	2552.683286877
1084	-98.73568512034178	2555.319359094
1085	-98.73568512034178	2557.472024295
1086	-98.73568512034178	2560.076506794
1087	-98.73568512034178	2563.464182174
1088	-98.73568512034178	2566.54186014
1089	-98.73568512034178	2568.928910305
1090	-98.73568512034178	2573.077695072
1091	-98.73568512034178	2576.232365064
1092	-98.73568512034178	2579.095645823
1093	-98.73568512034178	2581.951775247
1094	-98.73568512034178	2584.423628199
1095	-98.73568512034178	2586.721228522
1096	-98.73568512034178	2589.276961977
1097	-98.73568512034178	2592.058428605
1098	-98.73568512034178	2594.897527852
1099	-98.73568512034178	2597.463984888
1100	-98.73568512034178	2599.829990447
1101	-98.73568512034178	2602.158597467
1102	-98.73568512034178	2604.561788313
1103	-98.73568512034178	2606.958532009
1104	-98.73568512034178	2610.390941434
1105	-98.73568512034178	2612.595344619
1106	-98.73568512034178	2614.732516592
1107	-98.73568512034178	2616.798790739
1108	-98.73568512034178	2618.90386923
1109	-98.73568512034178	2621.225276735
1110	-98.73568512034178	2623.651627596
1111	-98.73568512034178	2625.518401059
1112	-98.73568512034178	2627.356459707
1113	-98.73568512034178	2629.555716064
1114	-98.73568512034178	2631.798036377
1115	-98.73568512034178	2635.453966918
1116	-98.73568512034178	2637.971668068
1117	-98.73568512034178	2640.002232868
1118	-98.73568512034178	2642.452101539
1119	-98.73568512034178	2644.969005847
1120	-98.73568512034178	2648.05160399
1121	-98.73568512034178	2651.000414529
1122	-98.73568512034178	2657.564438275
1123	-98.73568512034178	2660.166190415
1124	-98.73568512034178	2663.340813668
1125	-98.73568512034178	2666.966960002
1126	-98.73568512034178	2670.030192465
1127	-98.73568512034178	2672.01611103
1128	-98.73568512034178	2674.069452677
1129	-98.73568512034178	2675.876868409
1130	-98.73568512034178	2677.596419144
1131	-98.73568512034178	2680.045126621
1132	-98.73568512034178	2683.587042639
1133	-98.73568512034178	2686.199316512
1134	-98.73568512034178	2688.710166818
1135	-98.73568512034178	2691.165828344
1136	-98.73568512034178	2694.13925374
1137	-98.73568512034178	2696.695910049
1138	-98.73568512034178	2699.263835042
1139	-98.73568512034178	2701.357601515
1140	-98.73568512034178	2703.579366729
1141	-98.73568512034178	2705.722171618
1142	-98.73568512034178	2707.546336139
1143	-98.73568512034178	2709.878956448
1144	-98.73568512034178	2711.873418754
1145	-98.73568512034178	2714.077857576
1146	-98.73568512034178	2717.044005626
1147	-98.73568512034178	2719.473047788
1148	-98.73568512034178	2722.384670759
1149	-98.73568512034178	2724.404834136
1150	-98.73568512034178	2726.982114536
1151	-98.73568512034178	2729.298699651
1152	-98.73568512034178	2731.175713174
1153	-98.73568512034178	2733.243341239
1154	-98.73568512034178	2735.827045125
1155	-98.73568512034178	2738.584942626
1156	-98.73568512034178	2741.139462715
1157	-98.73568512034178	2743.010488377
1158	-98.73568512034178	2745.178565839
1159	-98.73568512034178	2747.661909279
1160	-98.73568512034178	2749.342044996
1161	-98.73568512034178	2752.130270667
1162	-98.73568512034178	2754.295166748
1163	-98.73568512034178	2757.221524879
1164	-98.73568512034178	2759.335230929
1165	-98.73568512034178	2761.315527411
1166	-98.73568512034178	2763.57364971
1167	-98.73568512034178	2765.630752336
1168	-98.73568512034178	2767.903209519
1169	-98.73568512034178	2769.914301444
1170	-98.73568512034178	2772.235850926
1171	-98.73568512034178	2774.849560825
1172	-98.73568512034178	2777.376134431
1173	-98.73568512034178	2780.081000754
1174	-98.73568512034178	2782.044043828
1175	-98.73568512034178	2784.560277307
1176	-98.73568512034178	2786.263258579
1177	-98.73568512034178	2787.76337447
1178	-98.73568512034178	2789.534199054
1179	-98.73568512034178	2791.773042057
1180	-98.73568512034178	2793.700979046
1181	-98.73568512034178	2795.543304433
1182	-98.73568512034178	2797.989926152
1183	-98.73568512034178	2802.88069382
1184	-98.73568512034178	2804.937664732
1185	-98.73568512034178	2807.053164032
1186	-98.73568512034178	2809.129791136
1187	-98.73568512034178	2811.587326024
1188	-98.73568512034178	2813.515905334
1189	-98.73568512034178	2815.781229999
1190	-98.73568512034178	2818.354524194
1191	-98.73568512034178	2820.897974596
1192	-98.73568512034178	2823.172675196
1193	-98.73568512034178	2825.404557308
1194	-98.73568512034178	2828.305002542
1195	-98.73568512034178	2830.431856054
1196	-98.73568512034178	2832.514250354
1197	-98.73568512034178	2834.294789852
1198	-98.73568512034178	2836.469757501
1199	-98.73568512034178	2838.861983575
1200	-98.73568512034178	2841.179682843
1201	-98.73568512034178	2843.555531608
1202	-98.73568512034178	2847.056693514
1203	-98.73568512034178	2848.90624151
1204	-98.73568512034178	2851.141410487
1205	-98.73568512034178	2853.478050928
1206	-98.73568512034178	2856.302090292
1207	-98.73568512034178	2859.167119541
1208	-98.73568512034178	2862.409279629
1209	-98.73568512034178	2865.180518743
1210	-98.73568512034178	2867.923797688
1211	-98.73568512034178	2870.100323384
1212	-98.73568512034178	2872.915338906
1213	-98.73568512034178	2876.180426657
1214	-98.73568512034178	2879.369438393
1215	-98.73568512034178	2882.173674171
1216	-98.73568512034178	2884.328472741
1217	-98.73568512034178	2887.134153382
1218	-98.73568512034178	2889.849579641
1219	-98.73568512034178	2892.482003777
1220	-98.73568512034178	2894.552846294
1221	-98.73568512034178	2896.649096803
1222	-98.73568512034178	2898.372117436
1223	-98.73568512034178	2900.431733748
1224	-98.73568512034178	2902.112435095
1225	-98.73568512034178	2904.466639697
1226	-98.73568512034178	2906.810796965
1227	-98.73568512034178	2908.495350806
1228	-98.73568512034178	2910.460230181
1229	-98.73568512034178	2912.101082023
1230	-98.73568512034178	2913.745347884
1231	-98.73568512034178	2916.033276628
1232	-98.73568512034178	2918.067921999
1233	-98.73568512034178	2920.356623637
1234	-98.73568512034178	2922.080768971
1235	-98.73568512034178	2924.076910204
1236	-98.73568512034178	2926.665058158
1237	-98.73568512034178	2929.551709903
1238	-98.73568512034178	2932.855698075
1239	-98.73568512034178	2935.080085882
1240	-98.73568512034178	2937.198408768
1241	-98.73568512034178	2940.947708075
1242	-98.73568512034178	2943.459737821
1243	-98.73568512034178	2946.219450524
1244	-98.73568512034178	2949.625954464
1245	-98.73568512034178	2953.121837828
1246	-98.73568512034178	2956.086120213
1247	-98.73568512034178	2958.174136881
1248	-98.73568512034178	2960.42278004
1249	-98.73568512034178	2962.455348491
1250	-98.73568512034178	2964.610907125
1251	-98.73568512034178	2966.368138643
1252	-98.73568512034178	2968.858160159
1253	-98.73568512034178	2971.096502249
1254	-98.73568512034178	2973.079581834
1255	-98.73568512034178	2974.872208524
1256	-98.73568512034178	2976.929948053
1257	-98.73568512034178	2979.370552547
1258	-98.73568512034178	2981.688937184
1259	-98.73568512034178	2983.63390036
1260	-98.73568512034178	2985.74806912
1261	-98.73568512034178	2988.355632931
1262	-98.73568512034178	2991.129155373
1263	-98.73568512034178	2992.949368186
1264	-98.73568512034178	2996.182170871
1265	-98.73568512034178	2998.691454007
1266	-98.73568512034178	3001.781649089
1267	-98.73568512034178	3004.514866731
1268	-98.73568512034178	3007.855471139
1269	-98.73568512034178	3009.928811377
1270	-98.73568512034178	3011.938354378
1271	-98.73568512034178	3014.393675499
1272	-98.73568512034178	3016.47659466
1273	-98.73568512034178	3018.201071275
1274	-98.73568512034178	3020.741307511
1275	-98.73568512034178	3023.068995669
1276	-98.73568512034178	3025.170516739
1277	-98.73568512034178	3027.874117523
1278	-98.73568512034178	3029.999858878
1279	-98.73568512034178	3031.935259381
1280	-98.73568512034178	3034.985204686
1281	-98.73568512034178	3038.346489919
1282	-98.73568512034178	3041.510155813
1283	-98.73568512034178	3043.426848923
1284	-98.73568512034178	3045.86400034
1285	-98.73568512034178	3048.079865789
1286	-98.73568512034178	3049.858829849
1287	-98.73568512034178	3051.803799011
1288	-98.73568512034178	3053.99305593
1289	-98.73568512034178	3055.805707155
1290	-98.73568512034178	3058.544684581
1291	-98.73568512034178	3060.680139993
1292	-98.73568512034178	3063.242640475
1293	-98.73568512034178	3065.782520056
1294	-98.73568512034178	3068.360223253
1295	-98.73568512034178	3071.792279729
1296	-98.73568512034178	3073.962920484
1297	-98.73568512034178	3075.873084052
1298	-98.73568512034178	3077.902255875
1299	-98.73568512034178	3079.911324477
1300	-98.73568512034178	3082.63286974
1301	-98.73568512034178	3084.654292098
1302	-98.73568512034178	3086.89734368
1303	-98.73568512034178	3088.688343615
1304	-98.73568512034178	3090.631680607
1305	-98.73568512034178	3092.704277601
1306	-98.73568512034178	3094.622972651
1307	-98.73568512034178	3097.626975676
1308	-98.73568512034178	3100.322002499
1309	-98.73568512034178	3102.831651983
1310	-98.73568512034178	3104.757409988
1311	-98.73568512034178	3106.835132143
1312	-98.73568512034178	3109.072398853
1313	-98.73568512034178	3112.414479201
1314	-98.73568512034178	3114.392769466
1315	-98.73568512034178	3116.980273105
1316	-98.73568512034178	3119.40884771
1317	-98.73568512034178	3121.620401945
1318	-98.73568512034178	3123.914717398
1319	-98.73568512034178	3126.132769814
1320	-98.73568512034178	3128.681299477
1321	-98.73568512034178	3131.229959428
1322	-98.73568512034178	3133.227548376
1323	-98.73568512034178	3134.775070796
1324	-98.73568512034178	3136.546026525
1325	-98.73568512034178	3138.566196459
1326	-98.73568512034178	3140.905333481
1327	-98.73568512034178	3144.18941087
1328	-98.73568512034178	3146.463866573
1329	-98.73568512034178	3149.250515096
1330	-98.73568512034178	3152.640761467
1331	-98.73568512034178	3155.102314206
1332	-98.73568512034178	3158.037949628
1333	-98.73568512034178	3160.224699987
1334	-98.73568512034178	3162.695077
1335	-98.73568512034178	3165.424960165
1336	-98.73568512034178	3168.372133686
1337	-98.73568512034178	3171.283033085
1338	-98.73568512034178	3173.991051139
1339	-98.73568512034178	3176.574582542
1340	-98.73568512034178	3180.533485746
1341	-98.73568512034178	3183.469728991
1342	-98.73568512034178	3186.172152046
1343	-98.73568512034178	3188.502253822
1344	-98.73568512034178	3190.62016218
1345	-98.73568512034178	3192.82013099
1346	-98.73568512034178	3195.03650676
1347	-98.73568512034178	3196.949261275
1348	-98.73568512034178	3199.150854274
1349	-98.73568512034178	3201.2946034
1350	-98.73568512034178	3203.879429707
1351	-98.73568512034178	3206.160962904
1352	-98.73568512034178	3207.900238825
1353	-98.73568512034178	3209.992219745
1354	-98.73568512034178	3211.711194017
1355	-98.73568512034178	3214.03507558
1356	-98.73568512034178	3216.210946412
1357	-98.73568512034178	3218.288042783
1358	-98.73568512034178	3220.194884133
1359	-98.73568512034178	3222.185652457
1360	-98.73568512034178	3224.002996639
1361	-98.73568512034178	3226.5278534
1362	-98.73568512034178	3228.902321162
1363	-98.73568512034178	3231.043877048
1364	-98.73568512034178	3234.122057637
1365	-98.73568512034178	3236.929951189
1366	-98.73568512034178	3239.978532597
1367	-98.73568512034178	3242.623960221
1368	-98.73568512034178	3244.768343399
1369	-98.73568512034178	3246.629382167
1370	-98.73568512034178	3249.345919443
1371	-98.73568512034178	3252.11154132
1372	-98.73568512034178	3254.904754452
1373	-98.73568512034178	3257.503285298
1374	-98.73568512034178	3259.864185937
1375	-98.73568512034178	3262.579914112
1376	-98.73568512034178	3265.40450371
1377	-98.73568512034178	3268.080536903
1378	-98.73568512034178	3270.954456285
1379	-98.73568512034178	3273.808417558
1380	-98.73568512034178	3276.498833247
1381	-98.73568512034178	3279.730826546
1382	-98.73568512034178	3282.462826545
1383	-98.73568512034178	3284.661585125
1384	-98.73568512034178	3287.070383799
1385	-98.73568512034178	3290.538430156
1386	-98.73568512034178	3293.431720064
1387	-98.73568512034178	3295.521328134
1388	-98.73568512034178	3298.275900852
1389	-98.73568512034178	3300.935724657
1390	-98.73568512034178	3303.120854534
1391	-98.73568512034178	3305.398762173
1392	-98.73568512034178	3307.537117862
1393	-98.73568512034178	3309.257642768
1394	-98.73568512034178	3311.065884422
1395	-98.73568512034178	3313.023768694
1396	-98.73568512034178	3315.332238282
1397	-98.73568512034178	3317.60588916
1398	-98.73568512034178	3319.612672437
1399	-98.73568512034178	3321.125540933
1400	-98.73568512034178	3322.928512312
1401	-98.73568512034178	3325.241303662
1402	-98.73568512034178	3327.224596212
1403	-98.73568512034178	3329.285318981
1404	-98.73568512034178	3331.476615187
1405	-98.73568512034178	3333.851687637
1406	-98.73568512034178	3336.462279732
1407	-98.73568512034178	3338.559969404
1408	-98.73568512034178	3340.915956708
1409	-98.73568512034178	3344.156364029
1410	-98.73568512034178	3347.01794619
1411	-98.73568512034178	3350.141740628
1412	-98.73568512034178	3352.344382208
1413	-98.73568512034178	3354.591567389
1414	-98.73568512034178	3357.351336542
1415	-98.73568512034178	3359.552022938
1416	-98.73568512034178	3362.476854097
1417	-98.73568512034178	3364.848091158
1418	-98.73568512034178	3367.667934771
1419	-98.73568512034178	3370.702336956
1420	-98.73568512034178	3374.1641306
1421	-98.73568512034178	3376.883869783
1422	-98.73568512034178	3379.102016851
1423	-98.73568512034178	3381.455860807
1424	-98.73568512034178	3383.234381544
1425	-98.73568512034178	3385.32962082
1426	-98.73568512034178	3388.223523968
1427	-98.73568512034178	3390.605610337
1428	-98.73568512034178	3392.840356518
1429	-98.73568512034178	3395.830045185
1430	-98.73568512034178	3398.040243506
1431	-98.73568512034178	3400.301209632
1432	-98.73568512034178	3402.863923364
1433	-98.73568512034178	3404.807666901
1434	-98.73568512034178	3407.492393511
1435	-98.73568512034178	3409.298615833
1436	-98.73568512034178	3411.414521395
1437	-98.73568512034178	3413.920088026
1438	-98.73568512034178	3416.821190975
1439	-98.73568512034178	3419.423963186
1440	-98.73568512034178	3422.422918026
1441	-98.73568512034178	3424.893477501
1442	-98.73568512034178	3427.287328048
1443	-98.73568512034178	3429.312909379
1444	-98.73568512034178	3431.333110959
1445	-98.73568512034178	3433.246321342
1446	-98.73568512034178	3435.177206789
1447	-98.73568512034178	3437.502275775
1448	-98.73568512034178	3439.641072221
1449	-98.73568512034178	3441.964862839
1450	-98.73568512034178	3444.949209388
1451	-98.73568512034178	3447.112127477
1452	-98.73568512034178	3449.317644815
1453	-98.73568512034178	3451.316206223
1454	-98.73568512034178	3453.454810801
1455	-98.73568512034178	3455.487663207
1456	-98.73568512034178	3457.53462014
1457	-98.73568512034178	3460.03485121
1458	-98.73568512034178	3461.938023952
1459	-98.73568512034178	3464.409025324
1460	-98.73568512034178	3467.061578625
1461	-98.73568512034178	3469.424786257
1462	-98.73568512034178	3472.218907132
1463	-98.73568512034178	3474.124779158
1464	-98.73568512034178	3476.398761602
1465	-98.73568512034178	3478.672736919
1466	-98.73568512034178	3481.109433324
1467	-98.73568512034178	3483.603017679
1468	-98.73568512034178	3485.589485907
1469	-98.73568512034178	3487.221490667
1470	-98.73568512034178	3489.25010855
1471	-98.73568512034178	3491.322774823
1472	-98.73568512034178	3493.984462867
1473	-98.73568512034178	3496.04588469
1474	-98.73568512034178	3497.607850332
1475	-98.73568512034178	3499.935296444
1476	-98.73568512034178	3503.15152653
1477	-98.73568512034178	3505.781744881
1478	-98.73568512034178	3508.024168398
1479	-98.73568512034178	3509.949027212
1480	-98.73568512034178	3512.29766504
1481	-98.73568512034178	3514.831727818
1482	-98.73568512034178	3517.112583344
1483	-98.73568512034178	3519.670635481
1484	-98.73568512034178	3521.877506167
1485	-98.73568512034178	3524.070989056
1486	-98.73568512034178	3526.538627157
1487	-98.73568512034178	3528.645235185
1488	-98.73568512034178	3531.043530942
1489	-98.73568512034178	3534.149081266
1490	-98.73568512034178	3540.633647195
1491	-98.73568512034178	3542.995813373
1492	-98.73568512034178	3545.071494816
1493	-98.73568512034178	3547.485564334
1494	-98.73568512034178	3549.934543507
1495	-98.73568512034178	3552.402723289
1496	-98.73568512034178	3554.653762961
1497	-98.73568512034178	3557.072272271
1498	-98.73568512034178	3559.788749107
1499	-98.73568512034178	3561.881423379
1500	-98.73568512034178	3563.981700863
1501	-98.73568512034178	3566.235262774
1502	-98.73568512034178	3568.559995062
1503	-98.73568512034178	3570.729831278
1504	-98.73568512034178	3572.968294248
1505	-98.73568512034178	3575.18754321
1506	-98.73568512034178	3578.153513075
1507	-98.73568512034178	3580.553738072
1508	-98.73568512034178	3583.320985564
1509	-98.73568512034178	3585.442130895
1510	-98.73568512034178	3587.406430385
1511	-98.73568512034178	3590.127520351
1512	-98.73568512034178	3592.501150788
1513	-98.73568512034178	3595.810334255
1514	-98.73568512034178	3597.955844129
1515	-98.73568512034178	3600.350788303
1516	-98.73568512034178	3602.993765818
1517	-98.73568512034178	3605.545734017
1518	-98.73568512034178	3608.403369886
1519	-98.73568512034178	3610.665760348
1520	-98.73568512034178	3613.048361029
1521	-98.73568512034178	3615.593108045
1522	-98.73568512034178	3617.731828657
1523	-98.73568512034178	3620.937397312
1524	-98.73568512034178	3623.439314152
1525	-98.73568512034178	3625.887871098
1526	-98.73568512034178	3628.186851853
1527	-98.73568512034178	3630.455725387
1528	-98.73568512034178	3632.427409135
1529	-98.73568512034178	3634.399558159
1530	-98.73568512034178	3636.343825132
1531	-98.73568512034178	3638.863372845
1532	-98.73568512034178	3642.97113608
1533	-98.73568512034178	3646.280919387
1534	-98.73568512034178	3649.011963461
1535	-98.73568512034178	3651.563589261
1536	-98.73568512034178	3654.761080592
1537	-98.73568512034178	3657.809159376
1538	-98.73568512034178	3661.122124634
1539	-98.73568512034178	3663.553922814
1540	-98.73568512034178	3666.767185056
1541	-98.73568512034178	3669.196477247
1542	-98.73568512034178	3671.179223269
1543	-98.73568512034178	3673.687313566
1544	-98.73568512034178	3676.671324557
1545	-98.73568512034178	3680.278989291
1546	-98.73568512034178	3687.280258251
1547	-98.73568512034178	3689.708260955
1548	-98.73568512034178	3692.553191259
1549	-98.73568512034178	3694.568478078
1550	-98.73568512034178	3696.774169325
1551	-98.73568512034178	3699.047758622
1552	-98.73568512034178	3701.723819185
1553	-98.73568512034178	3704.939975716
1554	-98.73568512034178	3707.944217081
1555	-98.73568512034178	3709.998306818
1556	-98.73568512034178	3711.911561676
1557	-98.73568512034178	3714.545090271
1558	-98.73568512034178	3716.806415617
1559	-98.73568512034178	3719.240060646
1560	-98.73568512034178	3721.402804826
1561	-98.73568512034178	3723.762723882
1562	-98.73568512034178	3725.996717411
1563	-98.73568512034178	3727.840018965
1564	-98.73568512034178	3729.927025824
1565	-98.73568512034178	3731.578827043
1566	-98.73568512034178	3733.984533286
1567	-98.73568512034178	3737.043699718
1568	-98.73568512034178	3739.159814255
1569	-98.73568512034178	3741.045801442
1570	-98.73568512034178	3743.386656734
1571	-98.73568512034178	3745.299997406
1572	-98.73568512034178	3747.359204607
1573	-98.73568512034178	3749.07643495
1574	-98.73568512034178	3751.311231308
1575	-98.73568512034178	3753.545118781
1576	-98.73568512034178	3756.002557021
1577	-98.73568512034178	3758.800941499
1578	-98.73568512034178	3761.145076815
1579	-98.73568512034178	3763.858304988
1580	-98.73568512034178	3766.990784574
1581	-98.73568512034178	3770.198161305
1582	-98.73568512034178	3773.388591962
1583	-98.73568512034178	3776.138128753
1584	-98.73568512034178	3778.221816532
1585	-98.73568512034178	3780.277206874
1586	-98.73568512034178	3783.068673796
1587	-98.73568512034178	3785.804113186
1588	-98.73568512034178	3788.256261481
1589	-98.73568512034178	3790.296074777
1590	-98.73568512034178	3792.659498512
1591	-98.73568512034178	3795.091873439
1592	-98.73568512034178	3797.919513844
1593	-98.73568512034178	3800.544461636
1594	-98.73568512034178	3803.180359659
1595	-98.73568512034178	3806.123079419
1596	-98.73568512034178	3809.018373548
1597	-98.73568512034178	3811.911488122
1598	-98.73568512034178	3814.350496936
1599	-98.73568512034178	3817.377711864
1600	-98.73568512034178	3819.691698049
1601	-98.73568512034178	3821.650418506
1602	-98.73568512034178	3823.840286669
1603	-98.73568512034178	3825.529866173
1604	-98.73568512034178	3827.716191455
1605	-98.73568512034178	3830.730831963
1606	-98.73568512034178	3833.060061917
1607	-98.73568512034178	3835.308039379
1608	-98.73568512034178	3840.111027863
1609	-98.73568512034178	3842.652290158
1610	-98.73568512034178	3844.919300878
1611	-98.73568512034178	3847.44992455
1612	-98.73568512034178	3849.042038752
1613	-98.73568512034178	3850.979822369
1614	-98.73568512034178	3853.855115055
1615	-98.73568512034178	3856.606714226
1616	-98.73568512034178	3859.002473774
1617	-98.73568512034178	3861.566967927
1618	-98.73568512034178	3863.518157588
1619	-98.73568512034178	3866.367163617
1620	-98.73568512034178	3869.59839229
1621	-98.73568512034178	3871.797332476
1622	-98.73568512034178	3874.056142425
1623	-98.73568512034178	3876.322783661
1624	-98.73568512034178	3878.347829012
1625	-98.73568512034178	3880.343407182
1626	-98.73568512034178	3882.557714013
1627	-98.73568512034178	3884.699202046
1628	-98.73568512034178	3886.427075003
1629	-98.73568512034178	3888.528038141
1630	-98.73568512034178	3891.248147379
1631	-98.73568512034178	3896.507779258
1632	-98.73568512034178	3898.24564367
1633	-98.73568512034178	3900.223301879
1634	-98.73568512034178	3902.55824087
1635	-98.73568512034178	3904.71659344
1636	-98.73568512034178	3907.198007354
1637	-98.73568512034178	3909.261382936
1638	-98.73568512034178	3911.949867673
1639	-98.73568512034178	3914.849826534
1640	-98.73568512034178	3917.091684421
1641	-98.73568512034178	3919.856178746
1642	-98.73568512034178	3921.922023254
1643	-98.73568512034178	3924.703322531
1644	-98.73568512034178	3926.699186366
1645	-98.73568512034178	3928.8282545
1646	-98.73568512034178	3930.421842646
1647	-98.73568512034178	3932.57744205
1648	-98.73568512034178	3934.77082487
1649	-98.73568512034178	3936.942880553
1650	-98.73568512034178	3938.986900149
1651	-98.73568512034178	3941.14991517
1652	-98.73568512034178	3943.218905137
1653	-98.73568512034178	3946.158513079
1654	-98.73568512034178	3948.398705439
1655	-98.73568512034178	3950.610848396
1656	-98.73568512034178	3953.90139004
1657	-98.73568512034178	3955.804421945
1658	-98.73568512034178	3958.204165701
1659	-98.73568512034178	3960.748833461
1660	-98.73568512034178	3962.579083629
1661	-98.73568512034178	3964.089140799
1662	-98.73568512034178	3966.598863553
1663	-98.73568512034178	3968.489349546
1664	-98.73568512034178	3970.245535049
1665	-98.73568512034178	3971.887844869
1666	-98.73568512034178	3973.843651081
1667	-98.73568512034178	3975.602903926
1668	-98.73568512034178	3978.1161382
1669	-98.73568512034178	3980.000558217
1670	-98.73568512034178	3982.136909115
1671	-98.73568512034178	3984.157196793
1672	-98.73568512034178	3986.463966642
1673	-98.73568512034178	3988.901719896
1674	-98.73568512034178	3990.954087086
1675	-98.73568512034178	3993.226883818
1676	-98.73568512034178	3995.406390757
1677	-98.73568512034178	3997.238213512
1678	-98.73568512034178	3999.715380359
1679	-98.73568512034178	4001.802557991
1680	-98.73568512034178	4003.863588377
1681	-98.73568512034178	4005.966917237
1682	-98.73568512034178	4008.485220509
1683	-98.73568512034178	4010.471290459
1684	-98.73568512034178	4012.297216014
1685	-98.73568512034178	4014.051763073
1686	-98.73568512034178	4016.402556223
1687	-98.73568512034178	4018.620429884
1688	-98.73568512034178	4021.001131259
1689	-98.73568512034178	4023.007019336
1690	-98.73568512034178	4024.850809258
1691	-98.73568512034178	4027.809449889
1692	-98.73568512034178	4030.205070024
1693	-98.73568512034178	4032.435507842
1694	-98.73568512034178	4035.502898423
1695	-98.73568512034178	4038.124614943
1696	-98.73568512034178	4040.773637051
1697	-98.73568512034178	4043.096867457
1698	-98.73568512034178	4046.050254063
1699	-98.73568512034178	4048.120494458
1700	-98.73568512034178	4050.692112863
1701	-98.73568512034178	4053.033961998
1702	-98.73568512034178	4055.69736147
1703	-98.73568512034178	4057.522786683
1704	-98.73568512034178	4059.944013238
1705	-98.73568512034178	4062.126221741
1706	-98.73568512034178	4063.676056856
1707	-98.73568512034178	4065.52948215
1708	-98.73568512034178	4067.915145896
1709	-98.73568512034178	4069.736704644
1710	-98.73568512034178	4071.859546294
1711	-98.73568512034178	4073.88256205
1712	-98.73568512034178	4075.672224033
1713	-98.73568512034178	4077.913672523
1714	-98.73568512034178	4079.809874396
1715	-98.73568512034178	4081.745255513
1716	-98.73568512034178	4083.59703495
1717	-98.73568512034178	4085.712211808
1718	-98.73568512034178	4088.073418925
1719	-98.73568512034178	4090.681164627
1720	-98.73568512034178	4093.001321133
1721	-98.73568512034178	4095.613593865
1722	-98.73568512034178	4098.494064455
1723	-98.73568512034178	4101.03877783
1724	-98.73568512034178	4103.802871596
1725	-98.73568512034178	4106.460938073
1726	-98.73568512034178	4108.688917513
1727	-98.73568512034178	4111.002854376
1728	-98.73568512034178	4114.014145012
1729	-98.73568512034178	4116.424196109
1730	-98.73568512034178	4118.68959547
1731	-98.73568512034178	4120.977969248
1732	-98.73568512034178	4123.180116473
1733	-98.73568512034178	4125.238356345
1734	-98.73568512034178	4127.547670956
1735	-98.73568512034178	4130.627965528
1736	-98.73568512034178	4133.41756821
1737	-98.73568512034178	4136.327078054
1738	-98.73568512034178	4138.778122743
1739	-98.73568512034178	4141.314337993
1740	-98.73568512034178	4143.844413711
1741	-98.73568512034178	4146.460008661
1742	-98.73568512034178	4148.93943717
1743	-98.73568512034178	4151.34429896
1744	-98.73568512034178	4153.454685929
1745	-98.73568512034178	4156.37560957
1746	-98.73568512034178	4158.639967191
1747	-98.73568512034178	4160.879511529
1748	-98.73568512034178	4162.658898386
1749	-98.73568512034178	4164.811047278
1750	-98.73568512034178	4167.081117358
1751	-98.73568512034178	4169.138748266
1752	-98.73568512034178	4171.001631316
1753	-98.73568512034178	4173.34767221
1754	-98.73568512034178	4175.164267731
1755	-98.73568512034178	4177.164744126
1756	-98.73568512034178	4179.103705757
1757	-98.73568512034178	4181.05314151
1758	-98.73568512034178	4183.930048407
1759	-98.73568512034178	4185.921970226
1760	-98.73568512034178	4188.81841329
1761	-98.73568512034178	4191.076011013
1762	-98.73568512034178	4193.037234608
1763	-98.73568512034178	4195.053502726
1764	-98.73568512034178	4197.459533977
1765	-98.73568512034178	4199.651204514
1766	-98.73568512034178	4201.738332254
1767	-98.73568512034178	4204.078308597
1768	-98.73568512034178	4206.726771918
1769	-98.73568512034178	4209.227399841
1770	-98.73568512034178	4211.94074918
1771	-98.73568512034178	4214.022479778
1772	-98.73568512034178	4217.16595065
1773	-98.73568512034178	4219.687154767
1774	-98.73568512034178	4221.775566863
1775	-98.73568512034178	4224.052246025
1776	-98.73568512034178	4226.001667524
1777	-98.73568512034178	4228.038995073
1778	-98.73568512034178	4230.306141783
1779	-98.73568512034178	4232.163919629
1780	-98.73568512034178	4234.525832643
1781	-98.73568512034178	4236.610973268
1782	-98.73568512034178	4238.993044241
1783	-98.73568512034178	4241.208171292
1784	-98.73568512034178	4243.177051697
1785	-98.73568512034178	4244.870873992
1786	-98.73568512034178	4247.333076462
1787	-98.73568512034178	4249.577108773
1788	-98.73568512034178	4251.973627244
1789	-98.73568512034178	4254.321540645
1790	-98.73568512034178	4257.45901824
1791	-98.73568512034178	4261.107062185
1792	-98.73568512034178	4267.145672094
1793	-98.73568512034178	4269.890452353
1794	-98.73568512034178	4271.989807267
1795	-98.73568512034178	4275.204867606
1796	-98.73568512034178	4277.257343133
1797	-98.73568512034178	4279.379155872
1798	-98.73568512034178	4281.953416256
1799	-98.73568512034178	4284.258986708
1800	-98.73568512034178	4287.352586115
1801	-98.73568512034178	4289.549364137
1802	-98.73568512034178	4292.000313035
1803	-98.73568512034178	4294.417847318
1804	-98.73568512034178	4298.43426226
1805	-98.73568512034178	4300.283841901
1806	-98.73568512034178	4302.155123864
1807	-98.73568512034178	4303.961871333
1808	-98.73568512034178	4306.730557416
1809	-98.73568512034178	4309.216782886
1810	-98.73568512034178	4312.905313809
1811	-98.73568512034178	4315.247576332
1812	-98.73568512034178	4317.199277169
1813	-98.73568512034178	4319.307269906
1814	-98.73568512034178	4321.343950574
1815	-98.73568512034178	4323.282751126
1816	-98.73568512034178	4325.648432246
1817	-98.73568512034178	4328.086913634
1818	-98.73568512034178	4330.372435887
1819	-98.73568512034178	4333.200395028
1820	-98.73568512034178	4335.493401038
1821	-98.73568512034178	4338.109960181
1822	-98.73568512034178	4340.046891647
1823	-98.73568512034178	4342.513595205
1824	-98.73568512034178	4345.462949421
1825	-98.73568512034178	4347.5395158
1826	-98.73568512034178	4350.372905154
1827	-98.73568512034178	4353.460576286
1828	-98.73568512034178	4355.851717572
1829	-98.73568512034178	4358.035251199
1830	-98.73568512034178	4360.463374498
1831	-98.73568512034178	4363.346650998
1832	-98.73568512034178	4366.13676058
1833	-98.73568512034178	4368.813059482
1834	-98.73568512034178	4371.057685361
1835	-98.73568512034178	4373.1519154
1836	-98.73568512034178	4375.312034136
1837	-98.73568512034178	4377.381911605
1838	-98.73568512034178	4380.016720849
1839	-98.73568512034178	4382.257070867
1840	-98.73568512034178	4384.669126756
1841	-98.73568512034178	4387.074452681
1842	-98.73568512034178	4389.086907647
1843	-98.73568512034178	4391.828112808
1844	-98.73568512034178	4394.348678597
1845	-98.73568512034178	4396.537073672
1846	-98.73568512034178	4399.087285398
1847	-98.73568512034178	4401.678108118
1848	-98.73568512034178	4404.09266686
1849	-98.73568512034178	4407.160155514
1850	-98.73568512034178	4409.226300513
1851	-98.73568512034178	4411.242636483
1852	-98.73568512034178	4413.859853056
1853	-98.73568512034178	4416.48849597
1854	-98.73568512034178	4418.644363649
1855	-98.73568512034178	4421.268898052
1856	-98.73568512034178	4423.751690973
1857	-98.73568512034178	4426.111840385
1858	-98.73568512034178	4428.50397922
1859	-98.73568512034178	4431.972678446
1860	-98.73568512034178	4434.56927492
1861	-98.73568512034178	4437.129366629
1862	-98.73568512034178	4439.72995615
1863	-98.73568512034178	4442.368177986
1864	-98.73568512034178	4445.061059751
1865	-98.73568512034178	4448.721105931
1866	-98.73568512034178	4451.031747376
1867	-98.73568512034178	4453.427929434
1868	-98.73568512034178	4455.750536621
1869	-98.73568512034178	4458.121113971
1870	-98.73568512034178	4460.148877708
1871	-98.73568512034178	4462.734109991
1872	-98.73568512034178	4467.111608888
1873	-98.73568512034178	4469.597076004
1874	-98.73568512034178	4472.434586699
1875	-98.73568512034178	4474.396711481
1876	-98.73568512034178	4476.116590931
1877	-98.73568512034178	4477.657983229
1878	-98.73568512034178	4479.622116224
1879	-98.73568512034178	4481.219936612
1880	-98.73568512034178	4483.225539308
1881	-98.73568512034178	4484.874294567
1882	-98.73568512034178	4486.865792165
1883	-98.73568512034178	4488.696549233
1884	-98.73568512034178	4490.77542403
1885	-98.73568512034178	4492.680813674
1886	-98.73568512034178	4495.156524253
1887	-98.73568512034178	4497.672492022
1888	-98.73568512034178	4499.951078474
1889	-98.73568512034178	4502.659740843
1890	-98.73568512034178	4504.492851089
1891	-98.73568512034178	4506.514424263
1892	-98.73568512034178	4508.254379851
1893	-98.73568512034178	4510.773274695
1894	-98.73568512034178	4515.081509364
1895	-98.73568512034178	4518.026052594
1896	-98.73568512034178	4522.809973894
1897	-98.73568512034178	4525.143275867
1898	-98.73568512034178	4528.072425082
1899	-98.73568512034178	4530.611789496
1900	-98.73568512034178	4533.49845293
1901	-98.73568512034178	4535.803103378
1902	-98.73568512034178	4537.704105688
1903	-98.73568512034178	4539.915342327
1904	-98.73568512034178	4542.703630149
1905	-98.73568512034178	4545.116943594
1906	-98.73568512034178	4547.223298743
1907	-98.73568512034178	4549.034071189
1908	-98.73568512034178	4551.092231234
1909	-98.73568512034178	4553.048892732
1910	-98.73568512034178	4555.258487506
1911	-98.73568512034178	4558.136644261
1912	-98.73568512034178	4560.851200694
1913	-98.73568512034178	4563.433522437
1914	-98.73568512034178	4565.822989642
1915	-98.73568512034178	4567.981656673
1916	-98.73568512034178	4570.429276225
1917	-98.73568512034178	4573.023583952
1918	-98.73568512034178	4575.517361031
1919	-98.73568512034178	4578.018888145
1920	-98.73568512034178	4579.810730537
1921	-98.73568512034178	4581.616341045
1922	-98.73568512034178	4583.279294913
1923	-98.73568512034178	4585.827311975
1924	-98.73568512034178	4588.183959275
1925	-98.73568512034178	4589.992406482
1926	-98.73568512034178	4592.037414504
1927	-98.73568512034178	4594.163390777
1928	-98.73568512034178	4596.348693992
1929	-98.73568512034178	4598.33744384
1930	-98.73568512034178	4600.135552346
1931	-98.73568512034178	4602.226199304
1932	-98.73568512034178	4604.613240347
1933	-98.73568512034178	4606.260100576
1934	-98.73568512034178	4608.443819515
1935	-98.73568512034178	4610.854169108
1936	-98.73568512034178	4613.438400421
1937	-98.73568512034178	4616.026769039
1938	-98.73568512034178	4618.341994819
1939	-98.73568512034178	4620.332869483
1940	-98.73568512034178	4622.693526651
1941	-98.73568512034178	4625.133411849
1942	-98.73568512034178	4627.928573037
1943	-98.73568512034178	4630.85357839
1944	-98.73568512034178	4632.534575095
1945	-98.73568512034178	4634.775172576
1946	-98.73568512034178	4636.850267862
1947	-98.73568512034178	4638.796662787
1948	-98.73568512034178	4640.769909998
1949	-98.73568512034178	4642.702282218
1950	-98.73568512034178	4644.780131811
1951	-98.73568512034178	4647.127351289
1952	-98.73568512034178	4649.636263801
1953	-98.73568512034178	4652.349982909
1954	-98.73568512034178	4654.66955725
1955	-98.73568512034178	4656.937004736
1956	-98.73568512034178	4659.304971466
1957	-98.73568512034178	4661.470140954
1958	-98.73568512034178	4663.506499749
1959	-98.73568512034178	4665.336170318
1960	-98.73568512034178	4667.666736515
1961	-98.73568512034178	4669.627937588
1962	-98.73568512034178	4671.844449063
1963	-98.73568512034178	4673.778138709
1964	-98.73568512034178	4675.606966536
1965	-98.73568512034178	4677.634973459
1966	-98.73568512034178	4679.597078
1967	-98.73568512034178	4681.819330157
1968	-98.73568512034178	4684.585119385
1969	-98.73568512034178	4687.297486
1970	-98.73568512034178	4690.765308843
1971	-98.73568512034178	4692.989448047
1972	-98.73568512034178	4695.211005141
1973	-98.73568512034178	4697.229869623
1974	-98.73568512034178	4699.167590519
1975	-98.73568512034178	4700.920650805
1976	-98.73568512034178	4702.769672799
1977	-98.73568512034178	4705.275964713
1978	-98.73568512034178	4707.215557546
1979	-98.73568512034178	4709.247599425
1980	-98.73568512034178	4711.331024345
1981	-98.73568512034178	4713.784351509
1982	-98.73568512034178	4716.073128698
1983	-98.73568512034178	4718.357457827
1984	-98.73568512034178	4720.635504307
1985	-98.73568512034178	4723.036626785
1986	-98.73568512034178	4725.046041207
1987	-98.73568512034178	4726.966945747
1988	-98.73568512034178	4729.136104005
1989	-98.73568512034178	4731.343572252
1990	-98.73568512034178	4733.375752973
1991	-98.73568512034178	4735.328840229
1992	-98.73568512034178	4737.229377548
1993	-98.73568512034178	4739.42153902
1994	-98.73568512034178	4741.527565738
1995	-98.73568512034178	4744.143370804
1996	-98.73568512034178	4745.982133923
1997	-98.73568512034178	4748.069031306
1998	-98.73568512034178	4749.781865192
1999	-98.73568512034178	4751.704137049
2000	-98.73568512034178	4753.560152435
2001	-98.73568512034178	4755.884649234
2002	-98.73568512034178	4758.350236073
2003	-98.73568512034178	4760.545707788
2004	-98.73568512034178	4762.835950367
2005	-98.73568512034178	4765.029451502
2006	-98.73568512034178	4767.150648721
2007	-98.73568512034178	4769.268438478
2008	-98.73568512034178	4771.431999742
2009	-98.73568512034178	4773.545584912
2010	-98.73568512034178	4778.826609785
2011	-98.73568512034178	4781.555172958
2012	-98.73568512034178	4783.849256628
2013	-98.73568512034178	4785.891173074
2014	-98.73568512034178	4788.04203248
2015	-98.73568512034178	4790.463323466
2016	-98.73568512034178	4792.644442905
2017	-98.73568512034178	4794.531158226
2018	-98.73568512034178	4797.258460707
2019	-98.73568512034178	4798.914850252
2020	-98.73568512034178	4801.831937649
2021	-98.73568512034178	4804.552049452
2022	-98.73568512034178	4806.911715913
2023	-98.73568512034178	4809.444156498
2024	-98.73568512034178	4812.010159947
2025	-98.73568512034178	4814.317326078
2026	-98.73568512034178	4817.03734494
2027	-98.73568512034178	4819.459500336
2028	-98.73568512034178	4821.742328152
2029	-98.73568512034178	4823.834977622
2030	-98.73568512034178	4826.383558031
2031	-98.73568512034178	4829.139455017
2032	-98.73568512034178	4831.436820707
2033	-98.73568512034178	4834.046893073
2034	-98.73568512034178	4836.814626652
2035	-98.73568512034178	4839.186936242
2036	-98.73568512034178	4841.576559394
2037	-98.73568512034178	4843.432018274
2038	-98.73568512034178	4845.347155047
2039	-98.73568512034178	4847.472667755
2040	-98.73568512034178	4850.088186015
2041	-98.73568512034178	4853.048458247
2042	-98.73568512034178	4855.485646156
2043	-98.73568512034178	4857.655590708
2044	-98.73568512034178	4860.073902447
2045	-98.73568512034178	4862.247033796
2046	-98.73568512034178	4864.935235719
2047	-98.73568512034178	4867.745512669
2048	-98.73568512034178	4869.777671437
2049	-98.73568512034178	4871.557036912
2050	-98.73568512034178	4873.833701534
2051	-98.73568512034178	4876.031026655
2052	-98.73568512034178	4878.264050004
2053	-98.73568512034178	4880.38573502
2054	-98.73568512034178	4882.670129151
2055	-98.73568512034178	4884.836058133
2056	-98.73568512034178	4887.629655859
2057	-98.73568512034178	4889.615401941
2058	-98.73568512034178	4892.160162356
2059	-98.73568512034178	4894.000924565
2060	-98.73568512034178	4896.035836215
2061	-98.73568512034178	4898.39148226
2062	-98.73568512034178	4900.618549965
2063	-98.73568512034178	4902.875256764
2064	-98.73568512034178	4904.620575283
2065	-98.73568512034178	4906.795184852
2066	-98.73568512034178	4909.305094628
2067	-98.73568512034178	4911.222231916
2068	-98.73568512034178	4913.268439333
2069	-98.73568512034178	4915.078119009
2070	-98.73568512034178	4917.110550614
2071	-98.73568512034178	4919.328373243
2072	-98.73568512034178	4921.242508475
2073	-98.73568512034178	4923.59858701
2074	-98.73568512034178	4926.016040611
2075	-98.73568512034178	4929.159807698
2076	-98.73568512034178	4931.139903187
2077	-98.73568512034178	4933.773325157
2078	-98.73568512034178	4936.4017705
2079	-98.73568512034178	4938.458849178
2080	-98.73568512034178	4940.771460062
2081	-98.73568512034178	4943.004637933
2082	-98.73568512034178	4944.946023161
2083	-98.73568512034178	4947.322050966
2084	-98.73568512034178	4949.741264176
2085	-98.73568512034178	4952.013325932
2086	-98.73568512034178	4954.351813507
2087	-98.73568512034178	4957.174056199
2088	-98.73568512034178	4959.667366006
2089	-98.73568512034178	4961.947099966
2090	-98.73568512034178	4964.239556882
2091	-98.73568512034178	4966.50296257
2092	-98.73568512034178	4969.0128866
2093	-98.73568512034178	4971.866249458
2094	-98.73568512034178	4974.017418193
2095	-98.73568512034178	4976.3185862
2096	-98.73568512034178	4978.278408837
2097	-98.73568512034178	4980.208957301
2098	-98.73568512034178	4982.693152891
2099	-98.73568512034178	4984.898608364
2100	-98.73568512034178	4987.04392979
2101	-98.73568512034178	4989.520183761
2102	-98.73568512034178	4991.795592253
2103	-98.73568512034178	4993.62824036
2104	-98.73568512034178	4995.636890726
2105	-98.73568512034178	4998.127701672
2106	-98.73568512034178	5000.50300733
2107	-98.73568512034178	5003.718759595
2108	-98.73568512034178	5006.992192091
2109	-98.73568512034178	5009.675453309
2110	-98.73568512034178	5012.663810866
2111	-98.73568512034178	5015.009297248
2112	-98.73568512034178	5017.183840675
2113	-98.73568512034178	5019.716142704
2114	-98.73568512034178	5022.208704136
2115	-98.73568512034178	5024.100586527
2116	-98.73568512034178	5025.937876558
2117	-98.73568512034178	5027.542020648
2118	-98.73568512034178	5029.496801657
2119	-98.73568512034178	5031.407128584
2120	-98.73568512034178	5033.299900758
2121	-98.73568512034178	5035.107088129
2122	-98.73568512034178	5037.379207475
2123	-98.73568512034178	5039.584802359
2124	-98.73568512034178	5041.961739333
2125	-98.73568512034178	5044.27976247
2126	-98.73568512034178	5050.507033163
2127	-98.73568512034178	5052.882011816
2128	-98.73568512034178	5054.54107014
2129	-98.73568512034178	5057.015407129
2130	-98.73568512034178	5059.440918099
2131	-98.73568512034178	5061.560991756
2132	-98.73568512034178	5063.576919184
2133	-98.73568512034178	5065.846941083
2134	-98.73568512034178	5068.194124069
2135	-98.73568512034178	5070.141081772
2136	-98.73568512034178	5072.325600119
2137	-98.73568512034178	5074.491279072
2138	-98.73568512034178	5076.595167575
2139	-98.73568512034178	5079.448336853
2140	-98.73568512034178	5081.953260594
2141	-98.73568512034178	5084.444701601
2142	-98.73568512034178	5087.018495854
2143	-98.73568512034178	5089.988272883
2144	-98.73568512034178	5092.073730249
2145	-98.73568512034178	5093.828419571
2146	-98.73568512034178	5096.057398555
2147	-98.73568512034178	5097.8381399
2148	-98.73568512034178	5099.716571203
2149	-98.73568512034178	5101.839143437
2150	-98.73568512034178	5103.404560444
2151	-98.73568512034178	5105.007188397
2152	-98.73568512034178	5106.854569097
2153	-98.73568512034178	5109.378809481
2154	-98.73568512034178	5111.730021151
2155	-98.73568512034178	5114.379942736
2156	-98.73568512034178	5118.189882988
2157	-98.73568512034178	5120.751451778
2158	-98.73568512034178	5123.50309742
2159	-98.73568512034178	5126.26568246
2160	-98.73568512034178	5128.049914229
2161	-98.73568512034178	5129.710402592
2162	-98.73568512034178	5131.292321495
2163	-98.73568512034178	5133.001101324
2164	-98.73568512034178	5135.864388355
2165	-98.73568512034178	5141.128605709
2166	-98.73568512034178	5145.661755327
2167	-98.73568512034178	5148.096491416
2168	-98.73568512034178	5150.267828659
2169	-98.73568512034178	5152.796166435
2170	-98.73568512034178	5155.373813754
2171	-98.73568512034178	5157.539280026
2172	-98.73568512034178	5159.855601428
2173	-98.73568512034178	5162.354986049
2174	-98.73568512034178	5164.960291904
2175	-98.73568512034178	5167.899970835
2176	-98.73568512034178	5170.496888326
2177	-98.73568512034178	5172.378377277
2178	-98.73568512034178	5174.294433483
2179	-98.73568512034178	5176.636278341
2180	-98.73568512034178	5178.834077575
2181	-98.73568512034178	5180.901051347
2182	-98.73568512034178	5183.222325997
2183	-98.73568512034178	5185.547696329
2184	-98.73568512034178	5188.087892937
2185	-98.73568512034178	5190.329100806
2186	-98.73568512034178	5192.688622724
2187	-98.73568512034178	5195.299916154
2188	-98.73568512034178	5197.564751595
2189	-98.73568512034178	5199.893517984
2190	-98.73568512034178	5203.035460174
2191	-98.73568512034178	5205.114563902
2192	-98.73568512034178	5207.910269623
2193	-98.73568512034178	5210.948286534
2194	-98.73568512034178	5214.022972708
2195	-98.73568512034178	5216.440450827
2196	-98.73568512034178	5219.756122211
2197	-98.73568512034178	5222.267045217
2198	-98.73568512034178	5224.675203565
2199	-98.73568512034178	5226.91969659
2200	-98.73568512034178	5229.296975964
2201	-98.73568512034178	5231.351858837
2202	-98.73568512034178	5233.408742795
2203	-98.73568512034178	5236.380393757
2204	-98.73568512034178	5238.964373045
2205	-98.73568512034178	5241.400899533
2206	-98.73568512034178	5243.779530545
2207	-98.73568512034178	5246.429198965
2208	-98.73568512034178	5248.552372465
2209	-98.73568512034178	5251.798050346
2210	-98.73568512034178	5254.009899085
2211	-98.73568512034178	5256.579666364
2212	-98.73568512034178	5259.05784473
2213	-98.73568512034178	5261.369602038
2214	-98.73568512034178	5263.653375801
2215	-98.73568512034178	5265.735950282
2216	-98.73568512034178	5268.207199687
2217	-98.73568512034178	5270.563308157
2218	-98.73568512034178	5273.091324916
2219	-98.73568512034178	5276.075400623
2220	-98.73568512034178	5278.202529538
2221	-98.73568512034178	5280.409970701
2222	-98.73568512034178	5283.101038688
2223	-98.73568512034178	5285.515649603
2224	-98.73568512034178	5288.064800489
2225	-98.73568512034178	5290.130303453
2226	-98.73568512034178	5291.946209898
2227	-98.73568512034178	5294.670442471
2228	-98.73568512034178	5297.323366681
2229	-98.73568512034178	5299.987515955
2230	-98.73568512034178	5302.323821693
2231	-98.73568512034178	5304.800458833
2232	-98.73568512034178	5306.997514253
2233	-98.73568512034178	5310.042446153
2234	-98.73568512034178	5312.130894456
2235	-98.73568512034178	5314.509097539
2236	-98.73568512034178	5316.693560292
2237	-98.73568512034178	5319.299410964
2238	-98.73568512034178	5322.423315164
2239	-98.73568512034178	5324.859591054
2240	-98.73568512034178	5327.543370861
2241	-98.73568512034178	5330.059448107
2242	-98.73568512034178	5333.056791872
2243	-98.73568512034178	5334.900811867
2244	-98.73568512034178	5337.621248678
2245	-98.73568512034178	5340.108123311
2246	-98.73568512034178	5342.159970202
2247	-98.73568512034178	5344.358397216
2248	-98.73568512034178	5347.452084718
2249	-98.73568512034178	5349.452310799
2250	-98.73568512034178	5351.763754787
2251	-98.73568512034178	5353.755771829
2252	-98.73568512034178	5355.893016501
2253	-98.73568512034178	5358.97907998
2254	-98.73568512034178	5361.401327462
2255	-98.73568512034178	5363.671640727
2256	-98.73568512034178	5366.129084955
2257	-98.73568512034178	5368.200478561
2258	-98.73568512034178	5370.696064856
2259	-98.73568512034178	5372.731784182
2260	-98.73568512034178	5374.680187604
2261	-98.73568512034178	5376.536060158
2262	-98.73568512034178	5378.524039392
2263	-98.73568512034178	5381.137307393
2264	-98.73568512034178	5383.645272533
2265	-98.73568512034178	5386.10538839
2266	-98.73568512034178	5387.91351344
2267	-98.73568512034178	5390.462743582
2268	-98.73568512034178	5393.654676407
2269	-98.73568512034178	5396.202020643
2270	-98.73568512034178	5399.207817489
2271	-98.73568512034178	5402.075428848
2272	-98.73568512034178	5404.312710953
2273	-98.73568512034178	5406.513620864
2274	-98.73568512034178	5408.539207041
2275	-98.73568512034178	5411.036999405
2276	-98.73568512034178	5413.325472681
2277	-98.73568512034178	5415.874272615
2278	-98.73568512034178	5418.859428264
2279	-98.73568512034178	5420.880380215
2280	-98.73568512034178	5423.619153797
2281	-98.73568512034178	5426.242723437
2282	-98.73568512034178	5428.793338574
2283	-98.73568512034178	5430.787319353
2284	-98.73568512034178	5433.100317682
2285	-98.73568512034178	5435.24318073
2286	-98.73568512034178	5437.020060743
2287	-98.73568512034178	5439.508049243
2288	-98.73568512034178	5441.850480828
2289	-98.73568512034178	5443.740341037
2290	-98.73568512034178	5445.994202869
2291	-98.73568512034178	5448.931442238
2292	-98.73568512034178	5451.053017778
2293	-98.73568512034178	5453.249835999
2294	-98.73568512034178	5455.697407085
2295	-98.73568512034178	5458.483981769
2296	-98.73568512034178	5461.168034127
2297	-98.73568512034178	5463.25896276
2298	-98.73568512034178	5465.339820681
2299	-98.73568512034178	5467.678745592
2300	-98.73568512034178	5470.572256163
2301	-98.73568512034178	5472.463660164
2302	-98.73568512034178	5474.58938983
2303	-98.73568512034178	5476.818968941
2304	-98.73568512034178	5479.579577985
2305	-98.73568512034178	5481.943078125
2306	-98.73568512034178	5484.26762396
2307	-98.73568512034178	5486.546069574
2308	-98.73568512034178	5488.761605738
2309	-98.73568512034178	5491.206128583
2310	-98.73568512034178	5493.221658018
2311	-98.73568512034178	5495.521428488
2312	-98.73568512034178	5497.860465726
2313	-98.73568512034178	5500.192939212
2314	-98.73568512034178	5502.352437581
2315	-98.73568512034178	5504.791864915
2316	-98.73568512034178	5507.407373196
2317	-98.73568512034178	5509.789544238
2318	-98.73568512034178	5512.014004745
2319	-98.73568512034178	5514.150194278
2320	-98.73568512034178	5516.111911944
2321	-98.73568512034178	5517.871843031
2322	-98.73568512034178	5520.438333993
2323	-98.73568512034178	5522.778542119
2324	-98.73568512034178	5524.658710223
2325	-98.73568512034178	5526.842536928
2326	-98.73568512034178	5529.253707025
2327	-98.73568512034178	5531.997628861
2328	-98.73568512034178	5535.264336239
2329	-98.73568512034178	5537.626858502
2330	-98.73568512034178	5539.539260924
2331	-98.73568512034178	5541.429728672
2332	-98.73568512034178	5543.673677164
2333	-98.73568512034178	5545.94864946
2334	-98.73568512034178	5547.978922607
2335	-98.73568512034178	5549.7196853
2336	-98.73568512034178	5551.764919972
2337	-98.73568512034178	5558.188603765
2338	-98.73568512034178	5560.286437695
2339	-98.73568512034178	5562.159697651
2340	-98.73568512034178	5564.779899458
2341	-98.73568512034178	5566.449584431
2342	-98.73568512034178	5568.671997382
2343	-98.73568512034178	5570.822960848
2344	-98.73568512034178	5572.86050507
2345	-98.73568512034178	5574.861624925
2346	-98.73568512034178	5576.925767698
2347	-98.73568512034178	5578.644364219
2348	-98.73568512034178	5580.83733308
2349	-98.73568512034178	5582.854283716
2350	-98.73568512034178	5585.470386706
2351	-98.73568512034178	5587.125145221
2352	-98.73568512034178	5589.273987861
2353	-98.73568512034178	5591.341916703
2354	-98.73568512034178	5593.332046698
2355	-98.73568512034178	5595.983920331
2356	-98.73568512034178	5598.465388983
2357	-98.73568512034178	5601.263073267
2358	-98.73568512034178	5603.596821984
2359	-98.73568512034178	5607.129119737
2360	-98.73568512034178	5609.741911628
2361	-98.73568512034178	5612.294647019
2362	-98.73568512034178	5615.599644714
2363	-98.73568512034178	5617.997519385
2364	-98.73568512034178	5620.051024106
2365	-98.73568512034178	5621.907570055
2366	-98.73568512034178	5624.413199407
2367	-98.73568512034178	5626.372406237
2368	-98.73568512034178	5628.611464202
2369	-98.73568512034178	5630.463883964
2370	-98.73568512034178	5633.426886555
2371	-98.73568512034178	5635.550483992
2372	-98.73568512034178	5637.575330632
2373	-98.73568512034178	5639.696450875
2374	-98.73568512034178	5641.968356684
2375	-98.73568512034178	5644.241932868
2376	-98.73568512034178	5646.139094087
2377	-98.73568512034178	5648.107871286
2378	-98.73568512034178	5650.682411634
2379	-98.73568512034178	5653.466950451
2380	-98.73568512034178	5655.539380094
2381	-98.73568512034178	5657.797256926
2382	-98.73568512034178	5659.840542685
2383	-98.73568512034178	5661.443811248
2384	-98.73568512034178	5663.084459532
2385	-98.73568512034178	5665.306134941
2386	-98.73568512034178	5667.600496294
2387	-98.73568512034178	5669.351547798
2388	-98.73568512034178	5671.238300466
2389	-98.73568512034178	5672.905545592
2390	-98.73568512034178	5675.97451218
2391	-98.73568512034178	5678.716501639
2392	-98.73568512034178	5680.940788523
2393	-98.73568512034178	5683.156927948
2394	-98.73568512034178	5685.179247787
2395	-98.73568512034178	5687.197447997
2396	-98.73568512034178	5689.429965871
2397	-98.73568512034178	5691.501234891
2398	-98.73568512034178	5693.634456581
2399	-98.73568512034178	5695.75816264
2400	-98.73568512034178	5698.082549392
2401	-98.73568512034178	5699.968885251
2402	-98.73568512034178	5701.840445753
2403	-98.73568512034178	5703.745811164
2404	-98.73568512034178	5706.170567486
2405	-98.73568512034178	5707.895496832
2406	-98.73568512034178	5709.671788977
2407	-98.73568512034178	5711.395241814
2408	-98.73568512034178	5713.071993733
2409	-98.73568512034178	5714.906202166
2410	-98.73568512034178	5716.960615202
2411	-98.73568512034178	5719.563927099
2412	-98.73568512034178	5721.670315033
2413	-98.73568512034178	5724.078962891
2414	-98.73568512034178	5726.042883775
2415	-98.73568512034178	5728.173847224
2416	-98.73568512034178	5730.561098667
2417	-98.73568512034178	5732.622439522
2418	-98.73568512034178	5734.493590341
2419	-98.73568512034178	5737.10167046
2420	-98.73568512034178	5739.630221488
2421	-98.73568512034178	5741.585263073
2422	-98.73568512034178	5743.573740655
2423	-98.73568512034178	5746.022982971
2424	-98.73568512034178	5748.734157316
2425	-98.73568512034178	5750.929270381
2426	-98.73568512034178	5754.093613662
2427	-98.73568512034178	5757.170250744
2428	-98.73568512034178	5759.211879529
2429	-98.73568512034178	5761.161362038
2430	-98.73568512034178	5763.596643229
2431	-98.73568512034178	5766.786014471
2432	-98.73568512034178	5769.536879522
2433	-98.73568512034178	5772.459356933
2434	-98.73568512034178	5775.348526356
2435	-98.73568512034178	5777.67190216
2436	-98.73568512034178	5780.403737659
2437	-98.73568512034178	5782.372857258
2438	-98.73568512034178	5784.793442348
2439	-98.73568512034178	5787.034251654
2440	-98.73568512034178	5789.341488489
2441	-98.73568512034178	5791.640956473
2442	-98.73568512034178	5793.797946001
2443	-98.73568512034178	5796.451788219
2444	-98.73568512034178	5798.610941622
2445	-98.73568512034178	5800.107708782
2446	-98.73568512034178	5802.200229103
2447	-98.73568512034178	5804.792248083
2448	-98.73568512034178	5806.867229046
2449	-98.73568512034178	5809.589475929
2450	-98.73568512034178	5812.379058085
2451	-98.73568512034178	5814.789632903
2452	-98.73568512034178	5816.850393019
2453	-98.73568512034178	5819.333357282
2454	-98.73568512034178	5821.373358456
2455	-98.73568512034178	5823.907161513
2456	-98.73568512034178	5826.005745529
2457	-98.73568512034178	5827.893311005
2458	-98.73568512034178	5829.680922295
2459	-98.73568512034178	5831.831733235
2460	-98.73568512034178	5834.548036163
2461	-98.73568512034178	5836.713491601
2462	-98.73568512034178	5839.699586355
2463	-98.73568512034178	5842.092809123
2464	-98.73568512034178	5844.719639115
2465	-98.73568512034178	5847.037324984
2466	-98.73568512034178	5849.093661273
2467	-98.73568512034178	5851.576311646
2468	-98.73568512034178	5854.29880143
2469	-98.73568512034178	5856.62489562
2470	-98.73568512034178	5858.98906887
2471	-98.73568512034178	5860.759200957
2472	-98.73568512034178	5862.396345703
2473	-98.73568512034178	5864.579961723
2474	-98.73568512034178	5866.718692313
2475	-98.73568512034178	5869.015020825
2476	-98.73568512034178	5871.943970188
2477	-98.73568512034178	5875.054603765
2478	-98.73568512034178	5878.45654076
2479	-98.73568512034178	5880.908106034
2480	-98.73568512034178	5882.96973284
2481	-98.73568512034178	5884.854783489
2482	-98.73568512034178	5886.754669935
2483	-98.73568512034178	5889.309722297
2484	-98.73568512034178	5891.552442313
2485	-98.73568512034178	5893.993326771
2486	-98.73568512034178	5896.862670655
2487	-98.73568512034178	5899.215805864
2488	-98.73568512034178	5901.387949642
2489	-98.73568512034178	5903.666937508
2490	-98.73568512034178	5906.885572373
2491	-98.73568512034178	5909.46467938
2492	-98.73568512034178	5911.572775037
2493	-98.73568512034178	5914.092253757
2494	-98.73568512034178	5916.020458166
2495	-98.73568512034178	5918.061141574
2496	-98.73568512034178	5920.257566363
2497	-98.73568512034178	5923.038323103
2498	-98.73568512034178	5925.494115202
2499	-98.73568512034178	5929.73446693
2500	-98.73568512034178	5932.129224081
2501	-98.73568512034178	5934.785571148
