1	-46.55964032238994	1.659532359
2	-46.53127731010099	2.632837718
3	-46.60276187842977	3.272388083
4	-46.61757480557017	3.818765649
5	-46.61757480557017	4.263029436
6	-46.61757480557017	4.636384345
7	-46.61757480557017	5.074545026
8	-46.61757480557017	5.58995033
9	-46.61757480557017	6.115202942
10	-46.61757480557017	6.576799871
11	-46.61757480557017	7.006204032
12	-46.61757480557017	7.448531714
13	-46.61757480557017	7.794328419
14	-46.61757480557017	8.143221011
15	-46.61757480557017	8.474086815
16	-46.61757480557017	8.793866559
17	-46.61757480557017	9.118021712
18	-46.61757480557017	9.472363109
19	-46.61757480557017	9.939174777
20	-46.61757480557017	10.243252999
21	-46.61757480557017	10.571221061
22	-46.61757480557017	10.98330605
23	-46.61757480557017	11.413497083
24	-46.61757480557017	11.842916924
25	-46.61757480557017	12.209067962
26	-46.61757480557017	12.522850086
27	-46.61757480557017	12.869707928
28	-46.61757480557017	13.208431336
29	-46.61757480557017	13.552760069
30	-46.61757480557017	14.059090399
31	-46.61757480557017	14.445724062
32	-46.61757480557017	14.869362959
33	-46.61757480557017	15.323046975
34	-46.61757480557017	15.634351307
35	-46.61757480557017	15.977896873
36	-46.61757480557017	16.286419213
37	-46.61757480557017	16.591708534
38	-46.61757480557017	16.880116594
39	-46.61757480557017	17.148101614
40	-46.61757480557017	17.429758254
41	-46.61757480557017	17.733570479
42	-46.61757480557017	18.076562099
43	-46.61757480557017	18.367192503
44	-46.61757480557017	18.648140387
45	-46.61757480557017	19.000329859
46	-46.61757480557017	19.322425175
47	-46.6175748055752	19.63165627
48	-46.6175748055752	19.95727911
49	-46.6175748055752	20.249129167
50	-46.6175748055752	20.654685397
51	-46.61757480558398	21.154755246
52	-46.61757480558398	21.444954296
53	-46.61757480558398	21.785977595
54	-46.617574805654385	22.144143305
55	-46.617574805654385	22.471236969
56	-46.617574805654385	22.753993519
57	-46.617574805654385	23.126994907
58	-46.617574805654385	23.431617382
59	-46.617574805654385	23.743894185
60	-46.617574805654385	24.052911741
61	-46.617574805654385	24.391371433
62	-46.617574805654385	24.72926777
63	-46.617574805654385	25.122162485
64	-46.617574805654385	25.532064189
65	-46.617574805654385	26.157581714
66	-46.617574805654385	26.649154198
67	-46.617574805654385	27.045355487
68	-46.617574805654385	27.33076545
69	-46.617574805654385	27.648342808
70	-46.617574805654385	27.972680424
71	-46.617574805654385	28.260573026
72	-46.617574805654385	28.582059941
73	-46.617574805654385	28.847463677
74	-46.617574805654385	29.122999534
75	-46.617574805654385	29.389417367
76	-46.617574805654385	29.667931365
77	-46.617574805654385	29.951113282
78	-46.617574805654385	30.243772733
79	-46.617574805654385	30.626842664
80	-46.617574805654385	30.955448492
81	-46.617574805654385	31.221974092
82	-46.617574805654385	31.525409416
83	-46.617574805654385	31.81256846
84	-46.617574805654385	32.065707538
85	-46.617574805654385	32.339726956
86	-46.617574805654385	32.594924446
87	-46.617574805654385	32.850228849
88	-46.617574805654385	33.110007019
89	-46.617574805654385	33.375271628
90	-46.617574805654385	33.632074794
91	-46.617574805654385	33.893419582
92	-46.617574805654385	34.161240955
93	-46.617574805654385	34.413322318
94	-46.617574805654385	34.727847979
95	-46.617574805654385	35.064390382
96	-46.617574805654385	35.389834466
97	-46.617574805654385	35.759714024
98	-46.617574805654385	36.048532626
99	-46.617574805654385	36.310327869
100	-46.617574805654385	36.561022512
101	-46.617574805654385	36.811561491
102	-46.617574805654385	37.109173961
103	-46.617574805654385	37.396308771
104	-46.617574805654385	37.735746922
105	-46.617574805654385	37.991012836
106	-46.617574805654385	38.243001256
107	-46.617574805654385	38.525129735
108	-46.617574805654385	38.784874548
109	-46.617574805654385	39.033453474
110	-46.617574805654385	39.283211283
111	-46.617574805654385	39.527046168
112	-46.617574805654385	39.775124175
113	-46.617574805654385	40.040397051
114	-46.617574805654385	40.307517652
115	-46.617574805654385	40.582556297
116	-46.617574805654385	40.865583406
117	-46.617574805654385	41.121888505
118	-46.617574805654385	41.363792417
119	-46.617574805654385	41.584048504
120	-46.617574805654385	41.861546695
121	-46.617574805654385	42.139973737
122	-46.617574805654385	42.405382321
123	-46.617574805654385	42.654466726
124	-46.617574805654385	42.909699284
125	-46.617574805654385	43.185808189
126	-46.617574805654385	43.454084295
127	-46.617574805654385	43.735071808
128	-46.617574805654385	43.98752722
129	-46.617574805654385	44.242567051
130	-46.617574805654385	44.497504817
131	-46.617574805654385	44.76286978
132	-46.617574805654385	45.043131147
133	-46.617574805654385	45.324530343
134	-46.617574805654385	45.559751543
135	-46.617574805654385	45.856982551
136	-46.617574805654385	46.108027295
137	-46.617574805654385	46.366306701
138	-46.617574805654385	46.672592727
139	-46.617574805654385	46.93755
140	-46.617574805654385	47.198014117
141	-46.617574805654385	47.426715966
142	-46.617574805654385	47.676971557
143	-46.617574805654385	47.928177382
144	-46.617574805654385	48.184557462
145	-46.617574805654385	48.424251574
146	-46.617574805654385	48.696263327
147	-46.617574805654385	48.950171031
148	-46.617574805654385	49.202626728
149	-46.617574805654385	49.467414367
150	-46.617574805654385	49.704760121
151	-46.617574805654385	49.929359971
152	-46.617574805654385	50.180682686
153	-46.617574805654385	50.470882592
154	-46.617574805654385	50.710123682
155	-46.617574805654385	50.996895276
156	-46.617574805654385	51.249143136
157	-46.617574805654385	51.507958244
158	-46.617574805654385	51.802440046
159	-46.617574805654385	52.069890505
160	-46.617574805654385	52.330462961
161	-46.617574805654385	52.598583117
162	-46.617574805654385	52.872064268
163	-46.617574805654385	53.11834758
164	-46.617574805654385	53.368443231
165	-46.617574805654385	53.606702156
166	-46.617574805654385	53.845771047
167	-46.617574805654385	54.093063322
168	-46.617574805654385	54.324002055
169	-46.617574805654385	54.570295631
170	-46.617574805654385	54.809445204
171	-46.617574805654385	55.072666226
172	-46.617574805654385	55.331065374
173	-46.617574805654385	55.569964916
174	-46.617574805654385	55.834762818
175	-46.617574805654385	56.101043803
176	-46.617574805654385	56.340472489
177	-46.617574805654385	56.596601397
178	-46.617574805654385	56.874796084
179	-46.617574805654385	57.109853636
180	-46.617574805654385	57.385658056
181	-46.617574805654385	57.624581832
182	-46.617574805654385	57.87287737
183	-46.617574805654385	58.164541542
184	-46.617574805654385	58.452663363
185	-46.617574805654385	58.746015604
186	-46.617574805654385	59.083494272
187	-46.617574805654385	59.316229411
188	-46.617574805654385	59.535775603
189	-46.617574805654385	59.875192941
190	-46.617574805654385	60.135143881
191	-46.617574805654385	60.391393671
192	-46.617574805654385	60.665413088
193	-46.617574805654385	60.945632546
194	-46.617574805654385	61.213217287
195	-46.617574805654385	61.475814228
196	-46.617574805654385	61.730594334
197	-46.617574805654385	62.020807069
198	-46.617574805654385	62.297927219
199	-46.617574805654385	62.54819564
200	-46.617574805654385	62.807399621
201	-46.617574805654385	63.045123417
202	-46.617574805654385	63.295148363
203	-46.617574805654385	63.540165551
204	-46.617574805654385	63.778032181
205	-46.617574805654385	64.003252691
206	-46.617574805654385	64.244679917
207	-46.617574805654385	64.511129111
208	-46.617574805654385	64.748402735
209	-46.617574805654385	64.981709497
210	-46.617574805654385	65.240366945
211	-46.617574805654385	65.522631985
212	-46.617574805654385	65.768134412
213	-46.617574805654385	66.017390447
214	-46.617574805654385	66.252670947
215	-46.617574805654385	66.489219281
216	-46.617574805654385	66.767894644
217	-46.617574805654385	67.008711189
218	-46.617574805654385	67.241371633
219	-46.617574805654385	67.500831633
220	-46.617574805654385	67.753129956
221	-46.617574805654385	68.007347277
222	-46.617574805654385	68.294812232
223	-46.617574805654385	68.56384898
224	-46.617574805654385	68.79506711
225	-46.617574805654385	69.080282921
226	-46.617574805654385	69.32897161
227	-46.617574805654385	69.577488384
228	-46.617574805654385	69.835296523
229	-46.617574805654385	70.097151922
230	-46.617574805654385	70.418052959
231	-46.617574805654385	70.697007719
232	-46.617574805654385	70.985620195
233	-46.617574805654385	71.253825026
234	-46.617574805654385	71.534460728
235	-46.617574805654385	71.779222183
236	-46.617574805654385	72.038860655
237	-46.617574805654385	72.289306407
238	-46.617574805654385	72.544231913
239	-46.617574805654385	72.859068332
240	-46.617574805654385	73.19224201
241	-46.617574805654385	73.451588827
242	-46.617574805654385	73.701787968
243	-46.617574805654385	73.975568188
244	-46.617574805654385	74.219539064
245	-46.617574805654385	74.455347282
246	-46.617574805654385	74.698858865
247	-46.617574805654385	74.942189695
248	-46.617574805654385	75.272386943
249	-46.617574805654385	75.627380075
250	-46.617574805654385	75.879843755
251	-46.617574805654385	76.119484839
252	-46.617574805654385	76.391507425
253	-46.617574805654385	76.626777376
254	-46.617574805654385	76.871255159
255	-46.617574805654385	77.154291391
256	-46.617574805654385	77.429704655
257	-46.617574805654385	77.682984002
258	-46.617574805654385	77.934443565
259	-46.617574805654385	78.196860893
260	-46.617574805654385	78.458063417
261	-46.617574805654385	78.721134761
262	-46.617574805654385	78.973069013
263	-46.617574805654385	79.218647561
264	-46.617574805654385	79.476941508
265	-46.617574805654385	79.730759691
266	-46.617574805654385	79.953494996
267	-46.617574805654385	80.253026465
268	-46.617574805654385	80.691528408
269	-46.617574805654385	81.129587879
270	-46.617574805654385	81.712904819
271	-46.617574805654385	81.9857636
272	-46.617574805654385	82.249015412
273	-46.617574805654385	82.505067914
274	-46.617574805654385	82.746637975
275	-46.617574805654385	83.012319112
276	-46.617574805654385	83.259950941
277	-46.617574805654385	83.507710208
278	-46.617574805654385	83.762748043
279	-46.617574805654385	84.047035573
280	-46.617574805654385	84.298174115
281	-46.617574805654385	84.543352954
282	-46.617574805654385	84.797569991
283	-46.617574805654385	85.068863865
284	-46.617574805654385	85.334143584
285	-46.617574805654385	85.601066041
286	-46.617574805654385	85.880598981
287	-46.617574805654385	86.145087836
288	-46.617574805654385	86.423180173
289	-46.617574805654385	86.66416008
290	-46.617574805654385	86.900242562
291	-46.617574805654385	87.159993078
292	-46.617574805654385	87.47988287
293	-46.617574805654385	87.760185007
294	-46.617574805654385	88.025846472
295	-46.617574805654385	88.319843892
296	-46.617574805654385	88.596518433
297	-46.617574805654385	88.8899314
298	-46.617574805654385	89.198099932
299	-46.617574805654385	89.513333493
300	-46.617574805654385	89.79216167
301	-46.617574805654385	90.076937573
302	-46.617574805654385	90.35929299
303	-46.617574805654385	90.643253227
304	-46.617574805654385	90.893329776
305	-46.617574805654385	91.166577716
306	-46.617574805654385	91.480766391
307	-46.617574805654385	91.738061923
308	-46.617574805654385	92.018675101
309	-46.617574805654385	92.264760555
310	-46.617574805654385	92.502110015
311	-46.617574805654385	92.726499177
312	-46.617574805654385	92.967497045
313	-46.617574805654385	93.219547617
314	-46.617574805654385	93.464082134
315	-46.617574805654385	93.726065827
316	-46.617574805654385	93.958248446
317	-46.617574805654385	94.197145707
318	-46.617574805654385	94.464405151
319	-46.617574805654385	94.709473087
320	-46.617574805654385	94.956390458
321	-46.617574805654385	95.208981862
322	-46.617574805654385	95.487717096
323	-46.617574805654385	95.728469494
324	-46.617574805654385	96.010884781
325	-46.617574805654385	96.253482623
326	-46.617574805654385	96.504828146
327	-46.617574805654385	96.756383216
328	-46.617574805654385	96.986864366
329	-46.617574805654385	97.245311411
330	-46.617574805654385	97.486706706
331	-46.617574805654385	97.726903162
332	-46.617574805654385	97.951850262
333	-46.617574805654385	98.223742274
334	-46.617574805654385	98.477770004
335	-46.617574805654385	98.728514254
336	-46.617574805654385	98.97683203
337	-46.617574805654385	99.226469812
338	-46.617574805654385	99.482231228
339	-46.617574805654385	99.729261498
340	-46.617574805654385	99.96402711
341	-46.617574805654385	100.208625489
342	-46.617574805654385	100.472554125
343	-46.617574805654385	100.823070923
344	-46.617574805654385	101.163430227
345	-46.617574805654385	101.413359951
346	-46.617574805654385	101.653764813
347	-46.617574805654385	101.908223043
348	-46.617574805654385	102.15258422
349	-46.617574805654385	102.405524585
350	-46.617574805654385	102.673638184
351	-46.617574805654385	102.938319196
352	-46.617574805654385	103.252914136
353	-46.617574805654385	103.593744993
354	-46.617574805654385	103.841562991
355	-46.617574805654385	104.119427534
356	-46.617574805654385	104.380430773
357	-46.617574805654385	104.684091611
358	-46.617574805654385	104.95055962
359	-46.617574805654385	105.207217101
360	-46.617574805654385	105.456178344
361	-46.617574805654385	105.76691647
362	-46.617574805654385	106.011596387
363	-46.617574805654385	106.267576759
364	-46.617574805654385	106.51195105
365	-46.617574805654385	106.746758001
366	-46.617574805654385	107.015469737
367	-46.617574805654385	107.271378834
368	-46.617574805654385	107.509069843
369	-46.617574805654385	107.763739331
370	-46.617574805654385	108.057554287
371	-46.617574805654385	108.313404369
372	-46.617574805654385	108.559823958
373	-46.61757480566835	108.842280869
374	-46.61757480566835	109.11256578
375	-46.61757480566835	109.379143268
376	-46.61757480566835	109.637646192
377	-46.61757480566835	109.896766925
378	-46.61757480566835	110.216040334
379	-46.61757480566835	110.47408653
380	-46.61757480566835	110.743203106
381	-46.61757480566835	111.018451014
382	-46.61757480566835	111.285301911
383	-46.61757480566835	111.553873664
384	-46.61757480566835	111.801868708
385	-46.61757480566835	112.048297135
386	-46.61757480566835	112.296206364
387	-46.61757480566835	112.566635819
388	-46.61757480566835	112.805255395
389	-46.61757480566835	113.057171115
390	-46.61757480566835	113.32077759
391	-46.61757480566835	113.568632935
392	-46.61757480566835	113.810706766
393	-46.61757480566835	114.07600245
394	-46.61757480566835	114.32988193
395	-46.61757480566835	114.609075887
396	-46.61757480566835	114.908312849
397	-46.61757480566835	115.173661277
398	-46.61757480566835	115.514657777
399	-46.61757480566835	115.790610733
400	-46.61757480566835	116.050229533
401	-46.61757480566835	116.337489216
402	-46.61757480566835	116.578473115
403	-46.61757480566835	116.842548292
404	-46.61757480566835	117.110481424
405	-46.61757480566835	117.369082422
406	-46.61757480566835	117.625831134
407	-46.61757480566835	117.893422433
408	-46.61757480566835	118.134588794
409	-46.61757480566835	118.408702009
410	-46.61757480566835	118.658373433
411	-46.61757480566835	118.922112194
412	-46.61757480566835	119.202476481
413	-46.61757480566835	119.455258046
414	-46.61757480566835	119.753985537
415	-46.61757480566835	120.014676023
416	-46.61757480566835	120.266297521
417	-46.61757480566835	120.526213109
418	-46.61757480566835	120.759682663
419	-46.61757480566835	120.994833443
420	-46.61757480566835	121.225416943
421	-46.61757480566835	121.447191465
422	-46.61757480566835	121.679447354
423	-46.61757480566835	121.945499975
424	-46.61757480566835	122.184096457
425	-46.61757480566835	122.418516244
426	-46.61757480566835	122.660311248
427	-46.61757480566835	122.910435124
428	-46.61757480566835	123.160807605
429	-46.61757480566835	123.435625869
430	-46.61757480566835	123.695941735
431	-46.61757480566835	123.937272884
432	-46.61757480566835	124.225536114
433	-46.61757480566835	124.469030591
434	-46.61757480566835	124.707623937
435	-46.61757480566835	124.960729944
436	-46.61757480566835	125.219713545
437	-46.61757480566835	125.467680649
438	-46.61757480566835	125.712880871
439	-46.61757480566835	125.951396955
440	-46.61757480566835	126.229075899
441	-46.61757480566835	126.536389135
442	-46.61757480566835	126.823914245
443	-46.61757480566835	127.227117556
444	-46.61757480566835	127.483680669
445	-46.61757480566835	127.730214868
446	-46.61757480566835	127.996663491
447	-46.61757480566835	128.248251348
448	-46.61757480566835	128.495939911
449	-46.61757480566835	128.744850121
450	-46.61757480566835	128.994470797
451	-46.61757480566835	129.289282173
452	-46.61757480566835	129.552644034
453	-46.61757480566835	129.783132881
454	-46.61757480566835	130.030525226
455	-46.61757480566835	130.290774665
456	-46.61757480566835	130.554170167
457	-46.61757480566835	130.852844629
458	-46.61757480566835	131.120618391
459	-46.61757480566835	131.35380199
460	-46.61757480566835	131.620242916
461	-46.61757480566835	131.883505847
462	-46.61757480566835	132.128200019
463	-46.61757480566835	132.358603051
464	-46.61757480566835	132.585871139
465	-46.61757480566835	132.849043409
466	-46.61757480566835	133.110198606
467	-46.61757480566835	133.357861795
468	-46.61757480566835	133.622266831
469	-46.61757480566835	133.889833041
470	-46.61757480566835	134.13671677
471	-46.61757480566835	134.395338866
472	-46.61757480566835	134.650464226
473	-46.61757480566835	134.902244525
474	-46.61757480566835	135.147839608
475	-46.61757480566835	135.398149083
476	-46.61757480566835	135.657794968
477	-46.61757480566835	135.921227532
478	-46.61757480566835	136.193318828
479	-46.61757480566835	136.445778516
480	-46.61757480566835	136.686273185
481	-46.61757480566835	136.923602404
482	-46.61757480566835	137.166205948
483	-46.61757480566835	137.425463528
484	-46.61757480566835	137.696094548
485	-46.61757480566835	137.971792626
486	-46.61757480566835	138.227108148
487	-46.61757480566835	138.497010171
488	-46.61757480566835	138.77876631
489	-46.61757480566835	139.05402049
490	-46.61757480566835	139.314879469
491	-46.61757480566835	139.553870813
492	-46.61757480566835	139.829896755
493	-46.61757480566835	140.07029506
494	-46.61757480566835	140.326167665
495	-46.61757480566835	140.578857998
496	-46.61757480566835	140.885976512
497	-46.61757480566835	141.13820356
498	-46.61757480566835	141.37894826
499	-46.61757480566835	141.616439985
500	-46.61757480566835	141.857640843
501	-46.61757480566835	142.116441981
502	-46.61757480566835	142.376932328
503	-46.61757480566835	142.621270126
504	-46.61757480566835	142.8950187
505	-46.61757480566835	143.169392495
506	-46.61757480566835	143.431603697
507	-46.61757480566835	143.679857896
508	-46.61757480566835	143.936614876
509	-46.61757480566835	144.18325057
510	-46.61757480566835	144.435338489
511	-46.61757480566835	144.68673419
512	-46.61757480566835	144.930683969
513	-46.61757480566835	145.206861868
514	-46.61757480566835	145.464841637
515	-46.61757480566835	145.783136302
516	-46.61757480566835	146.05916538
517	-46.61757480566835	146.327776191
518	-46.61757480566835	146.575441091
519	-46.61757480566835	146.837149379
520	-46.61757480566835	147.108834979
521	-46.61757480566835	147.34219705
522	-46.61757480566835	147.588165328
523	-46.61757480566835	147.891479486
524	-46.61757480566835	148.249943408
525	-46.61757480566835	148.564073923
526	-46.61757480566835	148.883540629
527	-46.61757480566835	149.114627613
528	-46.61757480566835	149.333735608
529	-46.61757480566835	149.576822964
530	-46.61757480566835	149.830206942
531	-46.61757480566835	150.069390442
532	-46.61757480566835	150.323657086
533	-46.61757480566835	150.613062707
534	-46.61757480566835	150.881562329
535	-46.61757480566835	151.131077804
536	-46.61757480566835	151.38327007
537	-46.61757480566835	151.634540897
538	-46.61757480566835	151.881197973
539	-46.61757480566835	152.118914641
540	-46.61757480566835	152.375217174
541	-46.61757480566835	152.654616688
542	-46.61757480566835	152.961952447
543	-46.61757480566835	153.241024383
544	-46.61757480566835	153.502665102
545	-46.61757480566835	153.729745025
546	-46.61757480566835	153.987434848
547	-46.61757480566835	154.261321695
548	-46.61757480566835	154.510586568
549	-46.61757480566835	154.76216074
550	-46.61757480566835	155.017139845
551	-46.61757480566835	155.326447631
552	-46.61757480566835	155.63581928
553	-46.61757480566835	155.922326018
554	-46.61757480566835	156.189184042
555	-46.61757480566835	156.448957081
556	-46.61757480566835	156.719044133
557	-46.61757480566835	157.010185719
558	-46.61757480566835	157.253672213
559	-46.61757480566835	157.53091182
560	-46.61757480566835	157.784255599
561	-46.61757480566835	158.090056387
562	-46.61757480566835	158.324427993
563	-46.61757480566835	158.566230409
564	-46.61757480566835	158.815178823
565	-46.61757480566835	159.051397297
566	-46.61757480566835	159.286525555
567	-46.61757480566835	159.54384646
568	-46.61757480566835	159.796429881
569	-46.61757480566835	160.032831674
570	-46.61757480566835	160.29930339
571	-46.61757480566835	160.549441236
572	-46.61757480566835	160.801027382
573	-46.61757480566835	161.069303772
574	-46.61757480566835	161.346992694
575	-46.61757480566835	161.596142673
576	-46.61757480566835	161.838881068
577	-46.61757480566835	162.0890976
578	-46.61757480566835	162.344179341
579	-46.61757480566835	162.62956108
580	-46.61757480566835	162.85858395
581	-46.61757480566835	163.090964996
582	-46.61757480566835	163.31931988
583	-46.61757480566835	163.546548055
584	-46.61757480566835	163.781750723
585	-46.61757480566835	164.02481185
586	-46.61757480566835	164.264478877
587	-46.61757480566835	164.508719172
588	-46.61757480566835	165.031529058
589	-46.61757480566835	165.350162991
590	-46.61757480566835	165.676514259
591	-46.61757480566835	166.1850159
592	-46.61757480566835	166.59973406
593	-46.61757480566835	166.980036539
594	-46.61757480566835	167.408221333
595	-46.61757480566835	167.839749764
596	-46.61757480566835	168.156728984
597	-46.61757480566835	168.400925659
598	-46.61757480566835	168.633678759
599	-46.61757480566835	168.89240349
600	-46.61757480566835	169.121176899
601	-46.61757480566835	169.358460502
602	-46.61757480566835	169.613404825
603	-46.61757480566835	169.847525544
604	-46.61757480566835	170.093624682
605	-46.61757480566835	170.514185938
606	-46.61757480566835	170.784353673
607	-46.61757480566835	171.027482653
608	-46.61757480566835	171.302662423
609	-46.61757480566835	171.553535252
610	-46.61757480566835	171.798460354
611	-46.61757480566835	172.049704382
612	-46.61757480566835	172.277534684
613	-46.61757480566835	172.518225216
614	-46.61757480566835	172.769025345
615	-46.61757480566835	173.006368249
616	-46.61757480566835	173.227696021
617	-46.61757480566835	173.476064259
618	-46.61757480566835	173.717825336
619	-46.61757480566835	173.966819366
620	-46.61757480566835	174.21958354
621	-46.61757480566835	174.466257151
622	-46.61757480566835	174.710638855
623	-46.61757480566835	174.960678341
624	-46.61757480566835	175.217828472
625	-46.61757480566835	175.466791141
626	-46.61757480566835	175.707597138
627	-46.61757480566835	175.957371767
628	-46.61757480566835	176.240456181
629	-46.61757480566835	176.492024081
630	-46.61757480566835	176.729323649
631	-46.61757480566835	176.958615653
632	-46.61757480566835	177.207455444
633	-46.61757480566835	177.462070478
634	-46.61757480566835	177.69917846
635	-46.61757480566835	177.988219725
636	-46.61757480566835	178.239015863
637	-46.61757480566835	178.49656
638	-46.61757480566835	178.737073486
639	-46.61757480566835	178.959877784
640	-46.61757480566835	179.196764245
641	-46.61757480566835	179.46141304
642	-46.61757480566835	179.694603767
643	-46.61757480566835	179.963832387
644	-46.61757480566835	180.245868208
645	-46.61757480566835	180.507100382
646	-46.61757480566835	180.78590632
647	-46.61757480566835	181.051166938
648	-46.61757480566835	181.283264311
649	-46.61757480566835	181.501657564
650	-46.61757480566835	181.729941743
651	-46.61757480566835	181.998389193
652	-46.61757480566835	182.234491918
653	-46.61757480566835	182.471323924
654	-46.61757480566835	182.715518888
655	-46.61757480566835	182.943083479
656	-46.61757480566835	183.189879113
657	-46.61757480566835	183.427494
658	-46.61757480566835	183.682699759
659	-46.61757480566835	183.912581916
660	-46.61757480566835	184.178003899
661	-46.61757480566835	184.411981784
662	-46.61757480566835	184.670533745
663	-46.61757480566835	184.908520401
664	-46.61757480566835	185.230411871
665	-46.61757480566835	185.523906661
666	-46.61757480566835	185.793375905
667	-46.61757480566835	186.127892397
668	-46.61757480566835	186.364417923
669	-46.61757480566835	186.614133252
670	-46.61757480566835	186.916477789
671	-46.61757480566835	187.153704372
672	-46.61757480566835	187.390738229
673	-46.61757480566835	187.621355371
674	-46.61757480566835	187.850001055
675	-46.61757480566835	188.082809465
676	-46.61757480566835	188.322958594
677	-46.61757480566835	188.561789998
678	-46.61757480566835	188.803449865
679	-46.61757480566835	189.089764731
680	-46.61757480566835	189.336467708
681	-46.61757480566835	189.59571417
682	-46.61757480566835	189.845343114
683	-46.61757480566835	190.112192586
684	-46.61757480566835	190.374211061
685	-46.61757480566835	190.619436372
686	-46.61757480566835	190.867741033
687	-46.61757480566835	191.106748342
688	-46.61757480566835	191.391748619
689	-46.61757480566835	191.624735785
690	-46.61757480566835	191.86170578
691	-46.61757480566835	192.140549351
692	-46.61757480566835	192.387653177
693	-46.61757480566835	192.609565402
694	-46.61757480566835	192.835639782
695	-46.61757480566835	193.071892753
696	-46.61757480566835	193.34138794
697	-46.61757480566835	193.613176176
698	-46.61757480566835	193.862368634
699	-46.61757480566835	194.098875058
700	-46.61757480566835	194.341650231
701	-46.61757480566835	194.58224668
702	-46.61757480566835	194.853339275
703	-46.61757480566835	195.117183522
704	-46.61757480566835	195.365267232
705	-46.61757480566835	195.613784291
706	-46.61757480566835	195.904110495
707	-46.61757480566835	196.15885639
708	-46.61757480566835	196.400271072
709	-46.61757480566835	196.622742376
710	-46.61757480566835	196.863427775
711	-46.61757480566835	197.103539557
712	-46.61757480566835	197.329113874
713	-46.61757480566835	197.562189136
714	-46.61757480566835	197.787402518
715	-46.61757480566835	198.057501259
716	-46.61757480566835	198.29699124
717	-46.61757480566835	198.543799989
718	-46.61757480566835	198.800373936
719	-46.61757480566835	199.051743692
720	-46.61757480566835	199.32192112
721	-46.61757480566835	199.560925009
722	-46.61757480566835	199.806833701
723	-46.61757480566835	200.069319453
724	-46.61757480566835	200.369029679
725	-46.61757480566835	200.618090706
726	-46.61757480566835	200.867104693
727	-46.61757480566835	201.123870511
728	-46.61757480566835	201.349478184
729	-46.61757480566835	201.605865107
730	-46.61757480566835	201.826808566
731	-46.61757480566835	202.069708042
732	-46.61757480566835	202.327161233
733	-46.61757480566835	202.626243102
734	-46.61757480566835	202.869430527
735	-46.61757480566835	203.120625803
736	-46.61757480566835	203.373456975
737	-46.61757480566835	203.622821633
738	-46.61757480566835	203.868550998
739	-46.61757480566835	204.119110789
740	-46.61757480566835	204.378624673
741	-46.61757480566835	204.652636678
742	-46.61757480566835	204.964081279
743	-46.61757480566835	205.219246268
744	-46.61757480566835	205.486669643
745	-46.61757480566835	205.725946941
746	-46.61757480566835	205.996310539
747	-46.61757480566835	206.275532721
748	-46.61757480566835	206.553433757
749	-46.61757480566835	206.821151069
750	-46.61757480566835	207.169322646
751	-46.61757480566835	207.486446411
752	-46.61757480566835	207.736222751
753	-46.61757480566835	207.995334361
754	-46.61757480566835	208.265563677
755	-46.61757480566835	208.509829916
756	-46.61757480566835	208.736338787
757	-46.61757480566835	208.973243493
758	-46.61757480566835	209.213046798
759	-46.61757480566835	209.500613247
760	-46.61757480566835	209.753868076
761	-46.61757480566835	210.036164192
762	-46.61757480566835	210.273466041
763	-46.61757480566835	210.519981994
764	-46.61757480566835	210.79330577
765	-46.61757480566835	211.045176445
766	-46.61757480566835	211.270286051
767	-46.61757480566835	211.495698147
768	-46.61757480566835	211.709861391
769	-46.61757480566835	211.94791248
770	-46.61757480566835	212.243654417
771	-46.61757480566835	212.477697304
772	-46.61757480566835	212.744939357
773	-46.61757480566835	212.996175687
774	-46.61757480566835	213.242814517
775	-46.61757480566835	213.522905965
776	-46.61757480566835	213.767597856
777	-46.61757480566835	214.002450423
778	-46.61757480566835	214.249407708
779	-46.61757480566835	214.546482197
780	-46.61757480566835	214.812679078
781	-46.61757480566835	215.050022837
782	-46.61757480566835	215.314529368
783	-46.61757480566835	215.55873203
784	-46.61757480566835	215.817737868
785	-46.61757480566835	216.076990317
786	-46.61757480566835	216.325828967
787	-46.61757480566835	216.571772727
788	-46.61757480566835	216.858569124
789	-46.61757480566835	217.098313414
790	-46.61757480566835	217.35154572
791	-46.61757480566835	217.608974962
792	-46.61757480566835	217.867707106
793	-46.61757480566835	218.149976138
794	-46.61757480566835	218.433883916
795	-46.61757480566835	218.709585986
796	-46.61757480566835	218.973773207
797	-46.61757480566835	219.275277273
798	-46.61757480566835	219.528943214
799	-46.61757480566835	219.783914051
800	-46.61757480566835	220.04290877
801	-46.61757480566835	220.308782065
802	-46.61757480566835	220.564023175
803	-46.61757480566835	220.846706455
804	-46.61757480566835	221.101363399
805	-46.61757480566835	221.361170364
806	-46.61757480566835	221.646635637
807	-46.61757480566835	221.909218323
808	-46.61757480566835	222.176862649
809	-46.61757480566835	222.443001085
810	-46.61757480566835	222.707221663
811	-46.61757480566835	222.967963752
812	-46.61757480566835	223.211969125
813	-46.61757480566835	223.456475987
814	-46.61757480566835	223.699050166
815	-46.61757480566835	223.993527406
816	-46.61757480566835	224.240906922
817	-46.61757480566835	224.481903935
818	-46.61757480566835	224.73476048
819	-46.61757480566835	225.011279928
820	-46.61757480566835	225.256180511
821	-46.61757480566835	225.506703525
822	-46.61757480566835	225.758618104
823	-46.61757480566835	226.026014396
824	-46.61757480566835	226.282165826
825	-46.61757480566835	226.530424301
826	-46.61757480566835	226.76385223
827	-46.61757480566835	227.012709698
828	-46.61757480566835	227.278362896
829	-46.61757480566835	227.524935297
830	-46.61757480566835	227.827018969
831	-46.61757480566835	228.091063926
832	-46.61757480566835	228.359671316
833	-46.61757480566835	228.62479309
834	-46.61757480566835	228.882856962
835	-46.61757480566835	229.118205601
836	-46.61757480566835	229.431255877
837	-46.61757480566835	229.724725294
838	-46.61757480566835	229.989929746
839	-46.61757480566835	230.326216416
840	-46.61757480566835	230.59333217
841	-46.61757480566835	230.86912148
842	-46.61757480566835	231.158394815
843	-46.61757480566835	231.404923027
844	-46.61757480566835	231.66348183
845	-46.61757480566835	231.944655228
846	-46.61757480566835	232.192700449
847	-46.61757480566835	232.441581579
848	-46.61757480566835	232.698411545
849	-46.61757480566835	232.973092391
850	-46.61757480566835	233.238455644
851	-46.61757480566835	233.533467444
852	-46.61757480566835	233.794944232
853	-46.61757480566835	234.029708704
854	-46.61757480566835	234.284587169
855	-46.61757480566835	234.532538593
856	-46.61757480566835	234.786579723
857	-46.61757480566835	235.044292069
858	-46.61757480566835	235.317729315
859	-46.61757480566835	235.623175725
860	-46.61757480566835	235.908394388
861	-46.61757480566835	236.22390649
862	-46.61757480566835	236.485422052
863	-46.61757480566835	236.762364301
864	-46.61757480566835	237.012341065
865	-46.61757480566835	237.24807031
866	-46.61757480566835	237.51150316
867	-46.61757480566835	237.768176891
868	-46.61757480566835	237.996127506
869	-46.61757480566835	238.260227486
870	-46.61757480566835	238.497434683
871	-46.61757480566835	238.728210054
872	-46.61757480566835	238.958397267
873	-46.61757480566835	239.199499481
874	-46.61757480566835	239.424181725
875	-46.61757480566835	239.68950991
876	-46.61757480566835	239.934962159
877	-46.61757480566835	240.17582489
878	-46.61757480566835	240.461335208
879	-46.61757480566835	240.70848522
880	-46.61757480566835	240.957517738
881	-46.61757480566835	241.195401188
882	-46.61757480566835	241.420538734
883	-46.61757480566835	241.659040279
884	-46.61757480566835	241.90782305
885	-46.61757480566835	242.149150492
886	-46.61757480566835	242.421507499
887	-46.61757480566835	242.689908478
888	-46.61757480566835	242.940730275
889	-46.61757480566835	243.187037535
890	-46.61757480566835	243.451403512
891	-46.61757480566835	243.718007514
892	-46.61757480566835	243.959990113
893	-46.61757480566835	244.177102417
894	-46.61757480566835	244.426594229
895	-46.61757480566835	244.647053306
896	-46.61757480566835	244.899321123
897	-46.61757480566835	245.138211542
898	-46.61757480566835	245.391350051
899	-46.61757480566835	245.647909743
900	-46.61757480566835	245.921663448
901	-46.61757480566835	246.165001121
902	-46.61757480566835	246.402436681
903	-46.61757480566835	246.643733903
904	-46.61757480566835	246.890534954
905	-46.61757480566835	247.151002493
906	-46.61757480566835	247.431394435
907	-46.61757480566835	247.67379955
908	-46.61757480566835	247.8859289
909	-46.61757480566835	248.119657323
910	-46.61757480566835	248.386148711
911	-46.61757480566835	248.655183179
912	-46.61757480566835	248.903875004
913	-46.61757480566835	249.142478899
914	-46.61757480566835	249.372517005
915	-46.61757480566835	249.651232282
916	-46.61757480566835	249.911093701
917	-46.61757480566835	250.150599363
918	-46.61757480566835	250.398917709
919	-46.61757480566835	250.683263969
920	-46.61757480566835	250.969596512
921	-46.61757480566835	251.23932491
922	-46.61757480566835	251.50647459
923	-46.61757480566835	251.835632369
924	-46.61757480566835	252.134642393
925	-46.61757480566835	252.371998126
926	-46.61757480566835	252.608009333
927	-46.61757480566835	252.856253838
928	-46.61757480566835	253.076909064
929	-46.61757480566835	253.293078262
930	-46.61757480566835	253.523968243
931	-46.61757480566835	253.774854187
932	-46.61757480566835	254.027317581
933	-46.61757480566835	254.277243598
934	-46.61757480566835	254.524849483
935	-46.61757480566835	254.772207616
936	-46.61757480566835	255.01731176
937	-46.61757480566835	255.287969294
938	-46.61757480566835	255.549345728
939	-46.61757480566835	255.817530886
940	-46.61757480566835	256.058859184
941	-46.61757480566835	256.308010303
942	-46.61757480566835	256.592945007
943	-46.61757480566835	256.827869703
944	-46.61757480566835	257.067588904
945	-46.61757480566835	257.306076194
946	-46.61757480566835	257.541097539
947	-46.61757480566835	257.798137052
948	-46.61757480566835	258.048357576
949	-46.61757480566835	258.285350948
950	-46.61757480566835	258.517245902
951	-46.61757480566835	258.744045003
952	-46.61757480566835	259.011466953
953	-46.61757480566835	259.257581201
954	-46.61757480566835	259.519680359
955	-46.61757480566835	259.775310345
956	-46.61757480566835	260.02206635
957	-46.61757480566835	260.282078016
958	-46.61757480566835	260.599713533
959	-46.61757480566835	260.862390302
960	-46.61757480566835	261.102939709
961	-46.61757480566835	261.374023466
962	-46.61757480566835	261.616149185
963	-46.61757480566835	261.858839113
964	-46.61757480566835	262.098818894
965	-46.61757480566835	262.329213088
966	-46.61757480566835	262.55909496
967	-46.61757480566835	262.805348337
968	-46.61757480566835	263.03740209
969	-46.61757480566835	263.290395198
970	-46.61757480566835	263.559521753
971	-46.61757480566835	263.803410806
972	-46.61757480566835	264.045514572
973	-46.61757480566835	264.283523181
974	-46.61757480566835	264.530441977
975	-46.61757480566835	264.806205913
976	-46.61757480566835	265.066305675
977	-46.61757480566835	265.324469332
978	-46.61757480566835	265.57821453
979	-46.61757480566835	265.871247746
980	-46.61757480566835	266.143275179
981	-46.61757480566835	266.387924305
982	-46.61757480566835	266.612503343
983	-46.61757480566835	266.84541895
984	-46.61757480566835	267.076038657
985	-46.61757480566835	267.325177232
986	-46.61757480566835	267.567007588
987	-46.61757480566835	267.793243904
988	-46.61757480566835	268.065789361
989	-46.61757480566835	268.340102716
990	-46.61757480566835	268.589656964
991	-46.61757480566835	268.867257505
992	-46.61757480566835	269.124094883
993	-46.61757480566835	269.376567401
994	-46.61757480566835	269.637705207
995	-46.61757480566835	269.887521461
996	-46.61757480566835	270.14622481
997	-46.61757480566835	270.42468977
998	-46.61757480566835	270.695564265
999	-46.61757480566835	270.959992109
1000	-46.61757480566835	271.201188405
1001	-46.61757480566835	271.428535466
1002	-46.61757480566835	271.717511728
1003	-46.61757480566835	272.000147967
1004	-46.61757480566835	272.277038612
1005	-46.61757480566835	272.613973882
1006	-46.61757480566835	272.83209401
1007	-46.61757480566835	273.105865107
1008	-46.61757480566835	273.34225293
1009	-46.61757480566835	273.57854496
1010	-46.61757480566835	273.826507217
1011	-46.61757480566835	274.050056478
1012	-46.61757480566835	274.300825532
1013	-46.61757480566835	274.530919233
1014	-46.61757480566835	274.781083022
1015	-46.61757480566835	275.026538977
1016	-46.61757480566835	275.337769183
1017	-46.61757480566835	275.582878744
1018	-46.61757480566835	275.823803627
1019	-46.61757480566835	276.087871676
1020	-46.61757480566835	276.332271341
1021	-46.61757480566835	276.558962104
1022	-46.61757480566835	276.792325316
1023	-46.61757480566835	277.028849987
1024	-46.61757480566835	277.279823456
1025	-46.61757480566835	277.542815828
1026	-46.61757480566835	277.769104032
1027	-46.61757480566835	278.006362832
1028	-46.61757480566835	278.265934591
1029	-46.61757480566835	278.523231263
1030	-46.61757480566835	278.804069099
1031	-46.61757480566835	279.039314247
1032	-46.61757480566835	279.288441702
1033	-46.61757480566835	279.548090438
1034	-46.61757480566835	279.814335501
1035	-46.61757480566835	280.103946108
1036	-46.61757480566835	280.373201527
1037	-46.61757480566835	280.626255076
1038	-46.61757480566835	280.883532076
1039	-46.61757480566835	281.129632354
1040	-46.61757480566835	281.357860939
1041	-46.61757480566835	281.586426511
1042	-46.61757480566835	281.818520179
1043	-46.61757480566835	282.051932998
1044	-46.61757480566835	282.334067178
1045	-46.61757480566835	282.566128344
1046	-46.61757480566835	282.789177257
1047	-46.61757480566835	283.023244662
1048	-46.61757480566835	283.255881728
1049	-46.61757480566835	283.528535808
1050	-46.61757480566835	283.800040941
1051	-46.61757480566835	284.056833843
1052	-46.61757480566835	284.342892121
1053	-46.61757480566835	284.649166457
1054	-46.61757480566835	284.921688537
1055	-46.61757480566835	285.187025276
1056	-46.61757480566835	285.44717778
1057	-46.61757480566835	285.738268619
1058	-46.61757480566835	286.025268577
1059	-46.61757480566835	286.291095686
1060	-46.61757480566835	286.539393504
1061	-46.61757480566835	286.798223152
1062	-46.61757480566835	287.081635714
1063	-46.61757480566835	287.335754676
1064	-46.61757480566835	287.631709868
1065	-46.61757480566835	287.898787704
1066	-46.61757480566835	288.157256987
1067	-46.61757480566835	288.409911112
1068	-46.61757480566835	288.650261236
1069	-46.61757480566835	288.893278173
1070	-46.61757480566835	289.150134938
1071	-46.61757480566835	289.428625272
1072	-46.61757480566835	289.680566081
1073	-46.61757480566835	289.931736268
1074	-46.61757480566835	290.175062537
1075	-46.61757480566835	290.443734074
1076	-46.61757480566835	290.705399597
1077	-46.61757480566835	290.965423523
1078	-46.61757480566835	291.218395249
1079	-46.61757480566835	291.468393966
1080	-46.61757480566835	291.705051777
1081	-46.61757480566835	291.987290873
1082	-46.61757480566835	292.270794382
1083	-46.61757480566835	292.523559126
1084	-46.61757480566835	292.784280688
1085	-46.61757480566835	293.053254145
1086	-46.61757480566835	293.328430778
1087	-46.61757480566835	293.603762789
1088	-46.61757480568617	293.968716982
1089	-46.61757480568617	294.207499634
1090	-46.61757480568617	294.513544181
1091	-46.61757480568617	294.773076597
1092	-46.61757480568617	295.010439742
1093	-46.61757480568617	295.316637958
1094	-46.61757480568617	295.58435698
1095	-46.61757480568617	295.844091246
1096	-46.61757480568617	296.094749111
1097	-46.61757480568617	296.325497683
1098	-46.61757480568617	296.566358989
1099	-46.61757480568617	296.842049084
1100	-46.61757480568617	297.108222302
1101	-46.61757480568617	297.385977367
1102	-46.61757480568617	297.634397208
1103	-46.61757480568617	297.878769218
1104	-46.61757480568617	298.130443175
1105	-46.61757480568617	298.347025481
1106	-46.61757480568617	298.568334437
1107	-46.61757480568617	298.816613724
1108	-46.61757480568617	299.095882093
1109	-46.61757480568617	299.342089568
1110	-46.61757480568617	299.586754375
1111	-46.61757480568617	299.824904107
1112	-46.61757480568617	300.0701508
1113	-46.61757480568617	300.344157103
1114	-46.61757480568617	300.597027904
1115	-46.61757480568617	300.845527002
1116	-46.61757480568617	301.080935797
1117	-46.61757480568617	301.346757773
1118	-46.61757480568617	301.575202178
1119	-46.61757480568617	301.80798778
1120	-46.61757480568617	302.049022711
1121	-46.61757480568617	302.280360582
1122	-46.61757480568617	302.540472888
1123	-46.61757480568617	302.781141182
1124	-46.61757480568617	303.025932572
1125	-46.61757480568617	303.263445109
1126	-46.61757480568617	303.538249403
1127	-46.61757480568617	303.776550524
1128	-46.61757480568617	304.024361679
1129	-46.61757480568617	304.254101857
1130	-46.61757480568617	304.476963746
1131	-46.61757480568617	304.724692222
1132	-46.61757480568617	304.975872673
1133	-46.61757480568617	305.225790137
1134	-46.61757480568617	305.49230918
1135	-46.61757480568617	305.74357516
1136	-46.61757480568617	306.013233709
1137	-46.61757480568617	306.260571315
1138	-46.61757480568617	306.510156069
1139	-46.61757480568617	306.754304562
1140	-46.61757480568617	306.990097099
1141	-46.61757480568617	307.252692044
1142	-46.61757480568617	307.484226063
1143	-46.61757480568617	307.709053992
1144	-46.61757480568617	307.941402537
1145	-46.61757480568617	308.22422466
1146	-46.61757480568617	308.465116472
1147	-46.61757480568617	308.713590196
1148	-46.61757480568617	308.958906168
1149	-46.61757480568617	309.213276017
1150	-46.61757480568617	309.442865664
1151	-46.61757480568617	309.68312085
1152	-46.61757480568617	309.912338727
1153	-46.61757480568617	310.163802851
1154	-46.61757480568617	310.446535453
1155	-46.61757480568617	310.688655755
1156	-46.61757480568617	310.94776765
1157	-46.61757480568617	311.197626383
1158	-46.61757480568617	311.428406601
1159	-46.61757480568617	311.677403197
1160	-46.61757480568617	311.925470655
1161	-46.61757480568617	312.177771544
1162	-46.61757480568617	312.42792621
1163	-46.61757480568617	312.682509028
1164	-46.61757480568617	312.972044368
1165	-46.61757480568617	313.217815358
1166	-46.61757480568617	313.473264021
1167	-46.61757480568617	313.712789069
1168	-46.61757480568617	313.99436303
1169	-46.61757480568617	314.296581269
1170	-46.61757480568617	314.571919552
1171	-46.61757480568617	314.921396596
1172	-46.61757480568617	315.180072575
1173	-46.61757480568617	315.467891907
1174	-46.61757480568617	315.724078405
1175	-46.61757480568617	315.978865924
1176	-46.61757480568617	316.240000593
1177	-46.61757480568617	316.495809335
1178	-46.61757480568617	316.738395203
1179	-46.61757480568617	316.974488519
1180	-46.61757480568617	317.217234042
1181	-46.61757480568617	317.46326276
1182	-46.61757480568617	317.741002145
1183	-46.61757480568617	317.993638309
1184	-46.61757480568617	318.241226517
1185	-46.61757480568617	318.478264365
1186	-46.61757480568617	318.730234254
1187	-46.61757480568617	318.975074682
1188	-46.61757480568617	319.211513538
1189	-46.61757480568617	319.450971588
1190	-46.61757480568617	319.687849211
1191	-46.61757480568617	319.965881391
1192	-46.61757480568617	320.221786212
1193	-46.61757480568617	320.49676242
1194	-46.61757480568617	320.754410049
1195	-46.61757480568617	321.040872311
1196	-46.61757480568617	321.346507742
1197	-46.61757480568617	321.602329598
1198	-46.61757480568617	321.852491392
1199	-46.61757480568617	322.104696202
1200	-46.61757480568617	322.381508731
1201	-46.61757480568617	322.640322128
1202	-46.61757480568617	322.8961169
1203	-46.61757480568617	323.149731523
1204	-46.61757480568617	323.402799897
1205	-46.61757480568617	323.656438753
1206	-46.61757480568617	323.920168391
1207	-46.61757480568617	324.260322709
1208	-46.61757480568617	324.51630251
1209	-46.61757480568617	324.836228225
1210	-46.61757480568617	325.117929911
1211	-46.61757480568617	325.398826192
1212	-46.61757480568617	325.680946973
1213	-46.61757480568617	326.014331053
1214	-46.61757480568617	326.267642902
1215	-46.61757480568617	326.538875195
1216	-46.61757480568617	326.823281041
1217	-46.61757480568617	327.123075086
1218	-46.61757480568617	327.432107752
1219	-46.61757480568617	327.699920002
1220	-46.61757480568617	327.986826163
1221	-46.61757480568617	328.27630762
1222	-46.61757480568617	328.561317019
1223	-46.61757480568617	328.833546587
1224	-46.61757480568617	329.105110736
1225	-46.61757480568617	329.364460118
1226	-46.61757480568617	329.628809845
1227	-46.61757480568617	329.943690169
1228	-46.61757480568617	330.212325784
1229	-46.61757480568617	330.474131861
1230	-46.61757480568617	330.745132939
1231	-46.61757480568617	331.016702789
1232	-46.61757480568617	331.30048712
1233	-46.61757480568617	331.564957159
1234	-46.61757480568617	331.815967976
1235	-46.61757480568617	332.075665463
1236	-46.61757480568617	332.379109626
1237	-46.61757480568617	332.601925043
1238	-46.61757480568617	332.838143518
1239	-46.61757480568617	333.062563756
1240	-46.61757480568617	333.278462395
1241	-46.61757480568617	333.506104532
1242	-46.61757480568617	333.733207548
1243	-46.61757480568617	333.980020288
1244	-46.61757480568617	334.217099475
1245	-46.61757480568617	334.495077772
1246	-46.61757480568617	334.748975783
1247	-46.61757480568617	334.992548092
1248	-46.61757480568617	335.245866783
1249	-46.61757480568617	335.506239669
1250	-46.61757480568617	335.762848968
1251	-46.61757480568617	336.050718192
1252	-46.61757480568617	336.329564615
1253	-46.61757480568617	336.612198858
1254	-46.61757480568617	337.029473782
1255	-46.61757480568617	337.285519156
1256	-46.61757480568617	337.537359326
1257	-46.61757480568617	337.790459346
1258	-46.61757480568617	338.031620005
1259	-46.61757480568617	338.272388083
1260	-46.61757480568617	338.525611836
1261	-46.61757480568617	338.750278969
1262	-46.61757480568617	338.981367664
1263	-46.61757480568617	339.271638559
1264	-46.61757480568617	339.525946542
1265	-46.61757480568617	339.794819929
1266	-46.61757480568617	340.065946451
1267	-46.61757480568617	340.30596358
1268	-46.61757480568617	340.564390382
1269	-46.61757480568617	340.828691643
1270	-46.61757480568617	341.067062327
1271	-46.61757480568617	341.309555822
1272	-46.61757480568617	341.596694054
1273	-46.61757480568617	341.853517177
1274	-46.61757480568617	342.090880607
1275	-46.61757480568617	342.315457649
1276	-46.61757480568617	342.560492229
1277	-46.61757480568617	342.79554522
1278	-46.61757480568617	343.01807725
1279	-46.61757480568617	343.266383336
1280	-46.61757480568617	343.516750686
1281	-46.61757480568617	343.778712997
1282	-46.61757480568617	344.123569732
1283	-46.61757480568617	344.398578727
1284	-46.61757480568617	344.636818265
1285	-46.61757480568617	344.873767163
1286	-46.61757480568617	345.117367696
1287	-46.61757480568617	345.370165797
1288	-46.61757480568617	345.622014234
1289	-46.61757480568617	345.887061597
1290	-46.61757480568617	346.151970688
1291	-46.61757480568617	346.444018032
1292	-46.61757480568617	346.671794736
1293	-46.61757480568617	346.891415053
1294	-46.61757480568617	347.15077869
1295	-46.61757480568617	347.417068799
1296	-46.61757480568617	347.651383955
1297	-46.61757480568617	347.897569763
1298	-46.61757480568617	348.131725263
1299	-46.61757480568617	348.384152451
1300	-46.61757480568617	348.727968576
1301	-46.61757480568617	349.034634638
1302	-46.61757480568617	349.299565966
1303	-46.61757480568617	349.576823819
1304	-46.61757480568617	349.850295847
1305	-46.61757480568617	350.121077114
1306	-46.61757480568617	350.445405607
1307	-46.61757480568617	350.720719658
1308	-46.61757480568617	350.979920503
1309	-46.61757480568617	351.283924885
1310	-46.61757480568617	351.555050266
1311	-46.61757480568617	351.815701694
1312	-46.61757480568617	352.090096586
1313	-46.61757480568617	352.345257299
1314	-46.61757480568617	352.605533822
1315	-46.61757480568617	352.873241156
1316	-46.61757480568617	353.127185923
1317	-46.61757480568617	353.467352785
1318	-46.61757480568617	353.742600978
1319	-46.61757480568617	354.036655987
1320	-46.61757480568617	354.274116351
1321	-46.61757480568617	354.515930742
1322	-46.61757480568617	354.742880375
1323	-46.61757480568617	355.015306091
1324	-46.61757480568617	355.258224953
1325	-46.61757480568617	355.506696397
1326	-46.61757480568617	355.762757451
1327	-46.61757480568617	356.016337578
1328	-46.61757480568617	356.311856853
1329	-46.61757480568617	356.625705406
1330	-46.61757480568617	356.892487309
1331	-46.61757480568617	357.191194843
1332	-46.61757480568617	357.446591903
1333	-46.61757480568617	357.727767296
1334	-46.61757480568617	358.010126134
1335	-46.61757480568617	358.31270046
1336	-46.61757480568617	358.655282679
1337	-46.61757480568617	359.238262632
1338	-46.61757480568617	359.552208973
1339	-46.61757480568617	359.86231247
1340	-46.61757480568617	360.234666968
1341	-46.61757480568617	360.610998593
1342	-46.61757480568617	361.574866902
1343	-46.61757480568617	361.871903758
1344	-46.61757480568617	362.186499554
1345	-46.61757480568617	362.519753059
1346	-46.61757480568617	362.813087054
1347	-46.61757480568617	363.131401106
1348	-46.61757480568617	363.441639454
1349	-46.61757480568617	363.768469403
1350	-46.61757480568617	364.06143391
1351	-46.61757480568617	364.379577188
1352	-46.61757480568617	364.721603749
1353	-46.61757480568617	365.0435568
1354	-46.61757480568617	365.39117443
1355	-46.61757480568617	365.723887674
1356	-46.61757480568617	366.051141849
1357	-46.61757480568617	366.426202504
1358	-46.61757480568617	366.725542101
1359	-46.61757480568617	367.042468293
1360	-46.61757480568617	367.334945852
1361	-46.61757480568617	367.658620613
1362	-46.61757480572214	368.000431355
1363	-46.61757480572214	368.354549234
1364	-46.61757480572214	368.670037958
1365	-46.61757480572214	368.982675412
1366	-46.61757480572214	369.296272507
1367	-46.61757480572214	369.643654075
1368	-46.61757480572214	370.077363511
1369	-46.61757480572214	370.409173847
1370	-46.61757480572214	370.738186511
1371	-46.61757480572214	371.056634274
1372	-46.61757480572214	371.376701113
1373	-46.61757480572214	371.685006207
1374	-46.61757480572214	371.969222177
1375	-46.61757480572214	372.279150053
1376	-46.61757480572214	372.579228056
1377	-46.61757480572214	372.89971513
1378	-46.61757480572214	373.25291157
1379	-46.61757480572214	373.570802536
1380	-46.61757480572214	373.889742094
1381	-46.61757480572214	374.231083278
1382	-46.61757480572214	374.583815008
1383	-46.61757480572214	374.964733014
1384	-46.61757480572214	375.403079009
1385	-46.61757480572214	375.913452893
1386	-46.61757480572214	376.234168901
1387	-46.61757480572214	376.510814362
1388	-46.61757480572214	376.788422601
1389	-46.61757480572214	377.066585357
1390	-46.61757480572214	377.375385097
1391	-46.61757480572214	377.657825188
1392	-46.61757480572214	377.955107229
1393	-46.61757480572214	378.3044919
1394	-46.61757480572214	378.594350828
1395	-46.61757480572214	378.898661975
1396	-46.61757480572214	379.206482402
1397	-46.61757480572214	379.518533122
1398	-46.61757480572214	379.761989966
1399	-46.61757480572214	380.036280797
1400	-46.61757480572214	380.294382018
1401	-46.61757480572214	380.550740145
1402	-46.61757480572214	380.799436531
1403	-46.61757480572214	381.053624773
1404	-46.61757480572214	381.283017986
1405	-46.61757480572214	381.537625323
1406	-46.61757480572214	381.78746524
1407	-46.61757480572214	382.036417645
1408	-46.61757480572214	382.352237084
1409	-46.61757480572214	382.588318711
1410	-46.61757480572214	382.830090907
1411	-46.61757480572214	383.082221877
1412	-46.61757480572214	383.340659513
1413	-46.61757480572214	383.585508209
1414	-46.61757480572214	383.826046783
1415	-46.61757480572214	384.098328809
1416	-46.61757480572214	384.554037881
1417	-46.61757480572214	384.906329703
1418	-46.61757480572214	385.180363946
1419	-46.61757480572214	385.685955871
1420	-46.61757480572214	385.957809394
1421	-46.61757480572214	386.388329716
1422	-46.61757480572214	386.79615191
1423	-46.61757480572214	387.237159871
1424	-46.61757480572214	387.66761405
1425	-46.61757480572214	388.082963418
1426	-46.61757480572214	388.508373918
1427	-46.61757480572214	388.966772325
1428	-46.61757480572214	389.383010916
1429	-46.61757480572214	389.821397964
1430	-46.61757480572214	390.271703562
1431	-46.61757480572214	390.787328392
1432	-46.61757480572214	391.205887401
1433	-46.61757480572214	391.895129318
1434	-46.61757480572214	392.529156468
1435	-46.61757480572214	393.051326593
1436	-46.61757480572214	393.49343646
1437	-46.61757480572214	393.915300047
1438	-46.61757480572214	394.337291358
1439	-46.61757480572214	394.647131709
1440	-46.61757480572214	395.015109373
1441	-46.61757480572214	395.383660655
1442	-46.61757480572214	395.800961809
1443	-46.61757480572214	396.183393689
1444	-46.61757480572214	396.575917776
1445	-46.61757480572214	397.090533927
1446	-46.61757480572214	397.528233033
1447	-46.61757480572214	398.033464593
1448	-46.61757480572214	398.500834199
1449	-46.61757480572214	398.963736024
1450	-46.61757480572214	399.392704269
1451	-46.61757480572214	399.834154703
1452	-46.61757480572214	400.219213482
1453	-46.61757480572214	400.707564066
1454	-46.61757480572214	401.087325427
1455	-46.61757480572214	401.59036857
1456	-46.61757480572214	402.111403148
1457	-46.61757480572214	402.560729431
1458	-46.61757480572214	402.965994005
1459	-46.61757480572214	403.452746897
1460	-46.61757480572214	403.865672072
1461	-46.61757480572214	404.282853769
1462	-46.61757480572214	404.658923673
1463	-46.61757480572214	405.095723863
1464	-46.61757480572214	405.445766542
1465	-46.61757480572214	405.820292352
1466	-46.61757480572214	406.26058386
1467	-46.61757480572214	406.641438004
1468	-46.61757480572214	407.030514678
1469	-46.61757480572214	407.376317655
1470	-46.61757480572214	407.687443515
1471	-46.61757480572214	408.086271988
1472	-46.61757480572214	408.448510331
1473	-46.61757480572214	408.938182918
1474	-46.61757480572214	409.28996527
1475	-46.61757480572214	409.763644108
1476	-46.61757480572214	410.364701026
1477	-46.61757480572214	410.931495645
1478	-46.61757480572214	411.300015852
1479	-46.61757480572214	411.814691589
1480	-46.61757480572214	412.33901649
1481	-46.61757480572214	412.845479106
1482	-46.61757480572214	413.439713328
1483	-46.61757480572214	413.955856468
1484	-46.61757480572214	414.526353948
1485	-46.61757480572214	414.982354961
1486	-46.61757480572214	415.541816843
1487	-46.61757480572214	416.158112282
1488	-46.61757480572214	416.629098079
1489	-46.61757480572214	417.04524886
1490	-46.61757480572214	417.515403309
1491	-46.61757480572214	417.93641103
1492	-46.61757480572214	418.249504071
1493	-46.61757480572214	418.664936974
1494	-46.61757480572214	418.98121143
1495	-46.61757480572214	419.387656598
1496	-46.61757480572214	419.817776927
1497	-46.61757480572214	420.271617462
1498	-46.61757480572214	420.702049974
1499	-46.61757480572214	421.03049415
1500	-46.61757480572214	421.433985981
1501	-46.61757480572214	421.819772902
1502	-46.61757480572214	422.065754579
1503	-46.61757480572214	422.554530531
1504	-46.61757480572214	423.074245957
1505	-46.61757480572214	423.613064417
1506	-46.61757480572214	423.980949424
1507	-46.61757480572214	424.406260994
1508	-46.61757480572214	424.791769944
1509	-46.61757480572214	425.064717391
1510	-46.61757480572214	425.350496842
1511	-46.61757480572214	425.696845498
1512	-46.61757480572214	426.214468015
1513	-46.61757480572214	426.745553745
1514	-46.61757480572214	427.151363428
1515	-46.61757480572214	427.563045572
1516	-46.61757480572214	428.031934184
1517	-46.61757480572214	428.449385014
1518	-46.61757480572214	428.712149593
1519	-46.61757480572214	429.165934534
1520	-46.61757480572214	429.477312991
1521	-46.61757480572214	429.755945875
1522	-46.61757480572214	430.043580748
1523	-46.61757480572214	430.307886855
1524	-46.61757480572214	430.57822907
1525	-46.61757480572214	430.863351654
1526	-46.61757480572214	431.154682831
1527	-46.61757480572214	431.412634374
1528	-46.61757480572214	431.633720669
1529	-46.61757480572214	431.891249981
1530	-46.61757480572214	432.135667892
1531	-46.61757480572214	432.369741
1532	-46.61757480572214	432.693240141
1533	-46.61757480572214	432.944175977
1534	-46.61757480572214	433.183819341
1535	-46.61757480572214	433.43152558
1536	-46.61757480572214	433.744234593
1537	-46.61757480572214	433.992243322
1538	-46.61757480572214	434.225508745
1539	-46.61757480572214	434.472239091
1540	-46.61757480572214	434.726529113
1541	-46.61757480572214	434.995303285
1542	-46.61757480572214	435.25775226
1543	-46.61757480572214	435.515096258
1544	-46.61757480572214	435.803805383
1545	-46.61757480572214	436.102844772
1546	-46.61757480572214	436.364959325
1547	-46.61757480572214	436.611530016
1548	-46.61757480572214	436.850386509
1549	-46.61757480572214	437.097258264
1550	-46.61757480572214	437.345493361
1551	-46.61757480572214	437.580914414
1552	-46.61757480572214	437.808106096
1553	-46.61757480572214	438.050140012
1554	-46.61757480572214	438.300767087
1555	-46.61757480572214	438.557742452
1556	-46.61757480572214	438.815470764
1557	-46.61757480572214	439.08137998
1558	-46.61757480572214	439.328714736
1559	-46.61757480572214	439.577184754
1560	-46.61757480572214	439.832357726
1561	-46.61757480572214	440.087773317
1562	-46.61757480572214	440.33184911
1563	-46.61757480572214	440.662375077
1564	-46.61757480572214	440.917398658
1565	-46.61757480572214	441.166167744
1566	-46.61757480572214	441.388829779
1567	-46.61757480572214	441.650193668
1568	-46.61757480572214	441.90068532
1569	-46.61757480572214	442.138100069
1570	-46.61757480572214	442.381878504
1571	-46.61757480572214	442.616158593
1572	-46.61757480572214	442.865227603
1573	-46.61757480572214	443.125548316
1574	-46.61757480572214	443.371144825
1575	-46.61757480572214	443.626661056
1576	-46.61757480572214	443.899537228
1577	-46.61757480572214	444.160135057
1578	-46.61757480572214	444.445332622
1579	-46.61757480572214	444.706950819
1580	-46.61757480572214	444.960390962
1581	-46.61757480572214	445.239281289
1582	-46.61757480572214	445.526063147
1583	-46.61757480572214	445.790607027
1584	-46.61757480572214	446.066742446
1585	-46.61757480572214	446.326143146
1586	-46.61757480572214	446.565356867
1587	-46.61757480572214	446.807976376
1588	-46.61757480572214	447.06016237
1589	-46.61757480572214	447.296758315
1590	-46.61757480572214	447.532006028
1591	-46.61757480572214	447.864449284
1592	-46.61757480572214	448.187489986
1593	-46.61757480572214	448.513132499
1594	-46.61757480572214	448.870864003
1595	-46.61757480572214	449.130230776
1596	-46.61757480572214	449.399887329
1597	-46.61757480572214	449.728042701
1598	-46.61757480572214	450.021428014
1599	-46.61757480572214	450.295048863
1600	-46.61757480572214	450.583533901
1601	-46.61757480572214	450.848904566
1602	-46.61757480572214	451.111037366
1603	-46.61757480572214	451.373899448
1604	-46.61757480572214	451.637125032
1605	-46.61757480572214	451.899031178
1606	-46.61757480572214	452.17872919
1607	-46.61757480572214	452.418714388
1608	-46.61757480572214	452.697966221
1609	-46.61757480572214	452.975730124
1610	-46.61757480572214	453.236280341
1611	-46.61757480572214	453.49718237
1612	-46.61757480572214	453.757032671
1613	-46.61757480572214	454.022145322
1614	-46.61757480572214	454.278913706
1615	-46.61757480572214	454.508156957
1616	-46.61757480572214	454.763574544
1617	-46.61757480572214	455.022410464
1618	-46.61757480572214	455.3133636
1619	-46.61757480572214	455.590852668
1620	-46.61757480572214	455.814274775
1621	-46.61757480572214	456.085085692
1622	-46.61757480572214	456.320117586
1623	-46.61757480572214	456.557557423
1624	-46.61757480572214	456.814128519
1625	-46.61757480572214	457.066252362
1626	-46.61757480572214	457.331727658
1627	-46.61757480572214	457.58062618
1628	-46.61757480572214	457.863169191
1629	-46.61757480572214	458.187328335
1630	-46.61757480572214	458.440467699
1631	-46.61757480572214	458.693094455
1632	-46.61757480572214	458.945057502
1633	-46.61757480572214	459.187337173
1634	-46.61757480572214	459.464061037
1635	-46.61757480572214	459.734591132
1636	-46.61757480572214	459.98394125
1637	-46.61757480572214	460.247523206
1638	-46.61757480572214	460.488743736
1639	-46.61757480572214	460.740950827
1640	-46.61757480572214	461.003878197
1641	-46.61757480572214	461.243517855
1642	-46.61757480572214	461.538516256
1643	-46.61757480572214	461.779656958
1644	-46.61757480572214	462.024589187
1645	-46.61757480572214	462.281530056
1646	-46.61757480572214	462.581586677
1647	-46.61757480572214	462.834900806
1648	-46.61757480572214	463.136987329
1649	-46.61757480572214	463.392581962
1650	-46.61757480572214	463.661504956
1651	-46.61757480572214	463.940565488
1652	-46.61757480572214	464.185179262
1653	-46.61757480572214	464.420727184
1654	-46.61757480572214	464.65329269
1655	-46.61757480572214	464.884122515
1656	-46.61757480572214	465.174510301
1657	-46.61757480572214	465.437777223
1658	-46.61757480572214	465.78207545
1659	-46.61757480572214	466.044564623
1660	-46.61757480572214	466.287542787
1661	-46.61757480572214	466.542626523
1662	-46.61757480572214	466.780360867
1663	-46.61757480572214	467.027766327
1664	-46.61757480572214	467.283352692
1665	-46.61757480572214	467.601788196
1666	-46.61757480572214	467.949752791
1667	-46.61757480572214	468.226234036
1668	-46.61757480572214	468.477594669
1669	-46.61757480572214	468.707248462
1670	-46.61757480572214	468.953833408
1671	-46.61757480572214	469.235764313
1672	-46.61757480572214	469.537181424
1673	-46.61757480572214	470.092147871
1674	-46.61757480572214	470.702138354
1675	-46.61757480572214	471.119321192
1676	-46.61757480572214	471.385805167
1677	-46.61757480572214	471.636534022
1678	-46.61757480572214	471.897892494
1679	-46.61757480572214	472.130991705
1680	-46.61757480572214	472.379060589
1681	-46.61757480572214	472.60960332
1682	-46.61757480572214	472.863095636
1683	-46.61757480572214	473.119307792
1684	-46.61757480572214	473.386829812
1685	-46.61757480572214	473.635395053
1686	-46.61757480572214	473.889436184
1687	-46.61757480572214	474.129913747
1688	-46.61757480572214	474.37059487
1689	-46.61757480572214	474.63239496
1690	-46.61757480572214	474.871159365
1691	-46.61757480572214	475.10927061
1692	-46.61757480572214	475.366467497
1693	-46.61757480572214	475.656170476
1694	-46.61757480572214	475.909592087
1695	-46.61757480572214	476.167912833
1696	-46.61757480572214	476.498456476
1697	-46.61757480572214	476.752853695
1698	-46.61757480572214	476.992385871
1699	-46.61757480572214	477.258384609
1700	-46.61757480572214	477.51244313
1701	-46.61757480572214	477.806772404
1702	-46.61757480572214	478.113319581
1703	-46.61757480572214	478.353013978
1704	-46.61757480572214	478.608039839
1705	-46.61757480572214	478.842347297
1706	-46.61757480572214	479.071838299
1707	-46.61757480572214	479.320758773
1708	-46.61757480572214	479.566336181
1709	-46.61757480572214	479.813026613
1710	-46.61757480572214	480.089507857
1711	-46.61757480572214	480.395354546
1712	-46.61757480572214	480.68549116
1713	-46.61757480572214	480.9596919
1714	-46.61757480572214	481.232819814
1715	-46.61757480572214	481.511725822
1716	-46.61757480572214	481.876205611
1717	-46.61757480572214	482.150871917
1718	-46.61757480572214	482.452814181
1719	-46.61757480572214	482.713751847
1720	-46.61757480572214	483.000887798
1721	-46.61757480572214	483.326653188
1722	-46.61757480572214	483.588499178
1723	-46.61757480572214	483.845909605
1724	-46.61757480572214	484.108559004
1725	-46.61757480572214	484.394959685
1726	-46.61757480572214	484.674949068
1727	-46.61757480572214	484.942431458
1728	-46.61757480572214	485.199806532
1729	-46.61757480572214	485.495091172
1730	-46.61757480572214	485.772480455
1731	-46.61757480572214	486.038793372
1732	-46.61757480572214	486.308096117
1733	-46.61757480572214	486.541964809
1734	-46.61757480572214	486.783163671
1735	-46.61757480572214	487.057733044
1736	-46.61757480572214	487.321847565
1737	-46.61757480572214	487.578758498
1738	-46.61757480572214	487.827813254
1739	-46.61757480572214	488.098613623
1740	-46.61757480572214	488.338205955
1741	-46.61757480572214	488.574133913
1742	-46.61757480572214	488.80996836
1743	-46.61757480572214	489.177312535
1744	-46.61757480572214	489.420067181
1745	-46.61757480572214	489.67724069
1746	-46.61757480572214	489.945940452
1747	-46.61757480572214	490.197291677
1748	-46.61757480572214	490.486535362
1749	-46.61757480572214	490.718326255
1750	-46.61757480572214	490.953964554
1751	-46.61757480572214	491.228772269
1752	-46.61757480572214	491.505586508
1753	-46.61757480572214	491.768958917
1754	-46.61757480572214	492.029988671
1755	-46.61757480572214	492.287659677
1756	-46.61757480572214	492.540216869
1757	-46.61757480572214	492.883099581
1758	-46.61757480572214	493.18706633
1759	-46.61757480572214	493.501936675
1760	-46.61757480572214	493.885966248
1761	-46.61757480572214	494.17926375
1762	-46.61757480572214	494.44701841
1763	-46.61757480572214	494.716051168
1764	-46.61757480572214	494.984056714
1765	-46.61757480572214	495.238210744
1766	-46.61757480572214	495.526552662
1767	-46.61757480572214	495.783566801
1768	-46.61757480572214	496.048910667
1769	-46.61757480572214	496.291743715
1770	-46.61757480572214	496.534679969
1771	-46.61757480572214	496.78411419
1772	-46.61757480572214	497.039244398
1773	-46.61757480572214	497.297215613
1774	-46.61757480572214	497.552933409
1775	-46.61757480572214	497.782073454
1776	-46.61757480572214	498.04943981
1777	-46.61757480572214	498.295153209
1778	-46.61757480572214	498.556540762
1779	-46.61757480572214	498.798292145
1780	-46.61757480572214	499.054338945
1781	-46.61757480572214	499.293657297
1782	-46.61757480572214	499.557030561
1783	-46.61757480572214	499.80498113
1784	-46.61757480572214	500.071129829
1785	-46.61757480572214	500.376241534
1786	-46.61757480572214	500.636288267
1787	-46.61757480572214	500.916599241
1788	-46.61757480572214	501.160711527
1789	-46.61757480572214	501.413480547
1790	-46.61757480572214	501.687145587
1791	-46.61757480572214	501.9857502
1792	-46.61757480572214	502.250687231
1793	-46.61757480572214	502.501179168
1794	-46.61757480572214	502.752097899
1795	-46.61757480572214	502.978641551
1796	-46.61757480572214	503.210556176
1797	-46.61757480572214	503.445677021
1798	-46.61757480572214	503.704397761
1799	-46.61757480572214	503.954951565
1800	-46.61757480572214	504.193041427
1801	-46.61757480572214	504.443328664
1802	-46.61757480572214	504.694787086
1803	-46.61757480572214	504.955978775
1804	-46.61757480572214	505.206699362
1805	-46.61757480572214	505.460385545
1806	-46.61757480572214	505.711380682
1807	-46.61757480572214	505.970272195
1808	-46.61757480572214	506.209554055
1809	-46.61757480572214	506.441566184
1810	-46.61757480572214	506.720125512
1811	-46.61757480572214	506.96704944
1812	-46.61757480572214	507.211112689
1813	-46.61757480572214	507.498444787
1814	-46.61757480572214	507.740318478
1815	-46.61757480572214	507.97821932
1816	-46.61757480572214	508.19627188
1817	-46.61757480572214	508.433451992
1818	-46.61757480572214	508.659263796
1819	-46.61757480572214	508.890598246
1820	-46.61757480572214	509.139667256
1821	-46.61757480572214	509.390327687
1822	-46.61757480572214	509.66180488
1823	-46.61757480572214	509.898364332
1824	-46.61757480572214	510.149918833
1825	-46.61757480572214	510.401670621
1826	-46.61757480572214	510.672157667
1827	-46.61757480572214	510.926542911
1828	-46.61757480572214	511.178175244
1829	-46.61757480572214	511.420473447
1830	-46.61757480572214	511.646640769
1831	-46.61757480572214	511.902651931
1832	-46.61757480572214	512.144849779
1833	-46.61757480572214	512.371264852
1834	-46.61757480572214	512.609444805
1835	-46.61757480572214	512.860156554
1836	-46.61757480572214	513.094805845
1837	-46.61757480572214	513.317383205
1838	-46.61757480572214	513.53952465
1839	-46.61757480572214	513.761863952
1840	-46.61757480572214	514.004418744
1841	-46.61757480572214	514.282565535
1842	-46.61757480572214	514.558959824
1843	-46.61757480572214	514.824042824
1844	-46.61757480572214	515.112876252
1845	-46.61757480572214	515.478962857
1846	-46.61757480572214	515.735975571
1847	-46.61757480572214	516.004461794
1848	-46.61757480572214	516.266024682
1849	-46.61757480572214	516.49920486
1850	-46.61757480572214	516.760608378
1851	-46.61757480572214	516.987389517
1852	-46.61757480572214	517.208318437
1853	-46.61757480572214	517.440224225
1854	-46.61757480572214	517.665007108
1855	-46.61757480572214	517.895501087
1856	-46.61757480572214	518.302150385
1857	-46.61757480572214	518.533846625
1858	-46.61757480572214	518.778355768
1859	-46.61757480572214	519.073123524
1860	-46.61757480572214	519.32804903
1861	-46.61757480572214	519.571883345
1862	-46.61757480572214	519.82447817
1863	-46.61757480572214	520.102970215
1864	-46.61757480572214	520.354160359
1865	-46.61757480572214	520.613152798
1866	-46.61757480572214	520.866366572
1867	-46.61757480572214	521.127045939
1868	-46.61757480572214	521.396327303
1869	-46.61757480572214	521.637242777
1870	-46.61757480572214	521.887911761
1871	-46.61757480572214	522.118200754
1872	-46.61757480572214	522.345244755
1873	-46.61757480572214	522.596171753
1874	-46.61757480572214	522.829703743
1875	-46.61757480572214	523.073663216
1876	-46.61757480572214	523.31183262
1877	-46.61757480572214	523.598800077
1878	-46.61757480572214	523.872444875
1879	-46.61757480572214	524.126499405
1880	-46.61757480572214	524.390635023
1881	-46.61757480572214	524.646580898
1882	-46.61757480572214	524.90530791
1883	-46.61757480572214	525.167592382
1884	-46.61757480572214	525.417366442
1885	-46.61757480572214	525.668664353
1886	-46.61757480572214	525.961558441
1887	-46.61757480572214	526.205980058
1888	-46.61757480572214	526.448764069
1889	-46.61757480572214	526.698711469
1890	-46.61757480572214	526.938649055
1891	-46.61757480572214	527.190540827
1892	-46.61757480572214	527.439642053
1893	-46.61757480572214	527.697368939
1894	-46.61757480572214	527.952216329
1895	-46.61757480572214	528.237909395
1896	-46.61757480572214	528.497114802
1897	-46.61757480572214	528.751614371
1898	-46.61757480572214	529.07046783
1899	-46.61757480572214	529.327501356
1900	-46.61757480572214	529.611319043
1901	-46.61757480572214	529.871668837
1902	-46.61757480572214	530.141992235
1903	-46.61757480572214	530.40576977
1904	-46.61757480572214	530.975413094
1905	-46.61757480572214	531.222241229
1906	-46.61757480572214	531.451529811
1907	-46.61757480572214	531.704994757
1908	-46.61757480572214	531.947923313
1909	-46.61757480572214	532.192744069
1910	-46.61757480572214	532.424540379
1911	-46.61757480572214	532.673155227
1912	-46.61757480572214	532.910919791
1913	-46.61757480572214	533.220241832
1914	-46.61757480572214	533.467247584
1915	-46.61757480572214	533.720532918
1916	-46.61757480572214	533.968428177
1917	-46.61757480572214	534.317969368
1918	-46.61757480572214	534.599438983
1919	-46.61757480572214	534.878709633
1920	-46.61757480572214	535.148270392
1921	-46.61757480572214	535.397521011
1922	-46.61757480572214	535.723438928
1923	-46.61757480572214	535.975163633
1924	-46.61757480572214	536.230749428
1925	-46.61757480572214	536.507786614
1926	-46.61757480572214	536.762656242
1927	-46.61757480572214	537.036691054
1928	-46.61757480572214	537.368579508
1929	-46.61757480572214	537.606763737
1930	-46.61757480572214	537.866661649
1931	-46.61757480572214	538.135723772
1932	-46.61757480572214	538.369205299
1933	-46.61757480572214	538.59749176
1934	-46.61757480572214	538.866621165
1935	-46.61757480572214	539.13787142
1936	-46.61757480572214	539.408810632
1937	-46.61757480572214	539.680337717
1938	-46.61757480572214	539.924705736
1939	-46.61757480572214	540.182996832
1940	-46.61757480572214	540.485997951
1941	-46.61757480572214	540.74558425
1942	-46.61757480572214	541.010213374
1943	-46.61757480572214	541.272596776
1944	-46.61757480572214	541.539944315
1945	-46.61757480572214	541.780747746
1946	-46.61757480572214	542.018312171
1947	-46.61757480572214	542.259475966
1948	-46.61757480572214	542.527998967
1949	-46.61757480572214	542.808179366
1950	-46.61757480572214	543.04670714
1951	-46.61757480572214	543.3047502
1952	-46.61757480572214	543.558393903
1953	-46.61757480572214	543.828111182
1954	-46.61757480572214	544.084162543
1955	-46.61757480572214	544.336207698
1956	-46.61757480572214	544.58312678
1957	-46.61757480572214	544.819374904
1958	-46.61757480572214	545.082960852
1959	-46.61757480572214	545.341373685
1960	-46.61757480572214	545.654590174
1961	-46.61757480572214	545.92289821
1962	-46.61757480572214	546.201644278
1963	-46.61757480572214	546.460780977
1964	-46.61757480572214	546.723480838
1965	-46.61757480572214	547.01526133
1966	-46.61757480572214	547.270853112
1967	-46.61757480572214	547.559331022
1968	-46.61757480572214	547.846451862
1969	-46.61757480572214	548.091538615
1970	-46.61757480572214	548.370294661
1971	-46.61757480572214	548.618185929
1972	-46.61757480572214	548.894251214
1973	-46.61757480572214	549.153802732
1974	-46.61757480572214	549.430037936
1975	-46.61757480572214	549.67909098
1976	-46.61757480572214	549.905259728
1977	-46.61757480572214	550.212320367
1978	-46.61757480572214	550.502295329
1979	-46.61757480572214	550.757327463
1980	-46.61757480572214	551.015113934
1981	-46.61757480572214	551.287229463
1982	-46.61757480572214	551.549560122
1983	-46.61757480572214	551.798841531
1984	-46.61757480572214	552.042548976
1985	-46.61757480572214	552.281002909
1986	-46.61757480572214	552.560030084
1987	-46.61757480572214	552.80239557
1988	-46.61757480572214	553.043077549
1989	-46.61757480572214	553.301098656
1990	-46.61757480572214	553.531997761
1991	-46.61757480572214	553.789491721
1992	-46.61757480572214	554.047757158
1993	-46.61757480572214	554.27525418
1994	-46.61757480572214	554.501584579
1995	-46.61757480572214	554.767624941
1996	-46.61757480572214	554.997593768
1997	-46.61757480572214	555.23400668
1998	-46.61757480572214	555.472437234
1999	-46.61757480572214	555.727894165
2000	-46.61757480572214	555.981226825
2001	-46.61757480572214	556.22881931
2002	-46.61757480572214	556.468774857
2003	-46.61757480572214	556.706430229
2004	-46.61757480572214	556.969726517
2005	-46.61757480572214	557.238961694
2006	-46.61757480572214	557.481891675
2007	-46.61757480572214	557.731972216
2008	-46.61757480572214	557.978475624
2009	-46.61757480572214	558.244190688
2010	-46.61757480572214	558.5370403
2011	-46.61757480572214	558.79279915
2012	-46.61757480572214	559.072800507
2013	-46.61757480572214	559.406598836
2014	-46.61757480572214	559.698490232
2015	-46.61757480572214	559.94181479
2016	-46.61757480572214	560.203413315
2017	-46.61757480572214	560.636776071
2018	-46.61757480572214	560.895584051
2019	-46.61757480572214	561.135165549
2020	-46.61757480572214	561.376877874
2021	-46.61757480572214	561.618918633
2022	-46.61757480572214	561.862270275
2023	-46.61757480572214	562.202167719
2024	-46.61757480572214	562.439403141
2025	-46.61757480572214	562.707365638
2026	-46.61757480572214	562.947295241
2027	-46.61757480572214	563.232740557
2028	-46.61757480572214	563.489758687
2029	-46.61757480572214	563.721124783
2030	-46.61757480572214	563.988023862
2031	-46.61757480572214	564.228415895
2032	-46.61757480572214	564.564471921
2033	-46.61757480572214	564.810458445
2034	-46.61757480572214	565.052150813
2035	-46.61757480572214	565.306810323
2036	-46.61757480572214	565.57111643
2037	-46.61757480572214	565.852249628
2038	-46.61757480572214	566.125734486
2039	-46.61757480572214	566.398964465
2040	-46.61757480572214	566.64781623
2041	-46.61757480572214	566.945232267
2042	-46.61757480572214	567.202281189
2043	-46.61757480572214	567.453760138
2044	-46.61757480572214	567.709355626
2045	-46.61757480572214	567.950086927
2046	-46.61757480572214	568.212217446
2047	-46.61757480572214	568.455479853
2048	-46.61757480572214	568.679068173
2049	-46.61757480572214	568.917591099
2050	-46.61757480572214	569.171679556
2051	-46.61757480572214	569.41000491
2052	-46.61757480572214	569.66111095
2053	-46.61757480572214	569.912831948
2054	-46.61757480572214	570.168475903
2055	-46.61757480572214	570.399376433
2056	-46.61757480572214	570.652048805
2057	-46.61757480572214	570.899919831
2058	-46.61757480572214	571.156888639
2059	-46.61757480572214	571.443637426
2060	-46.61757480572214	571.690396282
2061	-46.61757480572214	571.966061289
2062	-46.61757480572214	572.218634446
2063	-46.61757480572214	572.475244886
2064	-46.61757480572214	572.72864711
2065	-46.61757480572214	573.198495649
2066	-46.61757480572214	573.414315886
2067	-46.61757480572214	573.646392163
2068	-46.61757480572214	573.93000686
2069	-46.61757480572214	574.155494507
2070	-46.61757480572214	574.38076947
2071	-46.61757480572214	574.633258524
2072	-46.61757480572214	574.867983937
2073	-46.61757480572214	575.137334864
2074	-46.61757480572214	575.387629228
2075	-46.61757480572214	575.638437911
2076	-46.61757480572214	575.898508307
2077	-46.61757480572214	576.207015251
2078	-46.61757480572214	576.436680449
2079	-46.61757480572214	576.686087301
2080	-46.61757480572214	576.921737859
2081	-46.61757480572214	577.183028193
2082	-46.61757480572214	577.43859175
2083	-46.61757480572214	577.688462458
2084	-46.61757480572214	577.917406926
2085	-46.61757480572214	578.158462384
2086	-46.61757480572214	578.422037783
2087	-46.61757480572214	578.664389869
2088	-46.61757480572214	578.908410353
2089	-46.61757480572214	579.148538955
2090	-46.61757480572214	579.382565877
2091	-46.61757480572214	579.61135183
2092	-46.61757480572214	579.857354604
2093	-46.61757480572214	580.106431883
2094	-46.61757480572214	580.435974259
2095	-46.61757480572214	580.75153825
2096	-46.61757480572214	581.060330008
2097	-46.61757480572214	581.400528231
2098	-46.61757480572214	581.652279735
2099	-46.61757480572214	581.891328098
2100	-46.61757480572214	582.146489381
2101	-46.61757480572214	582.388416101
2102	-46.61757480572214	582.641958594
2103	-46.61757480572214	582.853171067
2104	-46.61757480572214	583.085683544
2105	-46.61757480572214	583.348743485
2106	-46.61757480572214	583.591034275
2107	-46.61757480572214	583.840319961
2108	-46.61757480572214	584.091414312
2109	-46.61757480572214	584.361806134
2110	-46.61757480572214	584.610497959
2111	-46.61757480572214	584.845805829
2112	-46.61757480572214	585.07319936
2113	-46.61757480572214	585.319653161
2114	-46.61757480572214	585.614717704
2115	-46.61757480572214	585.867386655
2116	-46.61757480572214	586.11115112
2117	-46.61757480572214	586.357881752
2118	-46.61757480572214	586.782197472
2119	-46.61757480572214	587.031055795
2120	-46.61757480572214	587.263869906
2121	-46.61757480572214	587.505859918
2122	-46.61757480572214	587.770336229
2123	-46.61757480572214	588.030517529
2124	-46.61757480572214	588.275927013
2125	-46.61757480572214	588.506787914
2126	-46.61757480572214	588.730763683
2127	-46.61757480572214	588.967414367
2128	-46.61757480572214	589.218135809
2129	-46.61757480572214	589.446370666
2130	-46.61757480572214	589.696949274
2131	-46.61757480572214	589.944986512
2132	-46.61757480572214	590.246456082
2133	-46.61757480572214	590.509444748
2134	-46.61757480572214	590.779901858
2135	-46.61757480572214	591.037306297
2136	-46.61757480572214	591.293922439
2137	-46.61757480572214	591.535695205
2138	-46.61757480572214	591.767874687
2139	-46.61757480572214	592.00781655
2140	-46.61757480572214	592.244296745
2141	-46.61757480572214	592.52284809
2142	-46.61757480572214	592.778080078
2143	-46.61757480572214	593.017767632
2144	-46.61757480572214	593.247510376
2145	-46.61757480572214	593.485718269
2146	-46.61757480572214	593.722011155
2147	-46.61757480572214	593.964145996
2148	-46.61757480572214	594.220646958
2149	-46.61757480572214	594.470081464
2150	-46.61757480572214	594.755692707
2151	-46.61757480572214	595.038233723
2152	-46.61757480572214	595.301370355
2153	-46.61757480572214	595.540470037
2154	-46.61757480572214	595.777505889
2155	-46.61757480572214	596.035516448
2156	-46.61757480572214	596.2962688
2157	-46.61757480572214	596.542315765
2158	-46.61757480572214	596.930164234
2159	-46.61757480572214	597.168303418
2160	-46.61757480572214	597.470113681
2161	-46.61757480572214	597.711283748
2162	-46.61757480572214	597.950060128
2163	-46.61757480572214	598.176622882
2164	-46.61757480572214	598.40886366
2165	-46.61757480572214	598.654064737
2166	-46.61757480572214	598.881457128
2167	-46.61757480572214	599.135270465
2168	-46.61757480572214	599.368833816
2169	-46.61757480572214	599.941094631
2170	-46.61757480572214	600.263572263
2171	-46.61757480572214	600.591041118
2172	-46.61757480572214	600.926660372
2173	-46.61757480572214	601.336220242
2174	-46.61757480572214	601.63626774
2175	-46.61757480572214	602.027841878
2176	-46.61757480572214	602.388416671
2177	-46.61757480572214	602.752530393
2178	-46.61757480572214	603.131127411
2179	-46.61757480572214	603.435688876
2180	-46.61757480572214	603.736007787
2181	-46.61757480572214	604.044326851
2182	-46.61757480572214	604.359854064
2183	-46.61757480572214	604.648535819
2184	-46.61757480572214	604.967761047
2185	-46.61757480572214	605.292492099
2186	-46.61757480572214	605.615159037
2187	-46.61757480572214	605.931601987
2188	-46.61757480572214	606.242418515
2189	-46.61757480572214	606.546919538
2190	-46.61757480572214	606.837919715
2191	-46.61757480572214	607.128980334
2192	-46.61757480572214	607.432385153
2193	-46.61757480572214	607.752641867
2194	-46.61757480572214	608.042690955
2195	-46.61757480572214	608.341392217
2196	-46.61757480572214	608.672520882
2197	-46.61757480572214	608.972629961
2198	-46.61757480572214	609.304742217
2199	-46.61757480572214	609.636582489
2200	-46.61757480572214	609.926037146
2201	-46.61757480572214	610.246830131
2202	-46.61757480572214	610.584725898
2203	-46.61757480572214	610.922142414
2204	-46.61757480572214	611.264326064
2205	-46.61757480572214	611.592262765
2206	-46.61757480572214	611.924478227
2207	-46.61757480572214	612.241846322
2208	-46.61757480572214	612.574043252
2209	-46.61757480572214	612.901386093
2210	-46.61757480572214	613.354144109
2211	-46.61757480572214	613.842754133
2212	-46.61757480572214	614.246805898
2213	-46.61757480572214	614.588704735
2214	-46.61757480572214	614.983135276
2215	-46.61757480572214	615.337025931
2216	-46.61757480572214	615.746882304
2217	-46.61757480572214	616.06835867
2218	-46.61757480572214	616.374084192
2219	-46.61757480572214	616.678663332
2220	-46.61757480572214	617.024836653
2221	-46.61757480572214	617.408488185
2222	-46.61757480572214	617.723519041
2223	-46.61757480572214	618.050901511
2224	-46.61757480572214	618.367519796
2225	-46.61757480572214	618.68890265
2226	-46.61757480572214	618.980419996
2227	-46.61757480572214	619.337853858
2228	-46.61757480572214	619.805128241
2229	-46.61757480572214	620.569697208
2230	-46.61757480572214	620.932006542
2231	-46.61757480572214	621.258938555
2232	-46.61757480572214	621.585808703
2233	-46.61757480572214	621.97582164
2234	-46.61757480572214	622.307312096
2235	-46.61757480572214	622.618475019
2236	-46.61757480572214	622.951972284
2237	-46.61757480572214	623.26556995
2238	-46.61757480572214	623.576011288
2239	-46.61757480572214	623.957706473
2240	-46.61757480572214	624.327433788
2241	-46.61757480572214	624.663045914
2242	-46.61757480572214	624.985615634
2243	-46.61757480572214	625.301622383
2244	-46.61757480572214	625.65544547
2245	-46.61757480572214	625.972995458
2246	-46.61757480572214	626.277223926
2247	-46.61757480572214	626.584297965
2248	-46.61757480572214	626.874591098
2249	-46.61757480572214	627.26772501
2250	-46.61757480572214	627.594302646
2251	-46.61757480572214	627.950378868
2252	-46.61757480572214	628.260140816
2253	-46.61757480572214	628.560876827
2254	-46.61757480572214	628.829568321
2255	-46.61757480572214	629.079495478
2256	-46.61757480572214	629.324682586
2257	-46.61757480572214	629.580457401
2258	-46.61757480572214	629.836736556
2259	-46.61757480572214	630.084061903
2260	-46.61757480572214	630.328971325
2261	-46.61757480572214	630.585747691
2262	-46.61757480572214	630.849981098
2263	-46.61757480572214	631.107540631
2264	-46.61757480572214	631.345420375
2265	-46.61757480572214	631.605279229
2266	-46.61757480572214	631.86114214
2267	-46.61757480572214	632.131538809
2268	-46.61757480572214	632.393105688
2269	-46.61757480572214	632.656667973
2270	-46.61757480572214	632.897646739
2271	-46.61757480572214	633.179687122
2272	-46.61757480572214	633.45542825
2273	-46.61757480572214	633.752036317
2274	-46.61757480572214	634.09486372
2275	-46.61757480572214	634.340187105
2276	-46.61757480572214	634.600711378
2277	-46.61757480572214	634.850754001
2278	-46.61757480572214	635.079349223
2279	-46.61757480572214	635.330642858
2280	-46.61757480572214	635.573715959
2281	-46.61757480572214	635.812204389
2282	-46.61757480572214	636.066313088
2283	-46.61757480572214	636.307605177
2284	-46.61757480572214	636.539470481
2285	-46.61757480572214	636.79238091
2286	-46.61757480572214	637.084843359
2287	-46.61757480572214	637.33265879
2288	-46.61757480572214	637.589996231
2289	-46.61757480572214	637.838666674
2290	-46.61757480572214	638.099838692
2291	-46.61757480572214	638.349106986
2292	-46.61757480572214	638.600091289
2293	-46.61757480572214	638.842626124
2294	-46.61757480572214	639.076640501
2295	-46.61757480572214	639.327508198
2296	-46.61757480572214	639.566863043
2297	-46.61757480572214	639.808840225
2298	-46.61757480572214	640.044240181
2299	-46.61757480572214	640.302969189
2300	-46.61757480572214	640.541715348
2301	-46.61757480572214	640.792846476
2302	-46.61757480572214	641.044631051
2303	-46.61757480572214	641.268862554
2304	-46.61757480572214	641.531003907
2305	-46.61757480572214	641.757370513
2306	-46.61757480572214	642.000423657
2307	-46.61757480572214	642.246802762
2308	-46.61757480572214	642.500943677
2309	-46.61757480572214	642.728635706
2310	-46.61757480572214	642.975539108
2311	-46.61757480572214	643.224825933
2312	-46.61757480572214	643.458495626
2313	-46.61757480572214	643.701469798
2314	-46.61757480572214	643.952056103
2315	-46.61757480572214	644.186334767
2316	-46.61757480572214	644.406832902
2317	-46.61757480572214	644.652718501
2318	-46.61757480572214	644.900309846
2319	-46.61757480572214	645.140468953
2320	-46.61757480572214	645.41174059
2321	-46.61757480572214	645.661447651
2322	-46.61757480572214	645.91252119
2323	-46.61757480572214	646.208114307
2324	-46.61757480572214	646.440524434
2325	-46.61757480572214	646.676929363
2326	-46.61757480572214	646.931021526
2327	-46.61757480572214	647.189352536
2328	-46.61757480572214	647.45571791
2329	-46.61757480572214	647.702258951
2330	-46.61757480572214	647.957250885
2331	-46.61757480572214	648.215717602
2332	-46.61757480572214	648.46644218
2333	-46.61757480572214	648.715779754
2334	-46.61757480572214	648.952421885
2335	-46.61757480572214	649.18943721
2336	-46.61757480572214	649.440548952
2337	-46.61757480572214	649.685046406
2338	-46.61757480572214	649.919092429
2339	-46.61757480572214	650.171287261
2340	-46.61757480572214	650.422082828
2341	-46.61757480572214	650.690395141
2342	-46.61757480572214	650.954611442
2343	-46.61757480572214	651.237151603
2344	-46.61757480572214	651.482313336
2345	-46.61757480572214	651.715112053
2346	-46.61757480572214	651.97012594
2347	-46.61757480572214	652.214934151
2348	-46.61757480572214	652.450882637
2349	-46.61757480572214	652.704601606
2350	-46.61757480572214	652.992343391
2351	-46.61757480572214	653.238408317
2352	-46.61757480572214	653.468946772
2353	-46.61757480572214	653.705846632
2354	-46.61757480572214	653.933749065
2355	-46.61757480572214	654.174554776
2356	-46.61757480572214	654.425260538
2357	-46.61757480572214	654.694687871
2358	-46.61757480572214	654.973717327
2359	-46.61757480572214	655.263213324
2360	-46.61757480572214	655.60534024
2361	-46.61757480572214	655.853938838
2362	-46.61757480572214	656.119567517
2363	-46.61757480572214	656.367012036
2364	-46.61757480572214	656.613335546
2365	-46.61757480572214	656.858654369
2366	-46.61757480572214	657.103926436
2367	-46.61757480572214	657.350098844
2368	-46.61757480572214	657.652413446
2369	-46.61757480572214	657.904968357
2370	-46.61757480572214	658.123185989
2371	-46.61757480572214	658.333580799
2372	-46.61757480572214	658.561671967
2373	-46.61757480572214	658.787789682
2374	-46.61757480572214	659.017172917
2375	-46.61757480572214	659.252572588
2376	-46.61757480572214	659.499993728
2377	-46.61757480572214	659.754337634
2378	-46.61757480572214	659.984492345
2379	-46.61757480572214	660.236037722
2380	-46.61757480572214	660.497633112
2381	-46.61757480572214	660.774680277
2382	-46.61757480572214	661.064226736
2383	-46.61757480572214	661.320016376
2384	-46.61757480572214	661.612073414
2385	-46.61757480572214	661.862000001
2386	-46.61757480572214	662.128965223
2387	-46.61757480572214	662.383178554
2388	-46.61757480572214	662.629803984
2389	-46.61757480572214	662.853823088
2390	-46.61757480572214	663.097111723
2391	-46.61757480572214	663.332892571
2392	-46.61757480572214	663.554157052
2393	-46.61757480572214	663.794919429
2394	-46.61757480572214	664.028011512
2395	-46.61757480572214	664.273055214
2396	-46.61757480572214	664.544462558
2397	-46.61757480572214	664.806388947
2398	-46.61757480572214	665.067203736
2399	-46.61757480572214	665.333628126
2400	-46.61757480572214	665.599924506
2401	-46.61757480572214	665.892726792
2402	-46.61757480572214	666.136574221
2403	-46.61757480572214	666.379718882
2404	-46.61757480572214	666.926718247
2405	-46.61757480572214	667.177391793
2406	-46.61757480572214	667.39369014
2407	-46.61757480572214	667.622413942
2408	-46.61757480572214	667.860592184
2409	-46.61757480572214	668.112689798
2410	-46.61757480572214	668.358681738
2411	-46.61757480572214	668.603817528
2412	-46.61757480572214	668.840725371
2413	-46.61757480572214	669.118884421
2414	-46.61757480572214	669.352895662
2415	-46.61757480572214	669.611997578
2416	-46.61757480572214	669.87997433
2417	-46.61757480572214	670.120475841
2418	-46.61757480572214	670.383673485
2419	-46.61757480572214	670.647685085
2420	-46.61757480572214	670.919941453
2421	-46.61757480572214	671.17696614
2422	-46.61757480572214	671.485411788
2423	-46.61757480572214	671.740596449
2424	-46.61757480572214	672.009966478
2425	-46.61757480572214	672.261067102
2426	-46.61757480572214	672.490419546
2427	-46.61757480572214	672.737013615
2428	-46.61757480572214	672.977220049
2429	-46.61757480572214	673.251084658
2430	-46.61757480572214	673.491457305
2431	-46.61757480572214	673.720319094
2432	-46.61757480572214	673.958834038
2433	-46.61757480572214	674.214476853
2434	-46.61757480572214	674.460429735
2435	-46.61757480572214	674.71127491
2436	-46.61757480572214	674.95224826
2437	-46.61757480572214	675.210959306
2438	-46.61757480572214	675.485331961
2439	-46.61757480572214	675.737830993
2440	-46.61757480572214	675.990499088
2441	-46.61757480572214	676.331532366
2442	-46.61757480572214	676.673890781
2443	-46.61757480572214	676.989789763
2444	-46.61757480572214	677.330673934
2445	-46.61757480572214	677.584902374
2446	-46.61757480572214	677.857026456
2447	-46.61757480572214	678.108809605
2448	-46.61757480572214	678.376276316
2449	-46.61757480572214	678.631240881
2450	-46.61757480572214	678.929358546
2451	-46.61757480572214	679.179327612
2452	-46.61757480572214	679.462412026
2453	-46.61757480572214	679.749329021
2454	-46.61757480572214	680.030869625
2455	-46.61757480572214	680.317336164
2456	-46.61757480572214	680.584552273
2457	-46.61757480572214	680.878839352
2458	-46.61757480572214	681.186022299
2459	-46.61757480572214	681.489136032
2460	-46.61757480572214	681.72361569
2461	-46.61757480572214	681.96573143
2462	-46.61757480572214	682.206021683
2463	-46.61757480572214	682.428341599
2464	-46.61757480572214	682.665434186
2465	-46.61757480572214	682.916118565
2466	-46.61757480572214	683.155140414
2467	-46.61757480572214	683.409917955
2468	-46.61757480572214	683.676862079
2469	-46.61757480572214	683.945146453
2470	-46.61757480572214	684.173303478
2471	-46.61757480572214	684.403628394
2472	-46.61757480572214	684.649529103
2473	-46.61757480572214	684.909568994
2474	-46.61757480572214	685.19956876
2475	-46.61757480572214	685.469295162
2476	-46.61757480572214	685.717961043
2477	-46.61757480572214	685.996552303
2478	-46.61757480572214	686.246738044
2479	-46.61757480572214	686.488383942
2480	-46.61757480572214	686.732625377
2481	-46.61757480572214	686.968394251
2482	-46.61757480572214	687.213053926
2483	-46.61757480572214	687.441666254
2484	-46.61757480572214	687.667242281
2485	-46.61757480572214	687.908771573
2486	-46.61757480572214	688.171323468
2487	-46.61757480572214	688.429810142
2488	-46.61757480572214	688.704057068
2489	-46.61757480572214	688.939181334
2490	-46.61757480572214	689.200709155
2491	-46.61757480572214	689.455826248
2492	-46.61757480572214	689.70917972
2493	-46.61757480572214	689.971823702
2494	-46.61757480572214	690.220953439
2495	-46.61757480572214	690.473884395
2496	-46.61757480572214	690.740446203
2497	-46.61757480572214	690.985189696
2498	-46.61757480572214	691.249537998
2499	-46.61757480572214	691.484439887
2500	-46.61757480572214	691.725732547
2501	-46.61757480572214	691.954651641
