0	-220.26819152699667	12.760679773
1	-220.21652406190685	23.328153512
2	-220.29759227919678	31.640523373
3	-221.2216506006751	42.333149302
4	-221.22166175947885	52.387192526
5	-221.67212411192952	64.109099975
6	-221.67212411192952	74.997712508
7	-221.67212411194132	82.825403518
8	-221.67212411200026	92.062154861
9	-221.6721241120003	103.499312127
10	-221.6721241120003	113.465217423
11	-221.6721241120003	121.478885069
12	-221.6721241120003	129.670049936
13	-221.6721241120003	136.764514497
14	-221.6721241120003	143.587853328
15	-221.6721241120003	150.990594726
16	-221.6721241120003	158.027452895
17	-221.6721241120003	167.508083198
18	-221.6721241120003	175.84256377
19	-221.6721241120003	183.35416566
20	-221.6721241120003	189.821529023
21	-221.6721241120003	197.289991443
22	-221.6721241120003	205.4501488
23	-221.6721241120003	211.900752618
24	-221.6721241120003	219.572417356
25	-221.6721241120003	228.18801267
26	-221.67212411204608	236.074821382
27	-221.67212411204608	245.182617029
28	-221.67212411204608	252.917300477
29	-221.67212411204608	260.387041566
30	-221.67212411204608	268.386496314
31	-221.67212411204608	276.080655363
32	-221.67212411204608	285.844108864
33	-221.67212411204608	293.800962979
34	-221.67212411204608	300.866017297
35	-221.67212411204608	308.583122253
36	-221.67212411204608	315.670973229
37	-221.67212411204608	324.23015743
38	-221.67212411204608	330.381113502
39	-221.67212411204608	335.772925488
40	-221.67212411204608	343.946116716
41	-221.67212411204608	352.488079939
42	-221.67212411204608	359.951254058
43	-221.67212411204608	368.535396253
44	-221.67212411204608	376.195184336
45	-221.67212411204608	383.873840698
46	-221.67212411204608	391.560147265
47	-221.67212411204608	395.498582987
48	-221.67212411204608	403.083398728
49	-221.67212411204608	411.119880566
50	-221.67212411204608	419.177793154
51	-221.67212411204608	427.685963165
52	-221.67212411204608	436.019225794
53	-221.67212411204608	443.921636405
54	-221.67212411204608	450.864264365
55	-221.67212411204608	456.737515336
56	-221.67212411204608	464.325747134
57	-221.67212411204608	473.621683318
58	-221.67212411204608	482.584715244
59	-221.67212411204608	490.492154147
60	-221.67212411204608	498.593442694
61	-221.67212411204608	506.248346604
62	-221.67212411204608	513.769246855
63	-221.67212411204608	521.627740959
64	-221.67212411204608	529.997670598
65	-221.67212411204608	538.988644649
66	-221.67212411204608	546.438565085
67	-221.67212411204608	553.412504185
68	-221.67212411204608	561.475582339
69	-221.67212411204608	569.516477083
70	-221.67212411204608	574.270614689
71	-221.67212411204608	580.943757379
72	-221.67212411204608	588.807829303
73	-221.67212411204608	595.424905992
74	-221.67212411204608	603.603875607
75	-221.67212411204608	612.363910914
76	-221.67212411204608	620.351208898
77	-221.67212411204608	628.635001148
78	-221.67212411204608	635.717863605
79	-221.67212411204608	643.075577892
80	-221.67212411204608	652.311523972
81	-221.67212411204608	659.907698058
82	-221.67212411204608	668.222323337
83	-221.67212411204608	677.415975408
84	-221.67212411204608	685.324966248
85	-221.67212411204608	692.633870873
86	-221.67212411204608	699.888915736
87	-221.67212411204608	708.333198054
88	-221.67212411204608	715.440921001
89	-221.67212411204608	723.998127755
90	-221.67212411204608	732.003627314
91	-221.67212411204608	740.453090167
92	-221.67212411204608	748.241417415
93	-221.67212411204608	756.256245272
94	-221.67212411204608	765.474786058
95	-221.67212411204608	772.811912491
96	-221.67212411204608	779.536769432
97	-221.67212411204608	784.047496353
98	-221.67212411204608	791.206927991
99	-221.67212411204608	796.93141972
100	-221.67212411204608	802.728094668
101	-221.67212411204608	810.189947352
102	-221.67212411204608	817.690352121
103	-221.67212411204608	824.037008701
104	-221.67212411204608	832.209658527
105	-221.67212411204608	839.970614988
106	-221.67212411204608	848.677012482
107	-221.67212411204608	855.949095716
108	-221.67212411204608	863.990136715
109	-221.67212411204608	871.820855904
110	-221.67212411204608	879.11289279
111	-221.67212411204608	887.747683535
112	-221.67212411204608	895.172045558
113	-221.67212411204608	902.695837141
114	-221.67212411204608	909.920730218
115	-221.67212411204608	917.693310594
116	-221.67212411204608	926.754510516
117	-221.67212411204608	935.623045379
118	-221.67212411204608	944.242244487
119	-221.67212411204784	953.030861254
120	-221.67212411204784	956.782043809
121	-221.67212411204784	962.954432769
122	-221.67212411204784	971.360125797
123	-221.67212411204784	978.926219942
124	-221.67212411204784	986.882031878
125	-221.67212411204784	994.194304663
126	-221.67212411204784	1001.233746256
127	-221.67212411204784	1010.20617704
128	-221.67212411204784	1018.391507927
129	-221.67212411204784	1025.79861134
130	-221.67212411204784	1032.376308016
131	-221.67212411204784	1040.802851902
132	-221.67212411204784	1046.663680967
133	-221.67212411204784	1054.17841581
134	-221.67212411204784	1062.036023399
135	-221.67212411204784	1069.337196567
136	-221.67212411204784	1076.997146729
137	-221.67212411204784	1085.633086138
138	-221.67212411204784	1093.308373058
139	-221.67212411204784	1100.262215245
140	-221.67212411204784	1107.478064411
141	-221.67212411204784	1115.32858116
142	-221.67212411204784	1123.265586826
143	-221.67212411204784	1130.607291663
144	-221.67212411204784	1137.491186806
145	-221.67212411204784	1146.445871032
146	-221.67212411204784	1154.232240934
147	-221.67212411204784	1161.008692383
148	-221.67212411204784	1169.536044568
149	-221.67212411204784	1176.851691499
150	-221.67212411204784	1185.065094944
151	-221.67212411204784	1192.654016111
152	-221.67212411204784	1200.794522592
153	-221.67212411204784	1208.038434909
154	-221.67212411204784	1214.733632288
155	-221.67212411204784	1221.46970816
156	-221.67212411204784	1229.456624254
157	-221.67212411204784	1236.400363672
158	-221.67212411204784	1242.868808558
159	-221.67212411204784	1251.34611646
160	-221.67212411204784	1259.471311414
161	-221.67212411204784	1268.747816533
162	-221.67212411204784	1277.426862484
163	-221.67212411204784	1285.245566889
164	-221.67212411204784	1293.079197937
165	-221.67212411204784	1299.734241259
166	-221.67212411204784	1307.715650524
167	-221.67212411204784	1313.621325377
168	-221.67212411204784	1321.37838596
169	-221.67212411204784	1329.593502137
170	-221.67212411204784	1338.465333743
171	-221.67212411204784	1345.617020667
172	-221.67212411204784	1355.257997348
173	-221.67212411204784	1364.584872191
174	-221.67212411204784	1372.848316925
175	-221.67212411204784	1381.923237949
176	-221.67212411204784	1388.487419222
177	-221.67212411204784	1395.682524443
178	-221.67212411204784	1403.474349001
179	-221.67212411204784	1410.765181201
180	-221.67212411204784	1416.539001329
181	-221.67212411204784	1424.357743367
182	-221.67212411204784	1432.243939258
183	-221.67212411204784	1439.543042608
184	-221.67212411204784	1447.235693768
185	-221.67212411204784	1455.042462075
186	-221.67212411204784	1463.415228734
187	-221.67212411204784	1471.702834753
188	-221.67212411204784	1480.340698153
189	-221.67212411204784	1489.163935204
190	-221.67212411204784	1497.606567227
191	-221.67212411204784	1504.740189422
192	-221.67212411204784	1510.572469529
193	-221.67212411204784	1517.547579531
194	-221.67212411204784	1525.535108017
195	-221.67212411204784	1533.48738501
196	-221.67212411204784	1540.303276343
197	-221.67212411204784	1548.152481922
198	-221.67212411204784	1556.226456988
199	-221.67212411204784	1563.120528454
200	-221.67212411204784	1571.465110511
201	-221.67212411204784	1580.582686479
202	-221.67212411204784	1589.004495441
203	-221.67212411204784	1597.293229169
204	-221.67212411204784	1604.41456203
205	-221.67212411204784	1613.391238936
206	-221.67212411204784	1622.862083358
207	-221.67212411204784	1630.314904534
208	-221.67212411204784	1638.985435575
209	-221.67212411204784	1646.924549547
210	-221.67212411204784	1653.869852448
211	-221.67212411204784	1661.914912916
212	-221.67212411204784	1669.449482524
213	-221.67212411204784	1677.461830447
214	-221.67212411204784	1685.07048973
215	-221.67212411204784	1691.101536156
216	-221.67212411204784	1698.517716836
217	-221.67212411204784	1705.954094499
218	-221.67212411204784	1712.805889489
219	-221.67212411204784	1719.745290414
220	-221.67212411204784	1727.574296443
221	-221.67212411204784	1734.834469667
222	-221.67212411204784	1742.755104947
223	-221.67212411204784	1748.65328526
224	-221.67212411204784	1755.880120289
225	-221.67212411204784	1762.746692673
226	-221.67212411204784	1771.806147362
227	-221.67212411204784	1779.368222038
228	-221.67212411204784	1787.930294149
229	-221.67212411204784	1794.706654082
230	-221.67212411204784	1804.323575107
231	-221.67212411204784	1813.544547075
232	-221.67212411204784	1819.617364496
233	-221.67212411204784	1825.926053159
234	-221.67212411204784	1833.638624614
235	-221.67212411204784	1840.499536643
236	-221.67212411204784	1847.732228746
237	-221.67212411204784	1856.634189471
238	-221.67212411204784	1863.444595357
239	-221.67212411204784	1871.960087993
240	-221.67212411204784	1879.271730852
241	-221.67212411204784	1887.658006499
242	-221.67212411204784	1893.981669702
243	-221.67212411204784	1901.377620469
244	-221.67212411204784	1908.743804335
245	-221.67212411204784	1915.70550884
246	-221.67212411204784	1922.596905792
247	-221.67212411204784	1931.109898395
248	-221.67212411204784	1940.048778443
249	-221.67212411204784	1947.981727862
250	-221.67212411204784	1954.228434862
251	-221.67212411204784	1962.604001763
252	-221.67212411204784	1969.94430648
253	-221.67212411204784	1977.176186906
254	-221.67212411204784	1985.316444924
255	-221.67212411204784	1993.48640484
256	-221.67212411204784	1999.92885725
257	-221.67212411204784	2006.188044744
258	-221.67212411204784	2014.579116897
259	-221.67212411204784	2023.004274347
260	-221.67212411204784	2028.898739249
261	-221.67212411204784	2037.107275627
262	-221.67212411204784	2045.852797398
263	-221.67212411204784	2054.935641466
264	-221.67212411204784	2059.971326595
265	-221.67212411204784	2067.343772518
266	-221.67212411204784	2075.347345094
267	-221.67212411204784	2082.035807009
268	-221.67212411204784	2088.939737911
269	-221.67212411204784	2096.480353186
270	-221.67212411204784	2104.888709609
271	-221.67212411204784	2112.973112883
272	-221.67212411204784	2121.6402129
273	-221.67212411204784	2129.48231481
274	-221.67212411204784	2137.486676397
275	-221.67212411204784	2145.724883455
276	-221.67212411204784	2152.45358239
277	-221.67212411204784	2159.922543875
278	-221.67212411204784	2169.157962665
279	-221.67212411204784	2178.52880961
280	-221.67212411204784	2186.46375401
281	-221.67212411204784	2195.875735609
282	-221.67212411204784	2203.485824093
283	-221.67212411204784	2212.587064745
284	-221.67212411204784	2218.597020402
285	-221.67212411204784	2227.206918155
286	-221.67212411204784	2234.365531702
287	-221.67212411204784	2243.487481659
288	-221.67212411204784	2249.724538343
289	-221.67212411204784	2258.692299633
290	-221.67212411204784	2264.308550105
291	-221.67212411204784	2273.897881386
292	-221.67212411204784	2281.228472923
293	-221.67212411204784	2289.212503672
294	-221.67212411204784	2298.060300577
295	-221.67212411204784	2305.493065466
296	-221.67212411204784	2314.234353517
297	-221.67212411204784	2321.56398541
298	-221.67212411204784	2330.01018616
299	-221.67212411204784	2337.973546519
300	-221.67212411204784	2346.448883816
301	-221.67212411204784	2354.429058459
302	-221.67212411204784	2361.348518134
303	-221.67212411204784	2368.909327399
304	-221.67212411204784	2378.081386642
305	-221.67212411204784	2386.395056127
306	-221.67212411204784	2392.210134072
307	-221.67212411204784	2400.3538291
308	-221.67212411204784	2406.661481571
309	-221.67212411204784	2415.169022083
310	-221.67212411204784	2423.334527613
311	-221.67212411204784	2430.967645825
312	-221.67212411204784	2439.019774039
313	-221.67212411204784	2446.17743008
314	-221.67212411204784	2454.299847885
315	-221.67212411204784	2462.651005893
316	-221.67212411204784	2469.303259237
317	-221.67212411204784	2477.310521564
318	-221.67212411204784	2485.594570831
319	-221.67212411204784	2493.270220825
320	-221.67212411204784	2501.664198422
321	-221.67212411204784	2509.658010348
322	-221.67212411204784	2516.753419584
323	-221.67212411204784	2524.713547348
324	-221.67212411204784	2533.010583017
325	-221.67212411204784	2540.283910709
326	-221.67212411204784	2547.462426161
327	-221.67212411204784	2556.60018329
328	-221.67212411204784	2564.141452867
329	-221.67212411204784	2571.914265456
330	-221.67212411204784	2577.94213317
331	-221.67212411204784	2584.508520255
332	-221.67212411204784	2592.056532566
333	-221.67212411204784	2599.918946496
334	-221.67212411204784	2606.455599608
335	-221.67212411204784	2614.001619505
336	-221.67212411204784	2621.171802654
337	-221.67212411204784	2629.850674551
338	-221.67212411204784	2637.886456329
339	-221.67212411204784	2645.92598388
340	-221.67212411204784	2654.017036661
341	-221.67212411204784	2662.667717114
342	-221.67212411204784	2670.063294972
343	-221.67212411204784	2678.773418566
344	-221.67212411204784	2685.990511335
345	-221.67212411204784	2693.023725939
346	-221.67212411204784	2700.452313985
347	-221.67212411204784	2709.373339708
348	-221.67212411204784	2718.769370446
349	-221.67212411204784	2725.813670554
350	-221.67212411204784	2733.604807453
351	-221.67212411204784	2741.820573656
352	-221.67212411204784	2749.587488972
353	-221.67212411204784	2757.372993313
354	-221.67212411204784	2765.734736904
355	-221.67212411204784	2773.13513265
356	-221.67212411204784	2781.3772621
357	-221.67212411204784	2786.936491204
358	-221.67212411204784	2795.714984247
359	-221.67212411204784	2803.271960926
360	-221.67212411204784	2809.325521335
361	-221.67212411204784	2818.371697965
362	-221.67212411204784	2826.657731521
363	-221.67212411204784	2833.985081054
364	-221.67212411204784	2841.889997259
365	-221.67212411204784	2848.769743783
366	-221.67212411204784	2856.922413015
367	-221.67212411204784	2863.682049326
368	-221.67212411204784	2872.998738864
369	-221.67212411204784	2880.596991749
370	-221.67212411204784	2888.378720809
371	-221.67212411204784	2895.804042048
372	-221.67212411204784	2901.660624563
373	-221.67212411204784	2910.562144383
374	-221.67212411204784	2918.23236709
375	-221.67212411204784	2925.875812585
376	-221.67212411204784	2933.141436189
377	-221.67212411204784	2940.379275042
378	-221.67212411204784	2947.730443741
379	-221.67212411204784	2953.860120024
380	-221.67212411204784	2961.375982148
381	-221.67212411204784	2969.18874737
382	-221.67212411204784	2976.593239134
383	-221.67212411204784	2983.916291227
384	-221.67212411204784	2992.706514241
385	-221.67212411204784	3000.696878893
386	-221.67212411204784	3008.283447138
387	-221.67212411204784	3016.75678475
388	-221.67212411204784	3023.920571561
389	-221.67212411204784	3032.111616687
390	-221.67212411204784	3040.001539534
391	-221.67212411204784	3048.565357307
392	-221.67212411204784	3056.108225862
393	-221.67212411204784	3064.522927733
394	-221.67212411204784	3073.438863584
395	-221.67212411204784	3082.657489045
396	-221.67212411204784	3089.865838112
397	-221.67212411204784	3097.336938695
398	-221.67212411204784	3106.567999319
399	-221.67212411204784	3115.414551766
400	-221.67212411204784	3123.297003167
401	-221.67212411204784	3131.243023663
402	-221.67212411204784	3139.339679067
403	-221.67212411204784	3146.454147314
404	-221.67212411204784	3155.116624023
405	-221.67212411204784	3162.620353759
406	-221.67212411204784	3169.865438688
407	-221.67212411204784	3178.903903533
408	-221.67212411204784	3187.672738135
409	-221.67212411204784	3196.453648675
410	-221.67212411204784	3205.154027871
411	-221.67212411204784	3212.246260107
412	-221.67212411204784	3219.813118887
413	-221.67212411204784	3228.752609618
414	-221.67212411204784	3237.334214147
415	-221.67212411204784	3246.05035946
416	-221.67212411204784	3254.578227816
417	-221.67212411204784	3263.226834174
418	-221.67212411204784	3269.804742109
419	-221.67212411204784	3278.891072367
420	-221.67212411204784	3286.254870809
421	-221.67212411204784	3295.227868228
422	-221.67212411204784	3303.140990152
423	-221.67212411204784	3311.464486571
424	-221.67212411204784	3319.993025908
425	-221.67212411204784	3328.149320744
426	-221.67212411204784	3336.412428064
427	-221.67212411204784	3344.835041005
428	-221.67212411204784	3353.046879256
429	-221.67212411204784	3361.953828929
430	-221.67212411204784	3371.066224792
431	-221.67212411204784	3378.932926326
432	-221.67212411204784	3387.092712057
433	-221.67212411204784	3394.791646228
434	-221.67212411204784	3403.64857856
435	-221.67212411204784	3412.802445636
436	-221.67212411204784	3420.37282097
437	-221.67212411204784	3428.142617782
438	-221.67212411204784	3436.655086515
439	-221.67212411204784	3444.039929968
440	-221.67212411204784	3452.36336609
441	-221.67212411204784	3461.83109723
442	-221.67212411204784	3470.356220083
443	-221.67212411204784	3478.993728535
444	-221.67212411204784	3486.239075184
445	-221.67212411204784	3492.553054714
446	-221.67212411204784	3500.764849346
447	-221.67212411204784	3509.7592835
448	-221.67212411204784	3518.267894417
449	-221.67212411204784	3526.009581465
450	-221.67212411204784	3534.78763232
451	-221.67212411204784	3543.151976869
452	-221.67212411204784	3552.063108089
453	-221.67212411204784	3558.734732628
454	-221.67212411204784	3566.994939635
455	-221.67212411204784	3574.205497079
456	-221.67212411204784	3581.326185474
457	-221.67212411204784	3590.064160532
458	-221.67212411204784	3596.332617735
459	-221.67212411204784	3604.144688456
460	-221.67212411204784	3612.132046311
461	-221.67212411204784	3620.141011534
462	-221.67212411204784	3627.840802286
463	-221.67212411204784	3636.665193132
464	-221.67212411204784	3645.152377576
465	-221.67212411204784	3653.840502076
466	-221.67212411204784	3660.254247298
467	-221.67212411204784	3668.658958017
468	-221.67212411204784	3677.043142891
469	-221.67212411204784	3685.340996224
470	-221.67212411204784	3694.299743539
471	-221.67212411204784	3702.105223341
472	-221.67212411204784	3710.63302755
473	-221.67212411204784	3717.626217675
474	-221.67212411204784	3725.386193967
475	-221.67212411204784	3732.529913799
476	-221.67212411204784	3740.202679303
477	-221.67212411204784	3746.54297675
478	-221.67212411204784	3754.621330936
479	-221.67212411204784	3761.17398751
480	-221.67212411204784	3769.862632886
481	-221.67212411204784	3778.122812952
482	-221.67212411204784	3786.121886665
483	-221.67212411204784	3791.663439773
484	-221.67212411204784	3799.926621504
485	-221.67212411204784	3808.277532759
486	-221.67212411204784	3817.083187042
487	-221.67212411204784	3825.490440559
488	-221.67212411204784	3832.797838151
489	-221.67212411204784	3841.76535226
490	-221.67212411204784	3849.647066823
491	-221.67212411204784	3857.420071426
492	-221.67212411204784	3866.118399619
493	-221.67212411204784	3873.731046297
494	-221.67212411204784	3881.652308938
495	-221.67212411204784	3887.743142335
496	-221.67212411204784	3896.187531566
497	-221.67212411204784	3903.708086705
498	-221.67212411204784	3911.533120735
499	-221.67212411204784	3919.1495397
500	-221.67212411204784	3926.908816786
501	-221.67212411204784	3935.428331029
502	-221.67212411204784	3943.629309574
503	-221.67212411204784	3951.548073037
504	-221.67212411204784	3959.651054645
505	-221.67212411204784	3966.769127114
506	-221.67212411204784	3974.617375615
507	-221.67212411204784	3981.901194379
508	-221.67212411204784	3989.591312149
509	-221.67212411204784	3997.9100219
510	-221.67212411204784	4006.011631611
511	-221.67212411204784	4013.748401557
512	-221.67212411204784	4022.459707172
513	-221.67212411204784	4030.756047484
514	-221.67212411204784	4039.80353058
515	-221.67212411204784	4048.71701515
516	-221.67212411204784	4056.558635955
517	-221.67212411204784	4065.497448007
518	-221.67212411204784	4074.2452175
519	-221.67212411204784	4081.945509883
520	-221.67212411204784	4090.387236146
521	-221.67212411204784	4098.394650288
522	-221.67212411204784	4105.590834894
523	-221.67212411204784	4112.445400191
524	-221.67212411204784	4120.528175408
525	-221.67212411204784	4127.854433154
526	-221.67212411204784	4133.753664627
527	-221.67212411204784	4142.374904046
528	-221.67212411204784	4151.023234571
529	-221.67212411204784	4159.458863421
530	-221.67212411204784	4167.12296434
531	-221.67212411204784	4175.65785725
532	-221.67212411204784	4181.865062357
533	-221.67212411204784	4190.413523272
534	-221.67212411204784	4197.518058099
535	-221.67212411204784	4202.930114965
536	-221.67212411204784	4209.522684828
537	-221.67212411204784	4216.652125477
538	-221.67212411204784	4225.642144161
539	-221.67212411204784	4234.033865485
540	-221.67212411204784	4241.485272855
541	-221.67212411204784	4249.802671862
542	-221.67212411204784	4257.132476953
543	-221.67212411204784	4265.568610429
544	-221.67212411204784	4272.742711266
545	-221.67212411204784	4280.279659455
546	-221.67212411204784	4288.242414264
547	-221.67212411204784	4297.062236114
548	-221.67212411204784	4305.407999336
549	-221.67212411204784	4313.901472779
550	-221.67212411204784	4320.969408592
551	-221.67212411204784	4327.938472499
552	-221.67212411204784	4335.935162072
553	-221.67212411204784	4343.955416788
554	-221.67212411204784	4352.565280757
555	-221.67212411204784	4360.061336342
556	-221.67212411204784	4367.634154832
557	-221.67212411204784	4376.16375046
558	-221.67212411204784	4384.477601696
559	-221.67212411204784	4392.000883522
560	-221.67212411204784	4398.63779412
561	-221.67212411204784	4406.571201979
562	-221.67212411204784	4415.053575377
563	-221.67212411204784	4422.551756801
564	-221.67212411204784	4430.691455454
565	-221.67212411204784	4439.293908275
566	-221.67212411204784	4446.685787829
567	-221.67212411204784	4454.677304993
568	-221.67212411204784	4463.017462171
569	-221.67212411204784	4469.835827451
570	-221.67212411204784	4478.470165316
571	-221.67212411204784	4487.283725109
572	-221.67212411204784	4493.886521332
573	-221.67212411204784	4501.457940556
574	-221.67212411204784	4509.789206494
575	-221.67212411204784	4517.678155158
576	-221.67212411204784	4526.255428891
577	-221.67212411204784	4533.487128849
578	-221.67212411204784	4541.725259358
579	-221.67212411204784	4548.625510345
580	-221.67212411204784	4556.655371757
581	-221.67212411204784	4564.157298099
582	-221.67212411204784	4571.990976189
583	-221.67212411204784	4579.849580626
584	-221.67212411204784	4587.074547259
585	-221.67212411204784	4594.306576079
586	-221.67212411204784	4601.681038792
587	-221.67212411204784	4610.125320255
588	-221.67212411204784	4617.023823443
589	-221.67212411204784	4625.134589536
590	-221.67212411204784	4633.645252738
591	-221.67212411204784	4641.665504033
592	-221.67212411204784	4649.876027693
593	-221.67212411204784	4658.880416649
594	-221.67212411204784	4666.815635599
595	-221.67212411204784	4675.555812192
596	-221.67212411204784	4682.823068985
597	-221.67212411204784	4690.571729269
598	-221.67212411204784	4699.30657052
599	-221.67212411204784	4707.185549415
600	-221.67212411204784	4715.636401697
601	-221.67212411204784	4724.017342002
602	-221.67212411204784	4732.656275806
603	-221.67212411204784	4741.132769037
604	-221.67212411204784	4749.489267519
605	-221.67212411204784	4756.262716021
606	-221.67212411204784	4765.370506964
607	-221.67212411204784	4773.873095735
608	-221.67212411204784	4781.931840954
609	-221.67212411204784	4789.803588741
610	-221.67212411204784	4797.448692657
611	-221.67212411204784	4805.093536135
612	-221.67212411204784	4812.614900386
613	-221.67212411204784	4817.741116992
614	-221.67212411204784	4826.197876811
615	-221.67212411204784	4834.792292405
616	-221.67212411204784	4842.043286154
617	-221.67212411204784	4848.99177247
618	-221.67212411204784	4857.11017209
619	-221.67212411204784	4865.630353037
620	-221.67212411204784	4872.939302137
621	-221.67212411204784	4881.783659465
622	-221.67212411204784	4889.938561878
623	-221.67212411204784	4898.768137107
624	-221.67212411204784	4906.986309261
625	-221.67212411204784	4915.746575498
626	-221.67212411204784	4923.381282851
627	-221.67212411204784	4930.841983878
628	-221.67212411204784	4938.20987064
629	-221.67212411204784	4945.602456242
630	-221.67212411204784	4952.337158079
631	-221.67212411204784	4959.446742152
632	-221.67212411204784	4967.270789597
633	-221.67212411204784	4975.442373295
634	-221.67212411204784	4982.762176115
635	-221.67212411204784	4990.021595822
636	-221.67212411204784	4997.308003142
637	-221.67212411204784	5003.798596372
638	-221.67212411204784	5011.487897761
639	-221.67212411204784	5019.154455092
640	-221.67212411204784	5027.486217958
641	-221.67212411204784	5034.133089345
642	-221.67212411204784	5041.043142464
643	-221.67212411204784	5047.662491249
644	-221.67212411204784	5054.215393293
645	-221.67212411204784	5061.591002104
646	-221.67212411204784	5069.743501132
647	-221.67212411204784	5079.128522059
648	-221.67212411204784	5085.740096623
649	-221.67212411204784	5094.270614689
650	-221.67212411204784	5102.745468316
651	-221.67212411204784	5111.243029222
652	-221.67212411204784	5119.389350013
653	-221.67212411204784	5126.581627621
654	-221.67212411204784	5135.378950884
655	-221.67212411204784	5142.62422911
656	-221.67212411204784	5150.861563765
657	-221.67212411204784	5158.141060286
658	-221.67212411204784	5165.60101079
659	-221.67212411204784	5173.772571822
660	-221.67212411204784	5181.154590657
661	-221.67212411204784	5188.528148038
662	-221.67212411204784	5196.661227975
663	-221.67212411204784	5204.445603752
664	-221.67212411204784	5212.749880793
665	-221.67212411204784	5221.12534848
666	-221.67212411204784	5229.81135441
667	-221.67212411204784	5237.173139911
668	-221.67212411204784	5244.375076389
669	-221.67212411204784	5252.487350799
670	-221.67212411204784	5261.418589196
671	-221.67212411204784	5269.587401304
672	-221.67212411204784	5278.195211277
673	-221.67212411204784	5285.848318208
674	-221.67212411204784	5293.406553884
675	-221.67212411204784	5301.472702554
676	-221.67212411204784	5309.919841992
677	-221.67212411204784	5319.345604992
678	-221.67212411204784	5327.200712975
679	-221.67212411204784	5335.203221562
680	-221.67212411204784	5340.00278784
681	-221.67212411204784	5346.81976369
682	-221.67212411204784	5354.689376227
683	-221.67212411204784	5362.423565314
684	-221.67212411204784	5371.39719779
685	-221.67212411204784	5379.136553298
686	-221.67212411204784	5386.642439238
687	-221.67212411204784	5394.824165904
688	-221.67212411204784	5403.63625202
689	-221.67212411204784	5411.294003213
690	-221.67212411204784	5419.334949702
691	-221.67212411204784	5428.518192809
692	-221.67212411204784	5433.518663222
693	-221.67212411204784	5439.178101916
694	-221.67212411204784	5447.436901105
695	-221.67212411204784	5455.061976104
696	-221.67212411204784	5463.786897192
697	-221.67212411204784	5471.501514945
698	-221.67212411204784	5479.390924614
699	-221.67212411204784	5486.974434745
700	-221.67212411204784	5495.285732491
701	-221.67212411204784	5503.099342319
702	-221.67212411204784	5510.924705211
703	-221.67212411204784	5519.652863171
704	-221.67212411204784	5527.642257916
705	-221.67212411204784	5536.083538569
706	-221.67212411204784	5544.764176655
707	-221.67212411204784	5553.838790627
708	-221.67212411204784	5561.635395868
709	-221.67212411204784	5570.055910337
710	-221.67212411204784	5578.233754809
711	-221.67212411204784	5585.927488775
712	-221.67212411204784	5593.880159205
713	-221.67212411204784	5601.640809042
714	-221.67212411204784	5610.006315941
715	-221.67212411204784	5617.190762022
716	-221.67212411204784	5625.682706194
717	-221.67212411204784	5633.381591186
718	-221.67212411204784	5639.980562948
719	-221.67212411204784	5648.731900312
720	-221.67212411204784	5655.313341051
721	-221.67212411204784	5663.576095988
722	-221.67212411204784	5671.941633677
723	-221.67212411204784	5679.593095016
724	-221.67212411204784	5687.369184247
725	-221.67212411204784	5695.213192186
726	-221.67212411204784	5702.653893804
727	-221.67212411204784	5711.000860429
728	-221.67212411204784	5717.644089106
729	-221.67212411204784	5725.711178603
730	-221.67212411204784	5734.719165794
731	-221.67212411204784	5742.272853429
732	-221.67212411204784	5750.442422902
733	-221.67212411204784	5758.780153603
734	-221.67212411204784	5765.734866909
735	-221.67212411204784	5774.181320826
736	-221.67212411204784	5782.955239742
737	-221.67212411204784	5789.845174564
738	-221.67212411204784	5796.976715394
739	-221.67212411204784	5805.144994224
740	-221.67212411204784	5813.448218822
741	-221.67212411204784	5820.653249337
742	-221.67212411204784	5829.215896208
743	-221.67212411204784	5836.724144906
744	-221.67212411204784	5844.056875968
745	-221.67212411204784	5852.189826327
746	-221.67212411204784	5860.014309546
747	-221.67212411204784	5867.83696414
748	-221.67212411204784	5875.411087386
749	-221.67212411204784	5883.571805391
750	-221.67212411204784	5891.087101736
751	-221.67212411204784	5898.273201535
752	-221.67212411204784	5906.979359973
753	-221.67212411204784	5915.2967299
754	-221.67212411204784	5921.30830549
755	-221.67212411204784	5928.412660277
756	-221.67212411204784	5936.369435705
757	-221.67212411204784	5945.021987975
758	-221.67212411204784	5954.206892069
759	-221.67212411204784	5962.339635874
760	-221.67212411204784	5971.412698766
761	-221.67212411204784	5980.027727873
762	-221.67212411204784	5988.21595394
763	-221.67212411204784	5997.135313973
764	-221.67212411204784	6005.547611604
765	-221.67212411204784	6011.497125133
766	-221.67212411204784	6019.539138177
767	-221.67212411204784	6027.545338225
768	-221.67212411204784	6036.511793904
769	-221.67212411204784	6043.66428053
770	-221.67212411204784	6051.716114095
771	-221.67212411204784	6059.711935114
772	-221.67212411204784	6069.020815791
773	-221.67212411204784	6076.668711397
774	-221.67212411204784	6085.814427492
775	-221.67212411204784	6093.014265499
776	-221.67212411204784	6102.341687732
777	-221.67212411204784	6110.070805335
778	-221.67212411204784	6117.728287109
779	-221.67212411204784	6126.620526529
780	-221.67212411204784	6132.994005223
781	-221.67212411204784	6139.732463525
782	-221.67212411204784	6147.557522786
783	-221.67212411204784	6155.827835555
784	-221.67212411204784	6164.41937222
785	-221.67212411204784	6172.94505401
786	-221.67212411204784	6180.430472265
787	-221.67212411204784	6188.123817071
788	-221.67212411204784	6197.132646729
789	-221.67212411204784	6205.22219376
790	-221.67212411204784	6211.849701651
791	-221.67212411204784	6219.905762093
792	-221.67212411204784	6227.588763364
793	-221.67212411204784	6234.570863281
794	-221.67212411204784	6243.155818008
795	-221.67212411204784	6250.756583755
796	-221.67212411204784	6258.24883284
797	-221.67212411204784	6265.959321647
798	-221.67212411204784	6272.107941475
799	-221.67212411204784	6279.720393146
800	-221.67212411204784	6287.627984291
801	-221.67212411204784	6296.021955046
802	-221.67212411204784	6302.350440414
803	-221.67212411204784	6310.512692821
804	-221.67212411204784	6318.955765749
805	-221.67212411204784	6327.841631068
806	-221.67212411204784	6334.452767292
807	-221.67212411204784	6342.857932174
808	-221.67212411204784	6350.035679997
809	-221.67212411204784	6358.118766542
810	-221.67212411204784	6365.366778725
811	-221.67212411204784	6374.45076718
812	-221.67212411204784	6381.229167424
813	-221.67212411204784	6388.677952453
814	-221.67212411204784	6397.246084343
815	-221.67212411204784	6405.180278219
816	-221.67212411204784	6412.97747447
817	-221.67212411204784	6421.180150352
818	-221.67212411204784	6429.062740739
819	-221.67212411204784	6437.009555806
820	-221.67212411204784	6443.384461135
821	-221.67212411204784	6451.027677839
822	-221.67212411204784	6457.90360204
823	-221.67212411204784	6465.246460674
824	-221.67212411204784	6472.184125773
825	-221.67212411204784	6479.245826471
826	-221.67212411204784	6485.395722403
827	-221.67212411204784	6492.530364968
828	-221.67212411204784	6498.737487967
829	-221.67212411204784	6504.450821491
830	-221.67212411204784	6511.230026997
831	-221.67212411204784	6518.295985792
832	-221.67212411204784	6525.586444227
833	-221.67212411204784	6533.898418513
834	-221.67212411204784	6541.764403308
835	-221.67212411204784	6549.318325294
836	-221.67212411204784	6557.273401247
837	-221.67212411204784	6564.873378838
838	-221.67212411204784	6572.938812907
839	-221.67212411204784	6579.96183622
840	-221.67212411204784	6587.620445276
841	-221.67212411204784	6595.405147348
842	-221.67212411204784	6601.338515863
843	-221.67212411204784	6608.102447903
844	-221.67212411204784	6616.744269617
845	-221.67212411204784	6624.140949953
846	-221.67212411204784	6630.548006752
847	-221.67212411204784	6637.441475661
848	-221.67212411204784	6645.146869035
849	-221.67212411204784	6653.201203061
850	-221.67212411204784	6661.101464739
851	-221.67212411204784	6667.658319966
852	-221.67212411204784	6673.718207434
853	-221.67212411204784	6681.338136539
854	-221.67212411204784	6688.254121142
855	-221.67212411204784	6695.179604245
856	-221.67212411204784	6702.613368976
857	-221.67212411204784	6709.767933974
858	-221.67212411204784	6717.257870336
859	-221.67212411204784	6724.468608248
860	-221.67212411204784	6729.955579722
861	-221.67212411204784	6735.97691254
862	-221.67212411204784	6742.615359252
863	-221.67212411204784	6749.308589448
864	-221.67212411204784	6756.509671057
865	-221.67212411204784	6764.498698452
866	-221.67212411204784	6772.504795436
867	-221.67212411204784	6779.71423629
868	-221.67212411204784	6787.329988124
869	-221.67212411204784	6795.165803173
870	-221.67212411204784	6801.501089862
871	-221.67212411204784	6808.419888392
872	-221.67212411204784	6814.533169914
873	-221.67212411204784	6820.900920684
874	-221.67212411204784	6827.392829361
875	-221.67212411204784	6835.632662766
876	-221.67212411204784	6842.485242492
877	-221.67212411204784	6850.184186927
878	-221.67212411204784	6857.434170142
879	-221.67212411204784	6863.620547484
880	-221.67212411204784	6870.996830269
881	-221.67212411204784	6877.442402375
882	-221.67212411204784	6882.68846277
883	-221.67212411204784	6889.06677603
884	-221.67212411204784	6893.573667372
885	-221.67212411204784	6900.72296032
886	-221.67212411204784	6906.920623306
887	-221.67212411204784	6913.216452151
888	-221.67212411204784	6919.713467378
889	-221.67212411204784	6926.545519976
890	-221.67212411204784	6933.824337391
891	-221.67212411204784	6940.819986067
892	-221.67212411204784	6948.688754427
893	-221.67212411204784	6955.74460361
894	-221.67212411204784	6961.365185734
895	-221.67212411204784	6969.431065841
896	-221.67212411204784	6976.428423401
897	-221.67212411204784	6981.746370226
898	-221.67212411204784	6988.127585082
899	-221.67212411204784	6996.089576966
900	-221.67212411204784	7003.439989582
901	-221.67212411204784	7009.904949133
902	-221.67212411204784	7016.362358122
903	-221.67212411204784	7022.740396404
904	-221.67212411204784	7029.891036872
905	-221.67212411204784	7037.755858891
906	-221.67212411204784	7045.246812201
907	-221.67212411204784	7053.036676418
908	-221.67212411204784	7060.169166201
909	-221.67212411204784	7067.6012909
910	-221.67212411204784	7074.733081904
911	-221.67212411204784	7080.407425859
912	-221.67212411204784	7087.413822626
913	-221.67212411204784	7095.438699794
914	-221.67212411204784	7101.818581242
915	-221.67212411204784	7107.779632727
916	-221.67212411204784	7114.951992179
917	-221.67212411204784	7121.175063901
918	-221.67212411204784	7126.810956697
919	-221.67212411204784	7134.348620769
920	-221.67212411204784	7142.466557673
921	-221.67212411204784	7149.808415609
922	-221.67212411204784	7156.504478121
923	-221.67212411204784	7163.744727628
924	-221.67212411204784	7171.809032706
925	-221.67212411204784	7179.6523795
926	-221.67212411204784	7186.314021867
927	-221.67212411204784	7192.617235774
928	-221.67212411204784	7199.032841694
929	-221.67212411204784	7205.549181074
930	-221.67212411204784	7212.220218879
931	-221.67212411204784	7217.250988189
932	-221.67212411204784	7224.682689515
933	-221.67212411204784	7231.14063221
934	-221.67212411204784	7238.305996188
935	-221.67212411204784	7245.614623269
936	-221.67212411204784	7251.999115195
937	-221.67212411204784	7260.167334155
938	-221.67212411204784	7267.194608293
939	-221.67212411204784	7273.982938108
940	-221.67212411204784	7280.780610331
941	-221.67212411204784	7288.303857945
942	-221.67212411204784	7295.882506995
943	-221.67212411204784	7302.589631918
944	-221.67212411204784	7309.223833364
945	-221.67212411204784	7315.339482776
946	-221.67212411204784	7322.705998069
947	-221.67212411204784	7330.378580968
948	-221.67212411204784	7337.585071047
949	-221.67212411204784	7344.589333847
950	-221.67212411204784	7351.604967821
951	-221.67212411204784	7359.213181923
952	-221.67212411204784	7366.160084657
953	-221.67212411204784	7372.129040797
954	-221.67212411204784	7378.255452411
955	-221.67212411204784	7384.378839268
956	-221.67212411204784	7392.097894301
957	-221.67212411204784	7399.877131026
958	-221.67212411204784	7406.5994503
959	-221.67212411204784	7412.829650923
960	-221.67212411204784	7421.100656911
961	-221.67212411204784	7427.944443755
962	-221.67212411204784	7435.213901655
963	-221.67212411204784	7442.272121722
964	-221.67212411204784	7446.466951537
965	-221.67212411204784	7453.239516945
966	-221.67212411204784	7460.698777224
967	-221.67212411204784	7467.72136177
968	-221.67212411204784	7474.121977327
969	-221.67212411204784	7480.300990562
970	-221.67212411204784	7486.204925741
971	-221.67212411204784	7494.082168383
972	-221.67212411204784	7501.127771109
973	-221.67212411204784	7508.779208072
974	-221.67212411204784	7513.927277089
975	-221.67212411204784	7519.261970202
976	-221.67212411204784	7525.826536787
977	-221.67212411204784	7531.68521478
978	-221.67212411204784	7539.679390635
979	-221.67212411204784	7547.156972659
980	-221.67212411204784	7553.018115618
981	-221.67212411204784	7560.232082704
982	-221.67212411204784	7567.0291652
983	-221.67212411204784	7574.343080583
984	-221.67212411204784	7581.539869028
985	-221.67212411204784	7588.820056629
986	-221.67212411204784	7596.479459828
987	-221.67212411204784	7603.465232818
988	-221.67212411204784	7611.442505866
989	-221.67212411204784	7618.689076446
990	-221.67212411204784	7625.697056367
991	-221.67212411204784	7632.813006843
992	-221.67212411204784	7638.327990578
993	-221.67212411204784	7645.907037341
994	-221.67212411204784	7652.759507588
995	-221.67212411204784	7660.673317171
996	-221.67212411204784	7667.452563731
997	-221.67212411204784	7675.459302189
998	-221.67212411204784	7681.527258102
999	-221.67212411204784	7688.510525071
1000	-221.67212411204784	7695.581432186
1001	-221.67212411204784	7702.52357562
1002	-221.67212411204784	7709.018283684
1003	-221.67212411204784	7717.069432155
1004	-221.67212411204784	7724.906305634
1005	-221.67212411204784	7732.752624158
1006	-221.67212411204784	7739.717645076
1007	-221.67212411204784	7745.756325883
1008	-221.67212411204784	7753.068788544
1009	-221.67212411204784	7760.047758074
1010	-221.67212411204784	7766.28317387
1011	-221.67212411204784	7772.816116703
1012	-221.67212411204784	7778.762441257
1013	-221.67212411204784	7786.602327092
1014	-221.67212411204784	7792.07896273
1015	-221.67212411204784	7799.106077355
1016	-221.67212411204784	7806.432058413
1017	-221.67212411204784	7811.501334905
1018	-221.67212411204784	7819.112815813
1019	-221.67212411204784	7826.781335623
1020	-221.67212411204784	7832.781144037
1021	-221.67212411204784	7839.640839833
1022	-221.67212411204784	7846.963327003
1023	-221.67212411204784	7854.129557824
1024	-221.67212411204784	7861.569206571
1025	-221.67212411204784	7867.675461828
1026	-221.67212411204784	7874.472395075
1027	-221.67212411204784	7881.731423483
1028	-221.67212411204784	7889.316812274
1029	-221.67212411204784	7895.770591382
1030	-221.67212411204784	7902.580720151
1031	-221.67212411204784	7910.406367002
1032	-221.67212411204784	7917.357380721
1033	-221.67212411204784	7924.193033264
1034	-221.67212411204784	7931.622616447
1035	-221.67212411204784	7939.47698802
1036	-221.67212411204784	7947.379177965
1037	-221.67212411204784	7953.867412714
1038	-221.67212411204784	7960.5037199
1039	-221.67212411204784	7968.429812831
1040	-221.67212411204784	7975.895424546
1041	-221.67212411204784	7983.257671052
1042	-221.67212411204784	7989.474308375
1043	-221.67212411204784	7997.465720765
1044	-221.67212411204784	8004.912609173
1045	-221.67212411204784	8012.307295384
1046	-221.67212411204784	8019.756759091
1047	-221.67212411204784	8027.322005209
1048	-221.67212411204784	8035.436567967
1049	-221.67212411204784	8042.814587005
1050	-221.67212411204784	8049.853588548
1051	-221.67212411204784	8056.600400963
1052	-221.67212411204784	8063.407878739
1053	-221.67212411204784	8071.136327928
1054	-221.67212411204784	8078.164189655
1055	-221.67212411204784	8084.918491478
1056	-221.67212411204784	8092.246624036
1057	-221.67212411204784	8099.132320006
1058	-221.67212411204784	8106.748560214
1059	-221.67212411204784	8113.991089088
1060	-221.67212411204784	8121.294404347
1061	-221.67212411204784	8128.614322205
1062	-221.67212411204784	8134.998209863
1063	-221.67212411204784	8142.043337471
1064	-221.67212411204784	8149.632593915
1065	-221.67212411204784	8157.77006623
1066	-221.67212411204784	8165.540172659
1067	-221.67212411204784	8173.286075038
1068	-221.67212411204784	8180.487582584
1069	-221.67212411204784	8187.216352936
1070	-221.67212411204784	8194.978983214
1071	-221.67212411204784	8202.964488068
1072	-221.67212411204784	8211.013306711
1073	-221.67212411204784	8218.164457791
1074	-221.67212411204784	8225.214769354
1075	-221.67212411204784	8233.854138076
1076	-221.67212411204784	8240.780495294
1077	-221.67212411204784	8248.365136554
1078	-221.67212411204784	8255.354220826
1079	-221.67212411204784	8263.356305185
1080	-221.67212411204784	8270.189811787
1081	-221.67212411204784	8277.838247086
1082	-221.67212411204784	8286.050045993
1083	-221.67212411204784	8292.161103744
1084	-221.67212411204784	8299.886354121
1085	-221.67212411204784	8307.743584952
1086	-221.67212411204784	8314.515438752
1087	-221.67212411204784	8321.399963393
1088	-221.67212411204784	8329.737129597
1089	-221.67212411204784	8334.95329052
1090	-221.67212411204784	8339.592930371
1091	-221.67212411204784	8345.680057767
1092	-221.67212411204784	8353.605887693
1093	-221.67212411204784	8362.145938045
1094	-221.67212411204784	8369.789717961
1095	-221.67212411204784	8378.23871767
1096	-221.67212411204784	8384.768073388
1097	-221.67212411204784	8392.175136601
1098	-221.67212411204784	8399.856787787
1099	-221.67212411204784	8406.886241649
1100	-221.67212411204784	8414.958196076
1101	-221.67212411204784	8422.267179816
1102	-221.67212411204784	8430.454123365
1103	-221.67212411204784	8437.506121574
1104	-221.67212411204784	8444.833066552
1105	-221.67212411204784	8451.202607886
1106	-221.67212411204784	8458.710115042
1107	-221.67212411204784	8466.581027631
1108	-221.67212411204784	8474.669911806
1109	-221.67212411204784	8481.39721233
1110	-221.67212411204784	8489.438426527
1111	-221.67212411204784	8496.303169431
1112	-221.67212411204784	8503.62011898
1113	-221.67212411204784	8509.554334239
1114	-221.67212411204784	8515.394264122
1115	-221.67212411204784	8521.695845694
1116	-221.67212411204784	8529.574968279
1117	-221.67212411204784	8537.198852277
1118	-221.67212411204784	8543.240976082
1119	-221.67212411204784	8550.715205769
1120	-221.67212411204784	8557.022826594
1121	-221.67212411204784	8560.948240846
1122	-221.67212411204784	8568.114224059
1123	-221.67212411204784	8574.740054713
1124	-221.67212411204784	8581.002182718
1125	-221.67212411204784	8589.20073949
1126	-221.67212411204784	8596.197834046
1127	-221.67212411204784	8602.884877878
1128	-221.67212411204784	8608.466538001
1129	-221.67212411204784	8614.17781026
1130	-221.67212411204784	8621.259543297
1131	-221.67212411204784	8629.192617162
1132	-221.67212411204784	8637.061560429
1133	-221.67212411204784	8644.748815093
1134	-221.67212411204784	8652.215757222
1135	-221.67212411204784	8658.387302432
1136	-221.67212411204784	8665.410341567
1137	-221.67212411204784	8673.149881819
1138	-221.67212411204784	8679.573282061
1139	-221.67212411204784	8686.31947909
1140	-221.67212411204784	8693.22371961
1141	-221.67212411204784	8700.177083257
1142	-221.67212411204784	8706.700698649
1143	-221.67212411204784	8708.81435864
1144	-221.67212411204784	8714.80099548
1145	-221.67212411204784	8722.785292227
1146	-221.67212411204784	8729.348333817
1147	-221.67212411204784	8735.56644054
1148	-221.67212411204784	8740.84750311
1149	-221.67212411204784	8748.476131013
1150	-221.67212411204784	8754.377136371
1151	-221.67212411204784	8761.883431999
1152	-221.67212411204784	8766.781507538
1153	-221.67212411204784	8773.011874516
1154	-221.67212411204784	8779.606357251
1155	-221.67212411204784	8787.407706397
1156	-221.67212411204784	8794.184501248
1157	-221.67212411204784	8800.241605153
1158	-221.67212411204784	8807.235161345
1159	-221.67212411204784	8813.352656488
1160	-221.67212411204784	8819.59400719
1161	-221.67212411204784	8826.307934718
1162	-221.67212411204784	8831.182164149
1163	-221.67212411204784	8837.704892598
1164	-221.67212411204784	8844.962865997
1165	-221.67212411204784	8851.154979817
1166	-221.67212411204784	8857.881354482
1167	-221.67212411204784	8864.370331628
1168	-221.67212411204784	8871.103914309
1169	-221.67212411204784	8878.009226089
1170	-221.67212411204784	8884.701139127
1171	-221.67212411204784	8892.79448667
1172	-221.67212411204784	8899.454725494
1173	-221.67212411204784	8904.467558371
1174	-221.67212411204784	8912.227861385
1175	-221.67212411204784	8919.088744334
1176	-221.67212411204784	8926.948237853
1177	-221.67212411204784	8934.652622832
1178	-221.67212411204784	8941.803229943
1179	-221.67212411204784	8948.738507481
1180	-221.67212411204784	8955.965159904
1181	-221.67212411204784	8964.303038571
1182	-221.67212411204784	8970.041331372
1183	-221.67212411204784	8977.419220405
1184	-221.67212411204784	8983.514547533
1185	-221.67212411204784	8990.233718032
1186	-221.67212411204784	8997.034577947
1187	-221.67212411204784	9003.48127092
1188	-221.67212411204784	9011.600079371
1189	-221.67212411204784	9017.155057221
1190	-221.67212411204784	9023.814157218
1191	-221.67212411204784	9029.840029952
1192	-221.67212411204784	9037.174480589
1193	-221.67212411204784	9044.281412814
1194	-221.67212411204784	9050.405498875
1195	-221.67212411204784	9056.999066871
1196	-221.67212411204784	9063.982250449
1197	-221.67212411204784	9070.574212196
1198	-221.67212411204784	9075.911404915
1199	-221.67212411204784	9083.077357337
1200	-221.67212411204784	9089.457770352
1201	-221.67212411204784	9096.736692113
1202	-221.67212411204784	9102.839866591
1203	-221.67212411204784	9109.600882068
1204	-221.67212411204784	9117.767839036
1205	-221.67212411204784	9124.1729727
1206	-221.67212411204784	9130.169799548
1207	-221.67212411204784	9137.504894651
1208	-221.67212411204784	9145.271995994
1209	-221.67212411204784	9153.69174369
1210	-221.67212411204784	9160.768510445
1211	-221.67212411204784	9167.303533788
1212	-221.67212411204784	9173.673367206
1213	-221.67212411204784	9179.976353604
1214	-221.67212411204784	9185.663565502
1215	-221.67212411204784	9193.642133897
1216	-221.67212411204784	9200.279128743
1217	-221.67212411204784	9207.838146588
1218	-221.67212411204784	9215.081757413
1219	-221.67212411204784	9222.656427193
1220	-221.67212411204784	9230.088643837
1221	-221.67212411204784	9236.054224547
1222	-221.67212411204784	9242.444476898
1223	-221.67212411204784	9247.904648924
1224	-221.67212411204784	9254.731810078
1225	-221.67212411204784	9260.085561774
1226	-221.67212411204784	9265.084462717
1227	-221.67212411204784	9272.852920133
1228	-221.67212411204784	9280.970410572
1229	-221.67212411204784	9288.047148675
1230	-221.67212411204784	9294.950325633
1231	-221.67212411204784	9302.501088579
1232	-221.67212411204784	9308.922052935
1233	-221.67212411204784	9316.711897481
1234	-221.67212411204784	9323.628378583
1235	-221.67212411204784	9330.491728636
1236	-221.67212411204784	9337.481589518
1237	-221.67212411204784	9344.224603559
1238	-221.67212411204784	9352.189739515
1239	-221.67212411204784	9359.918094193
1240	-221.67212411204784	9365.870186442
1241	-221.67212411204784	9373.506538532
1242	-221.67212411204784	9380.058266681
1243	-221.67212411204784	9387.286743025
1244	-221.67212411204784	9393.190866369
1245	-221.67212411204784	9399.688270328
1246	-221.67212411204784	9406.382247199
1247	-221.67212411204784	9413.242918889
1248	-221.67212411204784	9420.635073421
1249	-221.67212411204784	9427.156023279
1250	-221.67212411204784	9433.901137502
1251	-221.67212411204784	9440.620980692
1252	-221.67212411204784	9446.602880469
1253	-221.67212411204784	9452.721235186
1254	-221.67212411204784	9460.091243084
1255	-221.67212411204784	9467.56211231
1256	-221.67212411204784	9475.412995554
1257	-221.67212411204784	9482.970115067
1258	-221.67212411204784	9489.330724535
1259	-221.67212411204784	9495.991558218
1260	-221.67212411204784	9502.22954632
1261	-221.67212411204784	9508.932024415
1262	-221.67212411204784	9515.121604845
1263	-221.67212411204784	9522.2266165
1264	-221.67212411204784	9529.465387199
1265	-221.67212411204784	9536.079110269
1266	-221.67212411204784	9541.606988461
1267	-221.67212411204784	9546.929610767
1268	-221.67212411204784	9552.416890148
1269	-221.67212411204784	9559.458942109
1270	-221.67212411204784	9566.413938091
1271	-221.67212411204784	9573.691751387
1272	-221.67212411204784	9581.637192847
1273	-221.67212411204784	9588.249307102
1274	-221.67212411204784	9595.550365661
1275	-221.67212411204784	9603.800854784
1276	-221.67212411204784	9611.469130407
1277	-221.67212411204784	9619.399854343
1278	-221.67212411204784	9627.907511603
1279	-221.67212411204784	9634.52101871
1280	-221.67212411204784	9640.855780247
1281	-221.67212411204784	9647.599555502
1282	-221.67212411204784	9654.030572164
1283	-221.67212411204784	9660.421267559
1284	-221.67212411204784	9666.430394433
1285	-221.67212411204784	9672.674925557
1286	-221.67212411204784	9680.140250747
1287	-221.67212411204784	9685.874822152
1288	-221.67212411204784	9692.347821494
1289	-221.67212411204784	9699.938274498
1290	-221.67212411204784	9707.165555992
1291	-221.67212411204784	9714.228951889
1292	-221.67212411204784	9722.193082871
1293	-221.67212411204784	9729.720421798
1294	-221.67212411204784	9736.26701175
1295	-221.67212411204784	9742.544551779
1296	-221.67212411204784	9749.855666065
1297	-221.67212411204784	9756.344162106
1298	-221.67212411204784	9762.303258382
1299	-221.67212411204784	9769.820255913
1300	-221.67212411204784	9777.785134852
1301	-221.67212411204784	9783.521376652
1302	-221.67212411204784	9790.037216111
1303	-221.67212411204784	9795.810177521
1304	-221.67212411204784	9802.421837614
1305	-221.67212411204784	9809.845409343
1306	-221.67212411204784	9815.986022309
1307	-221.67212411204784	9821.705760725
1308	-221.67212411204784	9827.65602948
1309	-221.67212411204784	9834.716363414
1310	-221.67212411204784	9842.221458632
1311	-221.67212411204784	9848.743159441
1312	-221.67212411204784	9856.283176008
1313	-221.67212411204784	9862.478045595
1314	-221.67212411204784	9868.928973571
1315	-221.67212411204784	9875.989289115
1316	-221.67212411204784	9881.915682683
1317	-221.67212411204784	9890.043561987
1318	-221.67212411204784	9896.465647209
1319	-221.67212411204784	9903.377443423
1320	-221.67212411204784	9910.609515436
1321	-221.67212411204784	9917.721716718
1322	-221.67212411204784	9924.232332023
1323	-221.67212411204784	9931.493789474
1324	-221.67212411204784	9939.826836568
1325	-221.67212411204784	9946.034580513
1326	-221.67212411204784	9953.509067217
1327	-221.67212411204784	9959.913100541
1328	-221.67212411204784	9966.201008053
1329	-221.67212411204784	9973.099842668
1330	-221.67212411204784	9979.985383402
1331	-221.67212411204784	9987.583887316
1332	-221.67212411204784	9994.510191933
1333	-221.67212411204784	10002.716744449
1334	-221.67212411204784	10010.506367045
1335	-221.67212411204784	10018.505369768
1336	-221.67212411204784	10026.776356512
1337	-221.67212411204784	10033.091292264
1338	-221.67212411204784	10040.574817747
1339	-221.67212411204784	10047.655038191
1340	-221.67212411204784	10055.29128123
1341	-221.67212411204784	10061.765879123
1342	-221.67212411204784	10068.945299052
1343	-221.67212411204784	10075.160333121
1344	-221.67212411204784	10083.555329805
1345	-221.67212411204784	10091.157491824
1346	-221.67212411204784	10098.628975153
1347	-221.67212411204784	10105.798367152
1348	-221.67212411204784	10112.305638246
1349	-221.67212411204784	10120.136280031
1350	-221.67212411204784	10126.878042345
1351	-221.67212411204784	10134.945080952
1352	-221.67212411204784	10142.807223325
1353	-221.67212411204784	10149.788785688
1354	-221.67212411204784	10157.415212483
1355	-221.67212411204784	10164.802645348
1356	-221.67212411204784	10173.163558874
1357	-221.67212411204784	10181.45477895
1358	-221.67212411204784	10187.944316744
1359	-221.67212411204784	10194.754741873
1360	-221.67212411204784	10201.935728706
1361	-221.67212411204784	10208.582525256
1362	-221.67212411204784	10216.928274793
1363	-221.67212411204784	10224.018923446
1364	-221.67212411204784	10231.315275733
1365	-221.67212411204784	10239.104876091
1366	-221.67212411204784	10244.437407013
1367	-221.67212411204784	10252.998877423
1368	-221.67212411204784	10260.505592573
1369	-221.67212411204784	10266.551202996
1370	-221.67212411204784	10274.919530664
1371	-221.67212411204784	10282.666186132
1372	-221.67212411204784	10290.430003134
1373	-221.67212411204784	10298.166174799
1374	-221.67212411204784	10305.076326704
1375	-221.67212411204784	10313.183618582
1376	-221.67212411204784	10320.485550826
1377	-221.67212411204784	10328.903004615
1378	-221.67212411204784	10336.224942684
1379	-221.67212411204784	10343.916985728
1380	-221.67212411204784	10349.837155727
1381	-221.67212411204784	10356.077473658
1382	-221.67212411204784	10362.638206374
1383	-221.67212411204784	10369.898966331
1384	-221.67212411204784	10377.614666462
1385	-221.67212411204784	10381.83257946
1386	-221.67212411204784	10389.807661237
1387	-221.67212411204784	10396.886233952
1388	-221.67212411204784	10403.518983103
1389	-221.67212411204784	10409.469934386
1390	-221.67212411204784	10415.041685893
1391	-221.67212411204784	10422.220563991
1392	-221.67212411204784	10428.944058444
1393	-221.67212411204784	10435.205475269
1394	-221.67212411204784	10441.923813136
1395	-221.67212411204784	10448.691549109
1396	-221.67212411204784	10455.764606441
1397	-221.67212411204784	10463.612558582
1398	-221.67212411204784	10470.185640076
1399	-221.67212411204784	10477.61579246
1400	-221.67212411204784	10485.177570349
1401	-221.67212411204784	10492.404949347
1402	-221.67212411204784	10500.24018707
1403	-221.67212411204784	10507.229239269
1404	-221.67212411204784	10514.466127459
1405	-221.67212411204784	10520.414074938
1406	-221.67212411204784	10527.879525857
1407	-221.67212411204784	10535.626539267
1408	-221.67212411204784	10541.405292749
1409	-221.67212411204784	10548.535719555
1410	-221.67212411204784	10553.043552579
1411	-221.67212411204784	10561.272321862
1412	-221.67212411204784	10569.156776796
1413	-221.67212411204784	10577.504749678
1414	-221.67212411204784	10584.838442093
1415	-221.67212411204784	10592.931507816
1416	-221.67212411204784	10599.649451391
1417	-221.67212411204784	10605.775578191
1418	-221.67212411204784	10613.532749964
1419	-221.67212411204784	10621.158708484
1420	-221.67212411204784	10628.778129115
1421	-221.67212411204784	10636.121600568
1422	-221.67212411204784	10643.629707715
1423	-221.67212411204784	10650.397484742
1424	-221.67212411204784	10656.707846794
1425	-221.67212411204784	10664.100767672
1426	-221.67212411204784	10671.752077196
1427	-221.67212411204784	10677.920279477
1428	-221.67212411204784	10685.523959221
1429	-221.67212411204784	10693.004728937
1430	-221.67212411204784	10699.121865283
1431	-221.67212411204784	10706.984629885
1432	-221.67212411204784	10714.6501754
1433	-221.67212411204784	10722.482011179
1434	-221.67212411204784	10730.731331539
1435	-221.67212411204784	10737.533146821
1436	-221.67212411204784	10743.780334926
1437	-221.67212411204784	10751.632300548
1438	-221.67212411204784	10759.131076404
1439	-221.67212411204784	10766.778581567
1440	-221.67212411204784	10774.469426339
1441	-221.67212411204784	10780.879954789
1442	-221.67212411204784	10788.123996683
1443	-221.67212411204784	10795.08511146
1444	-221.67212411204784	10801.50617503
1445	-221.67212411204784	10808.165194201
1446	-221.67212411204784	10813.748018811
1447	-221.67212411204784	10821.096689616
1448	-221.67212411204784	10827.02500418
1449	-221.67212411204784	10834.582535947
1450	-221.67212411204784	10841.968463916
1451	-221.67212411204784	10847.478828192
1452	-221.67212411204784	10853.989409285
1453	-221.67212411204784	10861.849371506
1454	-221.67212411204784	10867.537630716
1455	-221.67212411204784	10874.028864563
1456	-221.67212411204784	10880.965680352
1457	-221.67212411204784	10887.443571139
1458	-221.67212411204784	10893.950718214
1459	-221.67212411204784	10901.046624805
1460	-221.67212411204784	10905.849067876
1461	-221.67212411204784	10913.953739978
1462	-221.67212411204784	10921.018183186
1463	-221.67212411204784	10928.855251673
1464	-221.67212411204784	10936.295451659
1465	-221.67212411204784	10942.67014744
1466	-221.67212411204784	10950.591686342
1467	-221.67212411204784	10957.77593485
1468	-221.67212411204784	10964.957574703
1469	-221.67212411204784	10972.529339039
1470	-221.67212411204784	10980.525903311
1471	-221.67212411204784	10987.935368626
1472	-221.67212411204784	10994.473020297
1473	-221.67212411204784	11001.866858481
1474	-221.67212411204784	11009.861479946
1475	-221.67212411204784	11016.408208884
1476	-221.67212411204784	11022.828257644
1477	-221.67212411204784	11028.781475892
1478	-221.67212411204784	11036.261661868
1479	-221.67212411204784	11044.245530538
1480	-221.67212411204784	11051.11998534
1481	-221.67212411204784	11057.716760699
1482	-221.67212411204784	11064.865187231
1483	-221.67212411204784	11072.140311473
1484	-221.67212411204784	11079.283483488
1485	-221.67212411204784	11086.461172723
1486	-221.67212411204784	11093.315683709
1487	-221.67212411204784	11100.036476706
1488	-221.67212411204784	11107.254762187
1489	-221.67212411204784	11114.103392151
1490	-221.67212411204784	11121.882841844
1491	-221.67212411204784	11129.535005382
1492	-221.67212411204784	11136.690837502
1493	-221.67212411204784	11144.054994314
1494	-221.67212411204784	11150.223118336
1495	-221.67212411204784	11156.323014032
1496	-221.67212411204784	11163.334656763
1497	-221.67212411204784	11170.247789378
1498	-221.67212411204784	11175.759268105
1499	-221.67212411204784	11182.991542823
1500	-221.67212411204784	11189.646145668
1501	-221.67212411204784	11196.663461584
1502	-221.67212411204784	11204.533075832
1503	-221.67212411204784	11211.246163458
1504	-221.67212411204784	11219.11133786
1505	-221.67212411204784	11226.321116128
1506	-221.67212411204784	11231.906996287
1507	-221.67212411204784	11238.07357778
1508	-221.67212411204784	11245.774012998
1509	-221.67212411204784	11252.578909915
1510	-221.67212411204784	11259.788843848
1511	-221.67212411204784	11267.471027028
1512	-221.67212411204784	11273.575482313
1513	-221.67212411204784	11280.082649488
1514	-221.67212411204784	11288.394841019
1515	-221.67212411204784	11295.757688372
1516	-221.67212411204784	11301.600160197
1517	-221.67212411204784	11308.139445913
1518	-221.67212411204784	11315.191789234
1519	-221.67212411204784	11321.410805566
1520	-221.67212411204784	11328.546830718
1521	-221.67212411204784	11336.262860994
1522	-221.67212411204784	11343.204764517
1523	-221.67212411204784	11349.007166961
1524	-221.67212411204784	11355.163028589
1525	-221.67212411204784	11362.011007245
1526	-221.67212411204784	11370.161978712
1527	-221.67212411204784	11378.195866007
1528	-221.67212411204784	11385.159464139
1529	-221.67212411204784	11392.432170457
1530	-221.67212411204784	11398.692495068
1531	-221.67212411204784	11406.773152569
1532	-221.67212411204784	11414.36133647
1533	-221.67212411204784	11421.786807813
1534	-221.67212411204784	11428.684393695
1535	-221.67212411204784	11436.387403357
1536	-221.67212411204784	11442.164393643
1537	-221.67212411204784	11449.888073696
1538	-221.67212411204784	11457.021711287
1539	-221.67212411204784	11464.348980422
1540	-221.67212411204784	11470.880801105
1541	-221.67212411204784	11478.106071796
1542	-221.67212411204784	11485.18370796
1543	-221.67212411204784	11493.447576067
1544	-221.67212411204784	11501.380995471
1545	-221.67212411204784	11508.650076185
1546	-221.67212411204784	11515.804412819
1547	-221.67212411204784	11523.160825344
1548	-221.67212411204784	11529.833970173
1549	-221.67212411204784	11537.981771482
1550	-221.67212411204784	11544.8520024
1551	-221.67212411204784	11552.856525638
1552	-221.67212411204784	11559.881190693
1553	-221.67212411204784	11566.036992878
1554	-221.67212411204784	11573.516274805
1555	-221.67212411204784	11581.277245379
1556	-221.67212411204784	11587.70186057
1557	-221.67212411204784	11595.867387482
1558	-221.67212411204784	11603.595730614
1559	-221.67212411204784	11609.768170036
1560	-221.67212411204784	11616.119270739
1561	-221.67212411204784	11622.618263841
1562	-221.67212411204784	11629.812792164
1563	-221.67212411204784	11636.807971282
1564	-221.67212411204784	11643.947882477
1565	-221.67212411204784	11650.655765193
1566	-221.67212411204784	11658.250039664
1567	-221.67212411204784	11664.63833253
1568	-221.67212411204784	11672.070781814
1569	-221.67212411204784	11678.282703884
1570	-221.67212411204784	11684.850827222
1571	-221.67212411204784	11692.809078464
1572	-221.67212411204784	11698.58018388
1573	-221.67212411204784	11706.01057532
1574	-221.67212411204784	11713.215633632
1575	-221.67212411204784	11721.498460251
1576	-221.67212411204784	11728.806192265
1577	-221.67212411204784	11736.260615839
1578	-221.67212411204784	11744.050805925
1579	-221.67212411204784	11752.050508709
1580	-221.67212411204784	11758.042079757
1581	-221.67212411204784	11764.202007467
1582	-221.67212411204784	11772.099004049
1583	-221.67212411204784	11779.742766005
1584	-221.67212411204784	11787.375358637
1585	-221.67212411204784	11794.28448333
1586	-221.67212411204784	11802.005902404
1587	-221.67212411204784	11809.486781598
1588	-221.67212411204784	11817.393200132
1589	-221.67212411204784	11824.198564469
1590	-221.67212411204784	11832.520752713
1591	-221.67212411204784	11840.075406833
1592	-221.67212411204784	11847.148718188
1593	-221.67212411204784	11854.926938392
1594	-221.67212411204784	11861.766602277
1595	-221.67212411204784	11869.762805614
1596	-221.67212411204784	11877.480920248
1597	-221.67212411204784	11884.437570802
1598	-221.67212411204784	11892.182068356
1599	-221.67212411204784	11899.471383686
1600	-221.67212411204784	11905.496780448
1601	-221.67212411204784	11913.054711211
1602	-221.67212411204784	11918.20444036
1603	-221.67212411204784	11925.030731676
1604	-221.67212411204784	11933.208372588
1605	-221.67212411204784	11941.495362366
1606	-221.67212411204784	11947.273888338
1607	-221.67212411204784	11954.880146375
1608	-221.67212411204784	11962.249257923
1609	-221.67212411204784	11969.564340786
1610	-221.67212411204784	11976.737673139
1611	-221.67212411204784	11984.287134323
1612	-221.67212411204784	11991.333542311
1613	-221.67212411204784	11998.465857185
1614	-221.67212411204784	12005.257830137
1615	-221.67212411204784	12011.633952554
1616	-221.67212411204784	12019.828987213
1617	-221.67212411204784	12026.777451292
1618	-221.67212411204784	12034.88433562
1619	-221.67212411204784	12042.962163799
1620	-221.67212411204784	12048.419349555
1621	-221.67212411204784	12055.100294265
1622	-221.67212411204784	12061.44502215
1623	-221.67212411204784	12066.786280095
1624	-221.67212411204784	12073.480342495
1625	-221.67212411204784	12078.239073046
1626	-221.67212411204784	12084.313961996
1627	-221.67212411204784	12089.665046021
1628	-221.67212411204784	12096.876142302
1629	-221.67212411204784	12103.309791568
1630	-221.67212411204784	12110.5217316
1631	-221.67212411204784	12117.586415146
1632	-221.67212411204784	12124.721140248
1633	-221.67212411204784	12131.344788611
1634	-221.67212411204784	12138.663154532
1635	-221.67212411204784	12146.033036274
1636	-221.67212411204784	12152.597695231
1637	-221.67212411204784	12160.452361881
1638	-221.67212411204784	12166.969686991
1639	-221.67212411204784	12174.767768902
1640	-221.67212411204784	12183.05781936
1641	-221.67212411204784	12190.914041796
1642	-221.67212411204784	12198.112111476
1643	-221.67212411204784	12204.260385764
1644	-221.67212411204784	12209.295048814
1645	-221.67212411204784	12217.327420095
1646	-221.67212411204784	12225.012028897
1647	-221.67212411204784	12232.753059504
1648	-221.67212411204784	12241.180473655
1649	-221.67212411204784	12248.048576166
1650	-221.67212411204784	12254.36810358
1651	-221.67212411204784	12261.796599253
1652	-221.67212411204784	12269.299102922
1653	-221.67212411204784	12276.865944169
1654	-221.67212411204784	12284.917164913
1655	-221.67212411204784	12292.137533041
1656	-221.67212411204784	12299.136806894
1657	-221.67212411204784	12306.506330694
1658	-221.67212411204784	12314.616344982
1659	-221.67212411204784	12321.554480922
1660	-221.67212411204784	12329.223409564
1661	-221.67212411204784	12336.469395549
1662	-221.67212411204784	12343.547168988
1663	-221.67212411204784	12350.436006464
1664	-221.67212411204784	12357.627734117
1665	-221.67212411204784	12365.732281774
1666	-221.67212411204784	12371.806739655
1667	-221.67212411204784	12379.258333052
1668	-221.67212411204784	12386.054054343
1669	-221.67212411204784	12393.428443073
1670	-221.67212411204784	12400.815174166
1671	-221.67212411204784	12408.006532331
1672	-221.67212411204784	12415.424994515
1673	-221.67212411204784	12421.603514672
1674	-221.67212411204784	12428.029326851
1675	-221.67212411204784	12435.713336945
1676	-221.67212411204784	12442.148680127
1677	-221.67212411204784	12449.677920379
1678	-221.67212411204784	12455.867246786
1679	-221.67212411204784	12462.645889934
1680	-221.67212411204784	12469.970883979
1681	-221.67212411204784	12477.043162135
1682	-221.67212411204784	12482.660096417
1683	-221.67212411204784	12488.748457151
1684	-221.67212411204784	12495.301593119
1685	-221.67212411204784	12503.266053818
1686	-221.67212411204784	12509.838375808
1687	-221.67212411204784	12516.734011185
1688	-221.67212411204784	12523.125478057
1689	-221.67212411204784	12529.253055441
1690	-221.67212411204784	12535.953945677
1691	-221.67212411204784	12541.704278067
1692	-221.67212411204784	12547.971889809
1693	-221.67212411204784	12555.164804614
1694	-221.67212411204784	12559.951222412
1695	-221.67212411204784	12568.169995839
1696	-221.67212411204784	12573.849540427
1697	-221.67212411204784	12578.675686344
1698	-221.67212411204784	12583.959704392
1699	-221.67212411204784	12591.120606713
1700	-221.67212411204784	12598.368646693
1701	-221.67212411204784	12605.257024875
1702	-221.67212411204784	12612.087677351
1703	-221.67212411204784	12619.860121734
1704	-221.67212411204784	12626.64782932
1705	-221.67212411204784	12634.363732584
1706	-221.67212411204784	12639.301325411
1707	-221.67212411204784	12646.319178881
1708	-221.67212411204784	12653.987484866
1709	-221.67212411204784	12661.52451773
1710	-221.67212411204784	12667.855726363
1711	-221.67212411204784	12674.437827819
1712	-221.67212411204784	12679.955271815
1713	-221.67212411204784	12686.884300981
1714	-221.67212411204784	12693.717637379
1715	-221.67212411204784	12701.181419613
1716	-221.67212411204784	12707.022560169
1717	-221.67212411204784	12714.94351362
1718	-221.67212411204784	12722.893318805
1719	-221.67212411204784	12729.503670721
1720	-221.67212411204784	12736.075469697
1721	-221.67212411204784	12743.399131617
1722	-221.67212411204784	12749.971019116
1723	-221.67212411204784	12755.496283948
1724	-221.67212411204784	12762.49355384
1725	-221.67212411204784	12768.861341388
1726	-221.67212411204784	12775.926223363
1727	-221.67212411204784	12783.63079608
1728	-221.67212411204784	12792.020331265
1729	-221.67212411204784	12799.853201954
1730	-221.67212411204784	12807.309129568
1731	-221.67212411204784	12815.985119543
1732	-221.67212411204784	12823.547676179
1733	-221.67212411204784	12832.01254122
1734	-221.67212411204784	12839.379873322
1735	-221.67212411204784	12847.643770936
1736	-221.67212411204784	12853.526241581
1737	-221.67212411204784	12858.5843449
1738	-221.67212411204784	12865.148087834
1739	-221.67212411204784	12872.630226453
1740	-221.67212411204784	12879.976416468
1741	-221.67212411204784	12887.819995903
1742	-221.67212411204784	12895.349530378
1743	-221.67212411204784	12902.532262017
1744	-221.67212411204784	12910.503460745
1745	-221.67212411204784	12916.241621403
1746	-221.67212411204784	12922.964070683
1747	-221.67212411204784	12929.692298777
1748	-221.67212411204784	12937.563272092
1749	-221.67212411204784	12943.178189584
1750	-221.67212411204784	12951.091138738
1751	-221.67212411204784	12958.524347953
1752	-221.67212411204784	12966.35119949
1753	-221.67212411204784	12973.89011529
1754	-221.67212411204784	12980.527800787
1755	-221.67212411204784	12988.129698948
1756	-221.67212411204784	12994.71955752
1757	-221.67212411204784	13002.291375313
1758	-221.67212411204784	13009.556780388
1759	-221.67212411204784	13016.436282725
1760	-221.67212411204784	13022.80194657
1761	-221.67212411204784	13029.785187881
1762	-221.67212411204784	13035.986287451
1763	-221.67212411204784	13042.721812939
1764	-221.67212411204784	13049.348857687
1765	-221.67212411204784	13056.457867
1766	-221.67212411204784	13063.223386044
1767	-221.67212411204784	13070.862989545
1768	-221.67212411204784	13076.802473861
1769	-221.67212411204784	13083.131530994
1770	-221.67212411204784	13090.273148934
1771	-221.67212411204784	13097.317331867
1772	-221.67212411204784	13103.020462981
1773	-221.67212411204784	13109.782595903
1774	-221.67212411204784	13116.1746076
1775	-221.67212411204784	13123.392832782
1776	-221.67212411204784	13129.213485981
1777	-221.67212411204784	13136.204551548
1778	-221.67212411204784	13142.661531178
1779	-221.67212411204784	13149.849599015
1780	-221.67212411204784	13156.614798178
1781	-221.67212411204784	13164.696265217
1782	-221.67212411204784	13171.300024076
1783	-221.67212411204784	13177.630819601
1784	-221.67212411204784	13184.77787167
1785	-221.67212411204784	13192.014430571
1786	-221.67212411204784	13198.653884823
1787	-221.67212411204784	13206.506249869
1788	-221.67212411204784	13213.927632465
1789	-221.67212411204784	13221.954639751
1790	-221.67212411204784	13230.214278841
1791	-221.67212411204784	13236.388880027
1792	-221.67212411204784	13244.437492543
1793	-221.67212411204784	13250.827015325
1794	-221.67212411204784	13258.354057465
1795	-221.67212411204784	13265.723944766
1796	-221.67212411204784	13273.470999231
1797	-221.67212411204784	13279.836059236
1798	-221.67212411204784	13286.637251862
1799	-221.67212411204784	13293.27838549
1800	-221.67212411204784	13301.806845712
1801	-221.67212411204784	13307.954353226
1802	-221.67212411204784	13314.471478197
1803	-221.67212411204784	13322.078203654
1804	-221.67212411204784	13329.550310922
1805	-221.67212411204784	13336.570120456
1806	-221.67212411204784	13342.501763836
1807	-221.67212411204784	13349.491683306
1808	-221.67212411204784	13357.360460218
1809	-221.67212411204784	13363.897091947
1810	-221.67212411204784	13369.358655114
1811	-221.67212411204784	13375.953715602
1812	-221.67212411204784	13381.868202153
1813	-221.67212411204784	13389.010928985
1814	-221.67212411204784	13396.412427636
1815	-221.67212411204784	13403.995671769
1816	-221.67212411204784	13409.842929837
1817	-221.67212411204784	13417.889702181
1818	-221.67212411204784	13423.591069673
1819	-221.67212411204784	13431.726068897
1820	-221.67212411204784	13438.52901873
1821	-221.67212411204784	13445.583714119
1822	-221.67212411204784	13453.726421707
1823	-221.67212411204784	13461.06366446
1824	-221.67212411204784	13469.392491091
1825	-221.67212411204784	13477.018025812
1826	-221.67212411204784	13484.901616896
1827	-221.67212411204784	13492.657002808
1828	-221.67212411204784	13499.254640734
1829	-221.67212411204784	13507.461945484
1830	-221.67212411204784	13515.117285167
1831	-221.67212411204784	13521.887496798
1832	-221.67212411204784	13529.435256369
1833	-221.67212411204784	13537.082182068
1834	-221.67212411204784	13544.382353683
1835	-221.67212411204784	13552.678230852
1836	-221.67212411204784	13560.754809442
1837	-221.67212411204784	13566.84922354
1838	-221.67212411204784	13574.615910919
1839	-221.67212411204784	13581.844152484
1840	-221.67212411204784	13589.571506892
1841	-221.67212411204784	13596.654773049
1842	-221.67212411204784	13603.565881604
1843	-221.67212411204784	13611.436635963
1844	-221.67212411204784	13618.326203862
1845	-221.67212411204784	13626.30920013
1846	-221.67212411204784	13633.195256608
1847	-221.67212411204784	13640.541907629
1848	-221.67212411204784	13646.590514585
1849	-221.67212411204784	13654.158277842
1850	-221.67212411204784	13661.72206183
1851	-221.67212411204784	13668.614440663
1852	-221.67212411204784	13676.348131539
1853	-221.67212411204784	13684.098250105
1854	-221.67212411204784	13691.705129515
1855	-221.67212411204784	13698.16477981
1856	-221.67212411204784	13705.310861972
1857	-221.67212411204784	13712.842547091
1858	-221.67212411204784	13720.246411922
1859	-221.67212411204784	13728.551495936
1860	-221.67212411204784	13735.612301566
1861	-221.67212411204784	13743.613466052
1862	-221.67212411204784	13750.458222376
1863	-221.67212411204784	13758.614511653
1864	-221.67212411204784	13766.516990689
1865	-221.67212411204784	13774.362881136
1866	-221.67212411204784	13782.149062872
1867	-221.67212411204784	13789.857767529
1868	-221.67212411204784	13797.168085961
1869	-221.67212411204784	13804.705455811
1870	-221.67212411204784	13812.605836803
1871	-221.67212411204784	13819.805593984
1872	-221.67212411204784	13827.500864491
1873	-221.67212411204784	13834.25794603
1874	-221.67212411204784	13841.503682695
1875	-221.67212411204784	13848.412271972
1876	-221.67212411204784	13855.324110951
1877	-221.67212411204784	13863.221095131
1878	-221.67212411204784	13868.544816921
1879	-221.67212411204784	13876.362339306
1880	-221.67212411204784	13883.261566074
1881	-221.67212411204784	13890.943855739
1882	-221.67212411204784	13898.717927752
1883	-221.67212411204784	13906.847957273
1884	-221.67212411204784	13914.910290035
1885	-221.67212411204784	13923.093003285
1886	-221.67212411204784	13930.676948334
1887	-221.67212411204784	13937.284674916
1888	-221.67212411204784	13944.701073269
1889	-221.67212411204784	13951.9595483
1890	-221.67212411204784	13959.426046103
1891	-221.67212411204784	13967.018902064
1892	-221.67212411204784	13974.69358215
1893	-221.67212411204784	13982.738209838
1894	-221.67212411204784	13989.695433013
1895	-221.67212411204784	13997.397238845
1896	-221.67212411204784	14005.505921862
1897	-221.67212411204784	14011.842532124
1898	-221.67212411204784	14019.343177231
1899	-221.67212411204784	14026.815139527
1900	-221.67212411204784	14033.738426228
1901	-221.67212411204784	14042.066409536
1902	-221.67212411204784	14049.476854594
1903	-221.67212411204784	14056.941625124
1904	-221.67212411204784	14063.61520701
1905	-221.67212411204784	14071.783062895
1906	-221.67212411204784	14079.612716812
1907	-221.67212411204784	14086.960651634
1908	-221.67212411204784	14093.956226327
1909	-221.67212411204784	14101.653133445
1910	-221.67212411204784	14108.727756398
1911	-221.67212411204784	14116.350063655
1912	-221.67212411204784	14124.677226734
1913	-221.67212411204784	14132.463041547
1914	-221.67212411204784	14139.555891307
1915	-221.67212411204784	14147.497580151
1916	-221.67212411204784	14153.997138604
1917	-221.67212411204784	14162.191211909
1918	-221.67212411204784	14170.315653774
1919	-221.67212411204784	14177.62324894
1920	-221.67212411204784	14185.612225017
1921	-221.67212411204784	14193.724205204
1922	-221.67212411204784	14200.136871041
1923	-221.67212411204784	14207.200794656
1924	-221.67212411204784	14213.758768612
1925	-221.67212411204784	14221.097813048
1926	-221.67212411204784	14228.894303251
1927	-221.67212411204784	14236.595964965
1928	-221.67212411204784	14243.724029013
1929	-221.67212411204784	14250.711096067
1930	-221.67212411204784	14257.901292311
1931	-221.67212411204784	14265.583114555
1932	-221.67212411204784	14272.907773752
1933	-221.67212411204784	14280.446119068
1934	-221.67212411204784	14288.592924812
1935	-221.67212411204784	14295.588295517
1936	-221.67212411204784	14301.776637477
1937	-221.67212411204784	14308.825894459
1938	-221.67212411204784	14317.063007592
1939	-221.67212411204784	14324.068015783
1940	-221.67212411204784	14331.1555503
1941	-221.67212411204784	14338.210205917
1942	-221.67212411204784	14346.247009347
1943	-221.67212411204784	14353.53823199
1944	-221.67212411204784	14360.879714023
1945	-221.67212411204784	14367.764120633
1946	-221.67212411204784	14374.039220072
1947	-221.67212411204784	14381.757071702
1948	-221.67212411204784	14387.768855984
1949	-221.67212411204784	14395.171918119
1950	-221.67212411204784	14403.345738846
1951	-221.67212411204784	14410.766193445
1952	-221.67212411204784	14418.457482544
1953	-221.67212411204784	14425.722610503
1954	-221.67212411204784	14432.87198
1955	-221.67212411204784	14440.276782663
1956	-221.67212411204784	14447.742126243
1957	-221.67212411204784	14454.346825501
1958	-221.67212411204784	14461.831295659
1959	-221.67212411204784	14468.457049336
1960	-221.67212411204784	14475.022289895
1961	-221.67212411204784	14482.039886776
1962	-221.67212411204784	14488.39754162
1963	-221.67212411204784	14495.63026879
1964	-221.67212411204784	14502.775141135
1965	-221.67212411204784	14510.063528468
1966	-221.67212411204784	14517.014030292
1967	-221.67212411204784	14524.364208557
1968	-221.67212411204784	14532.037232361
1969	-221.67212411204784	14539.110255481
1970	-221.67212411204784	14545.743416886
1971	-221.67212411204784	14553.714070363
1972	-221.67212411204784	14559.850986307
1973	-221.67212411204784	14567.719232935
1974	-221.67212411204784	14574.020126849
1975	-221.67212411204784	14581.568008727
1976	-221.67212411204784	14589.407832981
1977	-221.67212411204784	14595.323930483
1978	-221.67212411204784	14602.756501647
1979	-221.67212411204784	14609.69809598
1980	-221.67212411204784	14615.459570752
1981	-221.67212411204784	14622.391071298
1982	-221.67212411204784	14628.170984562
1983	-221.67212411204784	14633.414984547
1984	-221.67212411204784	14640.268706949
1985	-221.67212411204784	14648.092289968
1986	-221.67212411204784	14655.160162489
1987	-221.67212411204784	14661.948113407
1988	-221.67212411204784	14667.453768845
1989	-221.67212411204784	14675.611925663
1990	-221.67212411204784	14682.388222731
1991	-221.67212411204784	14689.816902721
1992	-221.67212411204784	14696.336406273
1993	-221.67212411204784	14704.028971475
1994	-221.67212411204784	14710.580507182
1995	-221.67212411204784	14717.589276115
1996	-221.67212411204784	14723.634161674
1997	-221.67212411204784	14730.578961233
1998	-221.67212411204784	14738.418291125
1999	-221.67212411204784	14745.663565502
