0	-279.08769378878134	13.421337693
1	-279.4279830292228	27.168149252
2	-279.83444321983984	37.795442892
3	-280.0969797035373	46.26416019
4	-280.2043835461238	55.600776438
5	-280.2043835461238	64.460733528
6	-280.3023070620341	75.046717605
7	-280.4158499555712	89.617934979
8	-280.4747156502156	98.779393243
9	-280.4747156502156	109.334827394
10	-280.4747156502156	118.394574594
11	-280.4747156502156	125.603745174
12	-280.4747156502156	137.593159163
13	-280.4747156502156	145.828712662
14	-280.4747156502156	153.739852863
15	-280.4747156502156	162.633008733
16	-280.4747156502156	171.039183294
17	-280.4747156502156	180.276593642
18	-280.4747156502156	188.631875893
19	-280.4747156502156	196.395431602
20	-280.4747156502156	204.919551619
21	-280.4747156502156	212.463872896
22	-280.4747156502156	218.888532562
23	-280.4747156502156	226.004812756
24	-280.4747156502156	234.584881171
25	-280.4747156502156	245.672716752
26	-280.4747156502156	253.757124303
27	-280.4747156502156	262.894792909
28	-280.4747156502156	270.90862691
29	-280.4747156502156	279.466517046
30	-280.4747156502156	287.295741176
31	-280.4747156502156	295.179288641
32	-280.4747156502156	302.338607807
33	-280.4747156502156	310.062800182
34	-280.4747156502156	317.812669856
35	-280.4747156502156	324.824439598
36	-280.4747156502156	334.455668887
37	-280.4747156502156	345.150148244
38	-280.4747156502156	352.750493613
39	-280.4747156502156	360.387545336
40	-280.4747156502156	368.686018331
41	-280.4747156502156	377.906789304
42	-280.4747156502156	386.509799351
43	-280.4747156502156	394.887468573
44	-280.4747156502156	403.447532874
45	-280.4747156502156	412.254709586
46	-280.4747156502156	420.780596219
47	-280.4747156502156	427.753751439
48	-280.4747156502156	438.335934149
49	-280.4747156502156	445.419481698
50	-280.4747156502156	454.175905513
51	-280.4747156502156	462.175270028
52	-280.4747156502156	473.01047525
53	-280.4747156502156	480.825648561
54	-280.4747156502156	488.198491769
55	-280.4747156502156	495.418958684
56	-280.4747156502156	502.163540912
57	-280.4747156502156	510.037024524
58	-280.4747156502156	522.322802346
59	-280.4747156502156	529.270848612
60	-280.4747156502156	537.568555689
61	-280.4747156502156	546.490045412
62	-280.4747156502156	554.435871327
63	-280.4747156502156	565.024015457
64	-280.4747156502156	572.851869401
65	-280.4747156502156	581.247688025
66	-280.4747156502156	589.084200568
67	-280.4747156502156	597.099435546
68	-280.4747156502156	605.324653636
69	-280.4747156502156	613.064041218
70	-280.4747156502156	621.801301676
71	-280.4747156502156	628.927989551
72	-280.4747156502156	636.244332267
73	-280.4747156502156	643.028286382
74	-280.4747156502156	650.957099157
75	-280.4747156502156	659.273599675
76	-280.4747156502156	668.69515718
77	-280.4747156502156	676.876138453
78	-280.4747156502156	685.148401727
79	-280.4747156502156	693.866851638
80	-280.4747156502156	703.229598493
81	-280.4747156502156	710.981489234
82	-280.4747156502156	718.732920253
83	-280.4747156502156	726.499912118
84	-280.4747156502156	734.007093833
85	-280.4747156502156	741.784983892
86	-280.4747156502156	749.19930815
87	-280.4747156502156	757.889654284
88	-280.4747156502156	767.179112022
89	-280.4747156502156	776.062310097
90	-280.4747156502156	783.857155992
91	-280.4747156502156	791.712380295
92	-280.4747156502156	799.815519706
93	-280.4747156502156	806.518026025
94	-280.4747156502156	813.66783771
95	-280.4747156502156	823.029931546
96	-280.4747156502156	830.034034833
97	-280.4747156502156	837.190359605
98	-280.4747156502156	845.263528125
99	-280.4747156502156	853.143336659
100	-280.4747156502156	863.509597501
101	-280.4747156502156	871.512269021
102	-280.4747156502156	879.581386427
103	-280.4747156502156	887.900600375
104	-280.4747156502156	895.129193467
105	-280.4747156502156	903.674988421
106	-280.4747156502156	912.342968539
107	-280.4747156502156	919.34131696
108	-280.4747156502156	927.355918591
109	-280.4747156502156	936.291874806
110	-280.4747156502156	944.339358758
111	-280.4747156502156	954.741268807
112	-280.4747156502156	963.663556094
113	-280.4747156502156	976.528310972
114	-280.4747156502156	985.419024114
115	-280.4747156502156	993.875637677
116	-280.4747156502156	1002.658062949
117	-280.4747156502156	1010.564809489
118	-280.4747156502156	1018.967431145
119	-280.4747156502156	1027.81024851
120	-280.4747156502156	1036.938290748
121	-280.4747156502156	1045.504501214
122	-280.4747156502156	1053.409491829
123	-280.4747156502156	1062.844199953
124	-280.4747156502156	1070.454999617
125	-280.4747156502156	1078.447366519
126	-280.4747156502156	1087.500234137
127	-280.4747156502156	1095.775684676
128	-280.4747156502156	1103.236905296
129	-280.4747156502156	1110.586595614
130	-280.4747156502156	1118.935814236
131	-280.4747156502156	1126.938304861
132	-280.4747156502156	1135.196299215
133	-280.4747156502156	1143.740643157
134	-280.4747156502156	1152.908629048
135	-280.4747156502156	1160.104846583
136	-280.4747156502156	1168.510611028
137	-280.4747156502156	1176.50086834
138	-280.4747156502156	1184.82752722
139	-280.4747156502156	1193.473682725
140	-280.4747156502156	1201.924380626
141	-280.4747156502156	1209.955581433
142	-280.4747156502156	1217.630335503
143	-280.4747156502156	1226.296183365
144	-280.4747156502156	1235.003015777
145	-280.4747156502156	1243.993579285
146	-280.4747156502156	1251.830092684
147	-280.4747156502156	1260.375436041
148	-280.4747156502156	1270.89185197
149	-280.4747156502156	1279.979410435
150	-280.4747156502156	1289.518253962
151	-280.4747156502156	1296.913801457
152	-280.4747156502156	1305.228129521
153	-280.4747156502156	1313.893440684
154	-280.4747156502156	1322.505838898
155	-280.4747156502156	1330.124467096
156	-280.4747156502156	1338.940529488
157	-280.4747156502156	1346.554553195
158	-280.4747156502156	1354.571157503
159	-280.4747156502156	1364.159430355
160	-280.4747156502156	1372.404679073
161	-280.4747156502156	1380.812877266
162	-280.4747156502156	1390.012759748
163	-280.4747156502156	1398.689360404
164	-280.4747156502156	1407.676536081
165	-280.4747156502156	1416.249753567
166	-280.4747156502156	1424.056677539
167	-280.4747156502156	1432.608473256
168	-280.4747156502156	1441.060602924
169	-280.4747156502156	1449.830179496
170	-280.4747156502156	1458.143268662
171	-280.4747156502156	1466.18928022
172	-280.4747156502156	1474.172647259
173	-280.4747156502156	1482.685793388
174	-280.4747156502156	1491.375789706
175	-280.4747156502156	1501.443481332
176	-280.4747156502156	1510.120432232
177	-280.4747156502156	1517.94966962
178	-280.4747156502156	1526.57519536
179	-280.4747156502156	1535.091352134
180	-280.4747156502156	1544.334947991
181	-280.4747156502156	1552.437265033
182	-280.4747156502156	1561.4991261
183	-280.4747156502156	1570.778143227
184	-280.4747156502156	1579.02370926
185	-280.4747156502156	1587.755980771
186	-280.4747156502156	1597.159391011
187	-280.4747156502156	1607.80649675
188	-280.4747156502156	1615.919992952
189	-280.4747156502156	1625.233674839
190	-280.4747156502156	1634.148482125
191	-280.4747156502156	1642.631682595
192	-280.4747156502156	1655.227249848
193	-280.4747156502156	1664.476512902
194	-280.4747156502156	1673.018881109
195	-280.4747156502156	1680.831110487
196	-280.4747156502156	1688.764265605
197	-280.4747156502156	1695.575853084
198	-280.4747156502156	1703.842419224
199	-280.4747156502156	1711.870147098
200	-280.4747156502156	1722.365590717
201	-280.4747156502156	1727.474384923
202	-280.4747156502156	1736.988830248
203	-280.4747156502156	1744.680905793
204	-280.4747156502156	1751.905528597
205	-280.4747156502156	1759.973100909
206	-280.4747156502156	1767.385711579
207	-280.4747156502156	1776.141405826
208	-280.4747156502156	1783.791350723
209	-280.4747156502156	1792.914030249
210	-280.4747156502156	1800.811601163
211	-280.4747156502156	1809.871739233
212	-280.4747156502156	1816.816046569
213	-280.4747156502156	1824.903718788
214	-280.4747156502156	1833.344939998
215	-280.4747156502156	1841.438550973
216	-280.4747156502156	1850.055957806
217	-280.4747156502156	1858.800238542
218	-280.4747156502156	1866.76431564
219	-280.4747156502156	1875.647004814
220	-280.4747156502156	1883.694068387
221	-280.4747156502156	1891.912334195
222	-280.4747156502156	1899.748285236
223	-280.4747156502156	1908.088430012
224	-280.4747156502156	1915.311816484
225	-280.4747156502156	1923.02741569
226	-280.4747156502156	1933.805335684
227	-280.4747156502156	1942.255342505
228	-280.4747156502156	1950.377693169
229	-280.4747156502156	1959.230083019
230	-280.4747156502156	1968.367758039
231	-280.4747156502156	1977.130835638
232	-280.4747156502156	1984.565566426
233	-280.4747156502156	1993.317521315
234	-280.4747156502156	2002.716017874
235	-280.4747156502156	2008.001274392
236	-280.4747156502156	2016.884979231
237	-280.4747156502156	2027.45724135
238	-280.4747156502156	2036.023002785
239	-280.4747156502156	2044.848937015
240	-280.4747156502156	2053.784266298
241	-280.4747156502156	2059.019074833
242	-280.4747156502156	2067.479325974
243	-280.4747156502156	2074.450675663
244	-280.4747156502156	2080.965738085
245	-280.4747156502156	2089.045389756
246	-280.4747156502156	2096.266020033
247	-280.4747156502156	2105.303609481
248	-280.4747156502156	2113.065966919
249	-280.4747156502156	2120.088803349
250	-280.4747156502156	2126.910537216
251	-280.4747156502156	2134.646093067
252	-280.4747156502156	2141.66912536
253	-280.4747156502156	2148.861831045
254	-280.4747156502156	2156.430939257
255	-280.4747156502156	2162.967548321
256	-280.4747156502156	2169.30547745
257	-280.4747156502156	2176.659457938
258	-280.4747156502156	2184.285271486
259	-280.4747156502156	2190.410700364
260	-280.4747156502156	2198.394187145
261	-280.4747156502156	2206.429111915
262	-280.4747156502156	2213.771580105
263	-280.4747156502156	2222.806123841
264	-280.4747156502156	2229.304943317
265	-280.4747156502156	2235.769311002
266	-280.4747156502156	2244.134376995
267	-280.4747156502156	2251.965434026
268	-280.4747156502156	2259.508162313
269	-280.4747156502156	2265.952406998
270	-280.4747156502156	2273.823356365
271	-280.4747156502156	2281.113684794
272	-280.4747156502156	2288.789387816
273	-280.4747156502156	2296.452937923
274	-280.4747156502156	2303.749105466
275	-280.4747156502156	2311.918205381
276	-280.4747156502156	2318.694963455
277	-280.4747156502156	2326.83733149
278	-280.4747156502156	2334.73715825
279	-280.4747156502156	2342.4577216
280	-280.4747156502156	2349.460101891
281	-280.4747156502156	2356.125963438
282	-280.4747156502156	2363.489304724
283	-280.4747156502156	2370.170766461
284	-280.4747156502156	2377.621120105
285	-280.4747156502156	2385.444526933
286	-280.4747156502156	2393.583173571
287	-280.4747156502156	2400.603897845
288	-280.4747156502156	2408.444720657
289	-280.4747156502156	2414.926333696
290	-280.4747156502156	2421.438732295
291	-280.4747156502156	2429.899073243
292	-280.4747156502156	2438.056671979
293	-280.4747156502156	2444.951354127
294	-280.4747156502156	2452.969528333
295	-280.4747156502156	2464.415620887
296	-280.4747156502156	2472.468650585
297	-280.4747156502156	2479.794674835
298	-280.4747156502156	2488.43282818
299	-280.4747156502156	2496.429136291
300	-280.4747156502156	2504.25038221
301	-280.4747156502156	2511.107473628
302	-280.4747156502156	2518.478109742
303	-280.4747156502156	2526.46377753
304	-280.4747156502156	2534.612689015
305	-280.4747156502156	2542.859111201
306	-280.4747156502156	2550.922418574
307	-280.4747156502156	2558.605457906
308	-280.4747156502156	2564.103308759
309	-280.4747156502156	2571.668601491
310	-280.4747156502156	2579.738360797
311	-280.4747156502156	2588.47376184
312	-280.4747156502156	2597.428265171
313	-280.4747156502156	2605.21631402
314	-280.4747156502156	2613.046085113
315	-280.4747156502156	2621.547171981
316	-280.4747156502156	2629.403114307
317	-280.4747156502156	2636.463582522
318	-280.4747156502156	2644.411643329
319	-280.4747156502156	2653.40921343
320	-280.4747156502156	2661.722275654
321	-280.4747156502156	2670.270563799
322	-280.4747156502156	2678.231667029
323	-280.4747156502156	2684.022062813
324	-280.4747156502156	2691.120702079
325	-280.4747156502156	2698.931150729
326	-280.4747156502156	2709.416737905
327	-280.4747156502156	2717.475768366
328	-280.4747156502156	2725.317894652
329	-280.4747156502156	2733.350772269
330	-280.4747156502156	2741.669526922
331	-280.4747156502156	2748.412253156
332	-280.4747156502156	2757.166503661
333	-280.4747156502156	2765.194073732
334	-280.4747156502156	2772.247600357
335	-280.4747156502156	2781.32372906
336	-280.4747156502156	2788.986641116
337	-280.4747156502156	2796.017588327
338	-280.4747156502156	2804.500706689
339	-280.4747156502156	2812.058280365
340	-280.4747156502156	2820.578755962
341	-280.4747156502156	2828.065277122
342	-280.4747156502156	2834.809271761
343	-280.4747156502156	2844.27317502
344	-280.4747156502156	2855.365366629
345	-280.4747156502156	2863.362661752
346	-280.4747156502156	2870.684211516
347	-280.4747156502156	2878.283789256
348	-280.4747156502156	2886.560094664
349	-280.4747156502156	2895.028327436
350	-280.4747156502156	2902.353727747
351	-280.4747156502156	2909.186964931
352	-280.4747156502156	2917.007133604
353	-280.4747156502156	2924.093274842
354	-280.4747156502156	2932.226117434
355	-280.4747156502156	2939.217964743
356	-280.4747156502156	2946.420929716
357	-280.4747156502156	2952.866941445
358	-280.4747156502156	2960.886943848
359	-280.4747156502156	2968.9123714
360	-280.4747156502156	2976.848183071
361	-280.4747156502156	2985.27791251
362	-280.4747156502156	2992.565766566
363	-280.4747156502156	3000.368138219
364	-280.4747156502156	3007.025213728
365	-280.4747156502156	3016.661145867
366	-280.4747156502156	3024.0709007
367	-280.4747156502156	3032.10774048
368	-280.4747156502156	3038.221952993
369	-280.4747156502156	3045.863512131
370	-280.4747156502156	3053.095417361
371	-280.4747156502156	3061.044797035
372	-280.52947718434314	3069.203239523
373	-280.52947718434314	3076.209085478
374	-280.52947718434314	3083.043092001
375	-280.52947718434314	3089.918648425
376	-280.52947718434314	3097.89515085
377	-280.52947718434314	3105.867242937
378	-280.52947718434314	3114.213037805
379	-280.52947718434314	3121.533361073
380	-280.52947718434314	3127.111312201
381	-280.52947718434314	3135.492624132
382	-280.52947718434314	3142.978827978
383	-280.52947718434314	3150.771749454
384	-280.52947718434314	3157.438789173
385	-280.52947718434314	3165.775540986
386	-280.52947718434314	3174.383645181
387	-280.52947718434314	3181.540458755
388	-280.52947718434314	3187.990305208
389	-280.52947718434314	3195.795682802
390	-280.52947718434314	3203.156329048
391	-280.52947718434314	3210.716628983
392	-280.52947718434314	3217.641193926
393	-280.52947718434314	3225.696087743
394	-280.52947718434314	3234.507539229
395	-280.52947718434314	3242.342521646
396	-280.52947718434314	3249.204574641
397	-280.52947718434314	3256.831792587
398	-280.52947718434314	3264.893740893
399	-280.52947718434314	3272.026657469
400	-280.52947718434314	3279.834335812
401	-280.52947718434314	3287.609908017
402	-280.52947718434314	3295.584818734
403	-280.52947718434314	3303.165461909
404	-280.52947718434314	3310.816455828
405	-280.52947718434314	3318.229592934
406	-280.52947718434314	3324.988637379
407	-280.52947718434314	3331.113251586
408	-280.52947718434314	3337.371652207
409	-280.52947718434314	3345.50109927
410	-280.52947718434314	3353.368074927
411	-280.52947718434314	3360.550398162
412	-280.52947718434314	3366.763595908
413	-280.52947718434314	3373.996187513
414	-280.52947718434314	3381.02805032
415	-280.52947718434314	3388.598973472
416	-280.52947718434314	3395.962922019
417	-280.52947718434314	3402.72284015
418	-280.52947718434314	3409.712833175
419	-280.52947718434314	3416.89944829
420	-280.52947718434314	3423.774734013
421	-280.52947718434314	3431.320119279
422	-280.52947718434314	3438.701204129
423	-280.52947718434314	3446.473050232
424	-280.52947718434314	3453.725781944
425	-280.52947718434314	3460.604451649
426	-280.52947718434314	3468.140550101
427	-280.52947718434314	3476.202023718
428	-280.52947718434314	3484.012832448
429	-280.52947718434314	3492.31212995
430	-280.52947718434314	3498.953438058
431	-280.52947718434314	3506.246674498
432	-280.52947718434314	3514.162322969
433	-280.52947718434314	3521.215709753
434	-280.52947718434314	3529.268748431
435	-280.52947718434314	3536.986355446
436	-280.52947718434314	3543.914093969
437	-280.52947718434314	3551.713865519
438	-280.52947718434314	3558.79573241
439	-280.52947718434314	3567.241872433
440	-280.52947718434314	3575.454765693
441	-280.52947718434314	3582.699963521
442	-280.52947718434314	3589.668057949
443	-280.52947718434314	3597.075690791
444	-280.52947718434314	3604.713012788
445	-280.52947718434314	3612.010328566
446	-280.52947718434314	3621.454096423
447	-280.52947718434314	3629.2991923
448	-280.52947718434314	3637.1187922
449	-280.52947718434314	3643.511471457
450	-280.52947718434314	3652.070789511
451	-280.52947718434314	3659.226090493
452	-280.52947718434314	3668.367489904
453	-280.52947718434314	3675.363398591
454	-280.52947718434314	3682.547055661
455	-280.52947718434314	3690.438688675
456	-280.52947718434314	3697.170663398
457	-280.52947718434314	3705.282585426
458	-280.52947718434314	3712.269356119
459	-280.52947718434314	3720.048373032
460	-280.52947718434314	3728.078774564
461	-280.52947718434314	3735.650099706
462	-280.52947718434314	3744.484138303
463	-280.52947718434314	3752.330700159
464	-280.52947718434314	3759.882179416
465	-280.52947718434314	3766.993033605
466	-280.52947718434314	3774.783082995
467	-280.52947718434314	3781.584505696
468	-280.52947718434314	3788.697360425
469	-280.52947718434314	3796.659935194
470	-280.52947718434314	3804.725793063
471	-280.52947718434314	3812.619334245
472	-280.52947718434314	3820.104394131
473	-280.52947718434314	3828.879330422
474	-280.52947718434314	3836.665236752
475	-280.52947718434314	3844.542430642
476	-280.52947718434314	3852.458496071
477	-280.52947718434314	3858.856840387
478	-280.52947718434314	3866.302874781
479	-280.52947718434314	3873.559454474
480	-280.52947718434314	3882.34679471
481	-280.52947718434314	3890.899969166
482	-280.52947718434314	3898.000791149
483	-280.52947718434314	3906.354784039
484	-280.52947718434314	3913.374148819
485	-280.52947718434314	3920.441077948
486	-280.52947718434314	3928.273748925
487	-280.52947718434314	3936.992763332
488	-280.52947718434314	3945.441837024
489	-280.52947718434314	3953.945249017
490	-280.52947718434314	3960.832635054
491	-280.52947718434314	3968.941567391
492	-280.52947718434314	3976.852643017
493	-280.52947718434314	3984.762343753
494	-280.52947718434314	3992.9412458
495	-280.52947718434314	4000.487044602
496	-280.52947718434314	4007.944722154
497	-280.52947718434314	4015.852491202
498	-280.52947718434314	4023.004671204
499	-280.52947718434314	4030.83042625
500	-280.52947718434314	4038.420378477
501	-280.52947718434314	4046.21948931
502	-280.52947718434314	4052.852163623
503	-280.52947718434314	4060.408403464
504	-280.52947718434314	4067.119375941
505	-280.52947718434314	4074.068978848
506	-280.52947718434314	4081.513205572
507	-280.52947718434314	4088.707450791
508	-280.52947718434314	4096.178777601
509	-280.52947718434314	4101.772816009
510	-280.52947718434314	4110.24869642
511	-280.52947718434314	4118.003220193
512	-280.52947718434314	4126.922208599
513	-280.52947718434314	4134.175760113
514	-280.52947718434314	4140.494693951
515	-280.52947718434314	4148.609230194
516	-280.52947718434314	4156.779887177
517	-280.52947718434314	4164.531242075
518	-280.52947718434314	4171.784291102
519	-280.52947718434314	4180.462021605
520	-280.52947718434314	4188.518974977
521	-280.52947718434314	4195.898931263
522	-280.52947718434314	4203.844246566
523	-280.52947718434314	4211.61743463
524	-280.52947718434314	4219.136280031
525	-280.52947718434314	4226.854835143
526	-280.52947718434314	4235.976096587
527	-280.52947718434314	4244.767966475
528	-280.52947718434314	4253.338488921
529	-280.52947718434314	4261.429708912
530	-280.52947718434314	4268.685872075
531	-280.52947718434314	4276.401608984
532	-280.52947718434314	4283.563586842
533	-280.52947718434314	4290.760769151
534	-280.52947718434314	4297.972179754
535	-280.52947718434314	4305.077371022
536	-280.52947718434314	4312.721118437
537	-280.52947718434314	4320.761330226
538	-280.52947718434314	4327.15982593
539	-280.52947718434314	4335.641715229
540	-280.52947718434314	4343.180198249
541	-280.52947718434314	4349.758644593
542	-280.52947718434314	4357.25176993
543	-280.52947718434314	4364.943381049
544	-280.52947718434314	4373.19020779
545	-280.52947718434314	4380.961440217
546	-280.52947718434314	4387.871046443
547	-280.52947718434314	4396.146577807
548	-280.52947718434314	4403.354278986
549	-280.52947718434314	4410.855159728
550	-280.52947718434314	4420.390945569
551	-280.52947718434314	4427.873807341
552	-280.52947718434314	4435.250312076
553	-280.52947718434314	4442.053482149
554	-280.52947718434314	4449.738731996
555	-280.52947718434314	4458.622689147
556	-280.52947718434314	4465.422565044
557	-280.52947718434314	4475.276210042
558	-280.52947718434314	4482.639111278
559	-280.52947718434314	4490.810973802
560	-280.52947718434314	4497.180137523
561	-280.52947718434314	4505.327090805
562	-280.52947718434314	4514.839365814
563	-280.52947718434314	4522.808981816
564	-280.52947718434314	4530.499980542
565	-280.52947718434314	4538.581351788
566	-280.52947718434314	4546.873037574
567	-280.52947718434314	4554.311073231
568	-280.52947718434314	4561.930451096
569	-280.52947718434314	4568.462259805
570	-280.52947718434314	4577.105516708
571	-280.52947718434314	4584.429505351
572	-280.52947718434314	4592.370533478
573	-280.52947718434314	4598.303631719
574	-280.52947718434314	4606.366343806
575	-280.52947718434314	4614.532818387
576	-280.52947718434314	4622.507778284
577	-280.52947718434314	4630.207420214
578	-280.52947718434314	4635.963613954
579	-280.52947718434314	4643.738522448
580	-280.52947718434314	4651.224746393
581	-280.52947718434314	4658.964361484
582	-280.52947718434314	4665.451900876
583	-280.52947718434314	4672.247458805
584	-280.52947718434314	4680.125543915
585	-280.52947718434314	4686.813010692
586	-280.52947718434314	4694.197369192
587	-280.52947718434314	4701.747628796
588	-280.52947718434314	4709.179694907
589	-280.52947718434314	4717.340861087
590	-280.52947718434314	4724.793051054
591	-280.52947718434314	4731.693973876
592	-280.52947718434314	4739.976173563
593	-280.52947718434314	4745.649900422
594	-280.52947718434314	4753.273280649
595	-280.52947718434314	4760.705610192
596	-280.52947718434314	4768.760234163
597	-280.52947718434314	4776.778009373
598	-280.52947718434314	4784.570994141
599	-280.52947718434314	4792.009984737
600	-280.52947718434314	4799.755208438
601	-280.52947718434314	4806.467330434
602	-280.52947718434314	4814.116541059
603	-280.52947718434314	4821.448187604
604	-280.52947718434314	4829.225117165
605	-280.52947718434314	4837.364464718
606	-280.52947718434314	4844.32682267
607	-280.52947718434314	4852.330234449
608	-280.52947718434314	4859.172224743
609	-280.52947718434314	4867.645955364
610	-280.52947718434314	4876.0021314
611	-280.52947718434314	4883.162257967
612	-280.52947718434314	4891.7975837
613	-280.52947718434314	4899.18352621
614	-280.52947718434314	4907.058625477
615	-280.52947718434314	4914.516009235
616	-280.52947718434314	4921.036116626
617	-280.52947718434314	4928.43834228
618	-280.52947718434314	4936.362725472
619	-280.52947718434314	4943.712444443
620	-280.52947718434314	4951.043250231
621	-280.52947718434314	4958.728113056
622	-280.52947718434314	4967.1591511
623	-280.52947718434314	4975.460866954
624	-280.52947718434314	4982.512264745
625	-280.52947718434314	4990.909567309
626	-280.52947718434314	4998.728518467
627	-280.52947718434314	5006.368408065
628	-280.52947718434314	5014.969307239
629	-280.52947718434314	5023.269264175
630	-280.52947718434314	5031.521656761
631	-280.52947718434314	5038.083956381
632	-280.52947718434314	5044.554088768
633	-280.52947718434314	5052.718945128
634	-280.52947718434314	5060.979682847
635	-280.52947718434314	5068.490369997
636	-280.52947718434314	5078.725341894
637	-280.52947718434314	5087.57732676
638	-280.52947718434314	5094.968422862
639	-280.52947718434314	5102.349642421
640	-280.52947718434314	5108.384643313
641	-280.52947718434314	5115.832883518
642	-280.52947718434314	5122.993821334
643	-280.52947718434314	5130.159987581
644	-280.52947718434314	5137.469850139
645	-280.52947718434314	5146.738760221
646	-280.52947718434314	5154.363074433
647	-280.52947718434314	5162.179793693
648	-280.52947718434314	5170.38041729
649	-280.52947718434314	5178.602027738
650	-280.52947718434314	5186.075390582
651	-280.52947718434314	5194.188263272
652	-280.52947718434314	5202.361082446
653	-280.52947718434314	5210.353557116
654	-280.52947718434314	5218.558851917
655	-280.52947718434314	5227.904322628
656	-280.52947718434314	5235.410619538
657	-280.52947718434314	5242.352825837
658	-280.52947718434314	5250.082164106
659	-280.52947718434314	5258.007698528
660	-280.52947718434314	5264.481857226
661	-280.52947718434314	5272.057927127
662	-280.52947718434314	5278.129054909
663	-280.52947718434314	5286.607566641
664	-280.52947718434314	5294.382549118
665	-280.52947718434314	5301.201177829
666	-280.52947718434314	5308.51909643
667	-280.52947718434314	5318.77800253
668	-280.52947718434314	5326.016256202
669	-280.52947718434314	5332.885240096
670	-280.52947718434314	5341.004061377
671	-280.52947718434314	5348.360561143
672	-280.52947718434314	5355.208547496
673	-280.52947718434314	5364.681771354
674	-280.52947718434314	5375.154694575
675	-280.52947718434314	5382.654781174
676	-280.52947718434314	5390.667844125
677	-280.52947718434314	5398.324415436
678	-280.52947718434314	5405.813805263
679	-280.52947718434314	5413.162177996
680	-280.52947718434314	5420.708699097
681	-280.52947718434314	5427.719890658
682	-280.52947718434314	5435.789246692
683	-280.52947718434314	5443.395234028
684	-280.52947718434314	5451.439394295
685	-280.52947718434314	5458.591173591
686	-280.52947718434314	5466.432714426
687	-280.52947718434314	5473.666260115
688	-280.52947718434314	5481.176401585
689	-280.52947718434314	5488.478532259
690	-280.52947718434314	5494.963982587
691	-280.52947718434314	5502.47209957
692	-280.52947718434314	5510.467474979
693	-280.52947718434314	5518.18510295
694	-280.52947718434314	5526.328844592
695	-280.52947718434314	5534.758144672
696	-280.52947718434314	5542.340397944
697	-280.52947718434314	5549.841262435
698	-280.52947718434314	5556.262121589
699	-280.52947718434314	5564.192483307
700	-280.52947718434314	5571.480715832
701	-280.52947718434314	5579.523060731
702	-280.52947718434314	5587.638636588
703	-280.52947718434314	5595.825936368
704	-280.52947718434314	5603.104881222
705	-280.52947718434314	5610.027086828
706	-280.52947718434314	5620.193548152
707	-280.52947718434314	5626.908542663
708	-280.52947718434314	5637.85035638
709	-280.52947718434314	5645.611546766
710	-280.52947718434314	5652.600507875
711	-280.52947718434314	5660.369626436
712	-280.52947718434314	5667.65151565
713	-280.52947718434314	5674.868614406
714	-280.52947718434314	5682.711283377
715	-280.52947718434314	5690.82203878
716	-280.52947718434314	5698.593570133
717	-280.52947718434314	5706.72556085
718	-280.52947718434314	5714.541611696
719	-280.52947718434314	5722.154120243
720	-280.52947718434314	5730.561449027
721	-280.52947718434314	5738.616837205
722	-280.52947718434314	5746.259041237
723	-280.52947718434314	5754.118285437
724	-280.52947718434314	5760.931106681
725	-280.52947718434314	5768.281789572
726	-280.52947718434314	5775.010194712
727	-280.52947718434314	5784.318032782
728	-280.52947718434314	5792.670868455
729	-280.52947718434314	5800.237983397
730	-280.52947718434314	5806.697120942
731	-280.52947718434314	5814.807997796
732	-280.52947718434314	5822.009983454
733	-280.52947718434314	5829.662502795
734	-280.52947718434314	5837.054057764
735	-280.52947718434314	5846.814560063
736	-280.52947718434314	5856.044893256
737	-280.52947718434314	5865.736314927
738	-280.52947718434314	5873.287630395
739	-280.52947718434314	5881.227532096
740	-280.52947718434314	5890.648281344
741	-280.52947718434314	5897.658537211
742	-280.52947718434314	5905.295768974
743	-280.52947718434314	5913.169248737
744	-280.52947718434314	5920.437764527
745	-280.52947718434314	5927.093755947
746	-280.52947718434314	5935.449544105
747	-280.52947718434314	5941.097753605
748	-280.52947718434314	5950.182468635
749	-280.52947718434314	5956.823072834
750	-280.52947718434314	5963.987472892
751	-280.52947718434314	5970.969042097
752	-280.52947718434314	5978.63571917
753	-280.52947718434314	5986.076420787
754	-280.52947718434314	5994.567101257
755	-280.52947718434314	6001.753871608
756	-280.52947718434314	6009.134891456
757	-280.52947718434314	6016.38271248
758	-280.52947718434314	6024.445501544
759	-280.52947718434314	6032.142109735
760	-280.52947718434314	6039.69203278
761	-280.52947718434314	6049.799297288
762	-280.52947718434314	6057.744593774
763	-280.52947718434314	6065.55589986
764	-280.52947718434314	6073.724699138
765	-280.52947718434314	6079.861445306
766	-280.52947718434314	6087.237063098
767	-280.52947718434314	6092.482288723
768	-280.52947718434314	6100.081247228
769	-280.52947718434314	6107.688594913
770	-280.52947718434314	6114.233928007
771	-280.52947718434314	6120.4817037
772	-280.52947718434314	6127.888196431
773	-280.52947718434314	6135.641345741
774	-280.52947718434314	6143.629760743
775	-280.52947718434314	6152.101739716
776	-280.52947718434314	6161.110073303
777	-280.52947718434314	6170.227032602
778	-280.52947718434314	6177.309677813
779	-280.52947718434314	6185.052738468
780	-280.52947718434314	6194.100969949
781	-280.52947718434314	6201.874146039
782	-280.52947718434314	6209.78588452
783	-280.52947718434314	6219.07325576
784	-280.52947718434314	6226.650298562
785	-280.52947718434314	6233.437065322
786	-280.52947718434314	6241.16620003
787	-280.52947718434314	6248.855716527
788	-280.52947718434314	6255.205180191
789	-280.52947718434314	6263.154085176
790	-280.52947718434314	6268.230859629
791	-280.52947718434314	6274.448803418
792	-280.52947718434314	6281.495340983
793	-280.52947718434314	6289.385608516
794	-280.52947718434314	6296.918650563
795	-280.52947718434314	6305.321190111
796	-280.52947718434314	6311.924715047
797	-280.52947718434314	6319.840900217
798	-280.52947718434314	6327.752114401
799	-280.52947718434314	6333.676798657
800	-280.52947718434314	6343.098520379
801	-280.52947718434314	6350.237293173
802	-280.52947718434314	6357.772838675
803	-280.52947718434314	6368.583168439
804	-280.52947718434314	6376.168270705
805	-280.52947718434314	6383.816204371
806	-280.52947718434314	6392.111753106
807	-280.52947718434314	6400.112293654
808	-280.52947718434314	6407.868156822
809	-280.52947718434314	6414.692831627
810	-280.52947718434314	6422.651139747
811	-280.52947718434314	6429.196085391
812	-280.52947718434314	6437.037204992
813	-280.52947718434314	6444.945464552
814	-280.52947718434314	6454.348929104
815	-280.52947718434314	6461.098771836
816	-280.52947718434314	6468.257191658
817	-280.52947718434314	6474.861806669
818	-280.52947718434314	6483.133280076
819	-280.52947718434314	6490.500888867
820	-280.52947718434314	6503.231937731
821	-280.52947718434314	6510.598136564
822	-280.52947718434314	6518.280184607
823	-280.52947718434314	6525.804989289
824	-280.52947718434314	6532.586515216
825	-280.52947718434314	6539.66017596
826	-280.52947718434314	6546.170851136
827	-280.52947718434314	6553.045840498
828	-280.52947718434314	6559.914650767
829	-280.52947718434314	6567.882578412
830	-280.52947718434314	6575.969143022
831	-280.52947718434314	6581.153220471
832	-280.52947718434314	6587.702105185
833	-280.52947718434314	6595.202277741
834	-280.52947718434314	6603.391159821
835	-280.52947718434314	6610.37600182
836	-280.52947718434314	6618.411422234
837	-280.52947718434314	6626.279382338
838	-280.52947718434314	6633.94310436
839	-280.52947718434314	6641.015729339
840	-280.52947718434314	6648.244667971
841	-280.52947718434314	6656.412919004
842	-280.52947718434314	6664.153424459
843	-280.52947718434314	6671.096066531
844	-280.52947718434314	6677.712850709
845	-280.52947718434314	6685.151011239
846	-280.52947718434314	6694.668911536
847	-280.52947718434314	6701.856854927
848	-280.52947718434314	6708.776888934
849	-280.52947718434314	6716.181066803
850	-280.52947718434314	6724.038945521
851	-280.52947718434314	6733.491094861
852	-280.52947718434314	6740.658545764
853	-280.52947718434314	6747.810251504
854	-280.52947718434314	6756.520374243
855	-280.52947718434314	6765.054855328
856	-280.52947718434314	6772.682714319
857	-280.52947718434314	6779.834259263
858	-280.52947718434314	6787.481179403
859	-280.52947718434314	6794.441053572
860	-280.52947718434314	6801.365255013
861	-280.52947718434314	6811.838674306
862	-280.52947718434314	6820.120577633
863	-280.52947718434314	6827.486715313
864	-280.52947718434314	6834.447454614
865	-280.52947718434314	6843.888721155
866	-280.52947718434314	6850.947122973
867	-280.52947718434314	6859.008611557
868	-280.52947718434314	6867.319799398
869	-280.52947718434314	6874.715374263
870	-280.52947718434314	6883.052693993
871	-280.52947718434314	6889.271268136
872	-280.52947718434314	6897.456861171
873	-280.52947718434314	6905.171203518
874	-280.52947718434314	6913.104301331
875	-280.52947718434314	6920.934575338
876	-280.52947718434314	6928.844245711
877	-280.52947718434314	6936.099941455
878	-280.52947718434314	6943.37812595
879	-280.52947718434314	6951.311829741
880	-280.52947718434314	6958.662102089
881	-280.52947718434314	6966.799702698
882	-280.52947718434314	6974.688563267
883	-280.52947718434314	6984.416922222
884	-280.52947718434314	6991.847406889
885	-280.52947718434314	6999.835766724
886	-280.52947718434314	7007.479087774
887	-280.52947718434314	7013.890991969
888	-280.52947718434314	7022.122913877
889	-280.52947718434314	7028.595017723
890	-280.52947718434314	7036.074238069
891	-280.52947718434314	7043.106917685
892	-280.52947718434314	7050.791922062
893	-280.52947718434314	7057.957162449
894	-280.52947718434314	7064.773356557
895	-280.52947718434314	7072.770635002
896	-280.52947718434314	7077.891752328
897	-280.52947718434314	7086.956187838
898	-280.52947718434314	7095.019782592
899	-280.52947718434314	7102.776691788
900	-280.52947718434314	7109.048279377
901	-280.52947718434314	7118.766315325
902	-280.52947718434314	7129.935437905
903	-280.52947718434314	7136.475307789
904	-280.52947718434314	7145.588049619
905	-280.52947718434314	7153.276577819
906	-280.52947718434314	7159.808568279
907	-280.52947718434314	7167.280004139
908	-280.52947718434314	7175.269732022
909	-280.52947718434314	7183.097467936
910	-280.52947718434314	7190.979179077
911	-280.52947718434314	7197.716168834
912	-280.52947718434314	7204.534380159
913	-280.52947718434314	7211.872542357
914	-280.52947718434314	7218.867043225
915	-280.52947718434314	7225.486728142
916	-280.52947718434314	7232.361626415
917	-280.52947718434314	7239.988392336
918	-280.52947718434314	7248.050425317
919	-280.52947718434314	7255.784205572
920	-280.52947718434314	7263.329056705
921	-280.52947718434314	7271.188907738
922	-280.52947718434314	7277.326805564
923	-280.52947718434314	7283.620136086
924	-280.52947718434314	7292.384351657
925	-280.52947718434314	7300.267383377
926	-280.52947718434314	7307.443745619
927	-280.52947718434314	7315.395039876
928	-280.52947718434314	7324.003418622
929	-280.52947718434314	7331.408545015
930	-280.52947718434314	7339.61213521
931	-280.52947718434314	7346.903598191
932	-280.52947718434314	7354.684519851
933	-280.52947718434314	7362.907319161
934	-280.52947718434314	7369.83083893
935	-280.52947718434314	7377.595684427
936	-280.52947718434314	7385.143278071
937	-280.52947718434314	7394.049972865
938	-280.52947718434314	7401.466650045
939	-280.52947718434314	7408.765993305
940	-280.52947718434314	7416.348852555
941	-280.52947718434314	7423.359533076
942	-280.52947718434314	7429.705823161
943	-280.52947718434314	7436.224176338
944	-280.52947718434314	7443.405186692
945	-280.52947718434314	7452.463344322
946	-280.52947718434314	7460.391989031
947	-280.52947718434314	7468.19755308
948	-280.52947718434314	7476.872897733
949	-280.52947718434314	7485.080247386
950	-280.52947718434314	7492.785493222
951	-280.52947718434314	7499.811742287
952	-280.52947718434314	7506.93447313
953	-280.52947718434314	7514.15779802
954	-280.52947718434314	7521.485117618
955	-280.52947718434314	7529.148223398
956	-280.52947718434314	7537.130814255
957	-280.52947718434314	7544.116794227
958	-280.52947718434314	7553.27756526
959	-280.52947718434314	7561.000111188
960	-280.52947718434314	7568.648356611
961	-280.52947718434314	7576.526782129
962	-280.52947718434314	7584.380114515
963	-280.52947718434314	7591.817406063
964	-280.52947718434314	7599.567643088
965	-280.52947718434314	7607.247284752
966	-280.52947718434314	7614.913586777
967	-280.52947718434314	7622.228741913
968	-280.52947718434314	7630.06883473
969	-280.52947718434314	7638.170095053
970	-280.52947718434314	7645.591617918
971	-280.52947718434314	7653.131773898
972	-280.52947718434314	7660.903213308
973	-280.52947718434314	7668.632267191
974	-280.52947718434314	7675.92006052
975	-280.52947718434314	7683.447252764
976	-280.52947718434314	7691.504722308
977	-280.52947718434314	7699.644498793
978	-280.52947718434314	7706.903146167
979	-280.52947718434314	7713.878984026
980	-280.52947718434314	7721.139175211
981	-280.52947718434314	7728.917155932
982	-280.52947718434314	7737.063914634
983	-280.52947718434314	7742.833604533
984	-280.52947718434314	7750.657904719
985	-280.52947718434314	7758.203235674
986	-280.52947718434314	7766.212423274
987	-280.52947718434314	7774.623813863
988	-280.52947718434314	7781.885672449
989	-280.52947718434314	7791.230686003
990	-280.52947718434314	7801.014020883
991	-280.52947718434314	7808.724871053
992	-280.52947718434314	7816.736627538
993	-280.52947718434314	7824.235509023
994	-280.52947718434314	7832.341017179
995	-280.52947718434314	7841.337183737
996	-280.52947718434314	7848.667356606
997	-280.52947718434314	7856.566514951
998	-280.52947718434314	7864.079604202
999	-280.52947718434314	7872.366057709
1000	-280.52947718434314	7880.481950881
1001	-280.52947718434314	7888.115846985
1002	-280.52947718434314	7894.858758391
1003	-280.52947718434314	7902.32981236
1004	-280.52947718434314	7910.372230388
1005	-280.52947718434314	7918.447162958
1006	-280.52947718434314	7926.580699624
1007	-280.52947718434314	7933.959589782
1008	-280.52947718434314	7941.977505688
1009	-280.52947718434314	7950.603506974
1010	-280.52947718434314	7958.958401775
1011	-280.52947718434314	7965.490556024
1012	-280.52947718434314	7974.479871226
1013	-280.52947718434314	7981.924989597
1014	-280.52947718434314	7989.838959548
1015	-280.52947718434314	7999.020701608
1016	-280.52947718434314	8006.372123475
1017	-280.52947718434314	8014.317624378
1018	-280.52947718434314	8022.369819305
1019	-280.52947718434314	8029.575976674
1020	-280.52947718434314	8038.067945649
1021	-280.52947718434314	8046.380185933
1022	-280.52947718434314	8053.597003295
1023	-280.52947718434314	8061.026115638
1024	-280.52947718434314	8069.164792639
1025	-280.52947718434314	8077.07177909
1026	-280.52947718434314	8083.945562484
1027	-280.52947718434314	8090.137772096
1028	-280.52947718434314	8099.739865692
1029	-280.52947718434314	8107.974705018
1030	-280.52947718434314	8114.875359278
1031	-280.52947718434314	8123.479573583
1032	-280.52947718434314	8131.004858942
1033	-280.52947718434314	8139.550773209
1034	-280.52947718434314	8146.94211692
1035	-280.52947718434314	8155.054403304
1036	-280.52947718434314	8161.80745511
1037	-280.52947718434314	8169.347976303
1038	-280.52947718434314	8176.802152269
1039	-280.52947718434314	8183.559584907
1040	-280.52947718434314	8190.166369379
1041	-280.52947718434314	8198.549012153
1042	-280.52947718434314	8205.941244517
1043	-280.52947718434314	8213.442065388
1044	-280.52947718434314	8221.374816806
1045	-280.52947718434314	8228.706950442
1046	-280.52947718434314	8236.372498095
1047	-280.52947718434314	8244.261312051
1048	-280.52947718434314	8252.438324746
1049	-280.52947718434314	8260.206630775
1050	-280.52947718434314	8268.555382405
1051	-280.52947718434314	8275.925188454
1052	-280.52947718434314	8284.017683693
1053	-280.52947718434314	8292.288234235
1054	-280.52947718434314	8300.064428668
1055	-280.52947718434314	8307.686583682
1056	-280.52947718434314	8315.868090964
1057	-280.52947718434314	8322.717702809
1058	-280.52947718434314	8331.426058077
1059	-280.52947718434314	8340.921011183
1060	-280.52947718434314	8349.055452326
1061	-280.52947718434314	8356.77040621
1062	-280.52947718434314	8365.215152099
1063	-280.52947718434314	8373.18224583
1064	-280.52947718434314	8381.094158364
1065	-280.52947718434314	8389.046659445
1066	-280.52947718434314	8397.788635583
1067	-280.52947718434314	8407.261871415
1068	-280.52947718434314	8413.919014065
1069	-280.52947718434314	8422.007524903
1070	-280.52947718434314	8429.753215168
1071	-280.52947718434314	8438.030599533
1072	-280.52947718434314	8448.47904843
1073	-280.52947718434314	8456.085504041
1074	-280.52947718434314	8463.47121562
1075	-280.52947718434314	8471.303164727
1076	-280.52947718434314	8478.239548163
1077	-280.52947718434314	8485.122911311
1078	-280.52947718434314	8493.313702841
1079	-280.52947718434314	8501.010859706
1080	-280.52947718434314	8509.138712495
1081	-280.52947718434314	8515.867532027
1082	-280.52947718434314	8522.66485529
1083	-280.52947718434314	8529.855659222
1084	-280.52947718434314	8534.524815801
1085	-280.52947718434314	8542.47770091
1086	-280.52947718434314	8549.485841627
1087	-280.52947718434314	8556.786596555
1088	-280.52947718434314	8564.748199279
1089	-280.52947718434314	8572.948357594
1090	-280.52947718434314	8580.831984173
1091	-280.52947718434314	8588.022187687
1092	-280.52947718434314	8596.274039298
1093	-280.52947718434314	8603.947722108
1094	-280.52947718434314	8610.361802179
1095	-280.52947718434314	8618.787060981
1096	-280.52947718434314	8625.412623499
1097	-280.52947718434314	8631.676447985
1098	-280.52947718434314	8638.840928442
1099	-280.52947718434314	8644.908514866
1100	-280.52947718434314	8652.301046584
1101	-280.52947718434314	8659.520818998
1102	-280.52947718434314	8667.356850437
1103	-280.52947718434314	8674.325860033
1104	-280.52947718434314	8681.485654744
1105	-280.52947718434314	8688.750919123
1106	-280.52947718434314	8696.664393429
1107	-280.52947718434314	8703.517674071
1108	-280.52947718434314	8711.655841742
1109	-280.52947718434314	8720.353350134
1110	-280.52947718434314	8728.13943907
1111	-280.52947718434314	8735.601950333
1112	-280.52947718434314	8743.003305295
1113	-280.52947718434314	8749.581779864
1114	-280.52947718434314	8756.129683125
1115	-280.52947718434314	8764.551563076
1116	-280.52947718434314	8771.681678982
1117	-280.52947718434314	8780.906287245
1118	-280.52947718434314	8787.810977651
1119	-280.52947718434314	8794.991225935
1120	-280.52947718434314	8802.116285753
1121	-280.52947718434314	8810.201448103
1122	-280.52947718434314	8818.501375103
1123	-280.52947718434314	8826.502075164
1124	-280.52947718434314	8833.966349194
1125	-280.52947718434314	8840.994911838
1126	-280.52947718434314	8848.114280081
1127	-280.52947718434314	8855.793236225
1128	-280.52947718434314	8863.801496256
1129	-280.52947718434314	8871.729297643
1130	-280.52947718434314	8879.383227796
1131	-280.52947718434314	8887.645083817
1132	-280.52947718434314	8895.237914118
1133	-280.52947718434314	8905.175024557
1134	-280.52947718434314	8912.320871513
1135	-280.52947718434314	8920.473794341
1136	-280.52947718434314	8928.064188757
1137	-280.52947718434314	8935.441971733
1138	-280.52947718434314	8943.52027845
1139	-280.52947718434314	8953.869964492
1140	-280.52947718434314	8959.502062762
1141	-280.52947718434314	8966.296703386
1142	-280.52947718434314	8973.958903834
1143	-280.52947718434314	8982.77754067
1144	-280.52947718434314	8990.369459225
1145	-280.52947718434314	8998.161133251
1146	-280.52947718434314	9006.331626018
1147	-280.52947718434314	9014.581336393
1148	-280.52947718434314	9022.634429382
1149	-280.52947718434314	9030.185578495
1150	-280.52947718434314	9039.938968571
1151	-280.52947718434314	9049.164280316
1152	-280.52947718434314	9054.756088111
1153	-280.52947718434314	9063.547425149
1154	-280.52947718434314	9069.823173331
1155	-280.52947718434314	9077.058282076
1156	-280.52947718434314	9084.292219919
1157	-280.52947718434314	9092.009313329
1158	-280.52947718434314	9100.445930475
1159	-280.52947718434314	9108.575188945
1160	-280.52947718434314	9116.70461762
1161	-280.52947718434314	9123.682417103
1162	-280.52947718434314	9130.763252078
1163	-280.52947718434314	9139.00108195
1164	-280.52947718434314	9146.386610068
1165	-280.52947718434314	9160.84289648
1166	-280.52947718434314	9168.833821779
1167	-280.52947718434314	9176.884610598
1168	-280.52947718434314	9184.29717551
1169	-280.52947718434314	9192.550702647
1170	-280.52947718434314	9199.972259724
1171	-280.52947718434314	9209.669186086
1172	-280.52947718434314	9216.73149319
1173	-280.52947718434314	9221.736997881
1174	-280.52947718434314	9228.852450575
1175	-280.52947718434314	9235.991352519
1176	-280.52947718434314	9244.726870737
1177	-280.52947718434314	9250.509912678
1178	-280.52947718434314	9258.474521771
1179	-280.52947718434314	9266.134749477
1180	-280.52947718434314	9273.140205844
1181	-280.52947718434314	9280.593470064
1182	-280.52947718434314	9288.038477674
1183	-280.52947718434314	9295.712576586
1184	-280.52947718434314	9300.62734624
1185	-280.52947718434314	9308.494754677
1186	-280.52947718434314	9316.647521413
1187	-280.52947718434314	9324.887592591
1188	-280.52947718434314	9333.23835032
1189	-280.52947718434314	9340.923910212
1190	-280.52947718434314	9347.091330752
1191	-280.52947718434314	9354.226503601
1192	-280.52947718434314	9360.66083796
1193	-280.52947718434314	9368.156471882
1194	-280.52947718434314	9375.345530581
1195	-280.52947718434314	9382.96696458
1196	-280.52947718434314	9391.359385109
1197	-280.52947718434314	9398.944691364
1198	-280.52947718434314	9406.157799303
1199	-280.52947718434314	9414.162109145
1200	-280.52947718434314	9422.674057858
1201	-280.52947718434314	9431.657022907
1202	-280.52947718434314	9438.036282126
1203	-280.52947718434314	9445.859103931
1204	-280.52947718434314	9454.472032857
1205	-280.52947718434314	9463.932849777
1206	-280.52947718434314	9471.363771073
1207	-280.52947718434314	9481.31036034
1208	-280.52947718434314	9492.905718473
1209	-280.52947718434314	9501.11039746
1210	-280.52947718434314	9508.939454808
1211	-280.52947718434314	9516.366801817
1212	-280.52947718434314	9524.871601958
1213	-280.52947718434314	9532.610209937
1214	-280.52947718434314	9540.484263604
1215	-280.52947718434314	9548.301759474
1216	-280.52947718434314	9558.639718111
1217	-280.52947718434314	9566.744879871
1218	-280.52947718434314	9576.733703705
1219	-280.52947718434314	9584.519294003
1220	-280.52947718434314	9592.870880087
1221	-280.52947718434314	9601.061061791
1222	-280.52947718434314	9608.909368025
1223	-280.52947718434314	9616.98694047
1224	-280.52947718434314	9623.907665556
1225	-280.52947718434314	9630.746172225
1226	-280.52947718434314	9638.814956065
1227	-280.52947718434314	9648.163736347
1228	-280.52947718434314	9655.191668637
1229	-280.52947718434314	9662.535464248
1230	-280.52947718434314	9670.24122925
1231	-280.52947718434314	9677.450200545
1232	-280.52947718434314	9685.310341524
1233	-280.52947718434314	9692.99006658
1234	-280.52947718434314	9700.855356019
1235	-280.52947718434314	9707.902642397
1236	-280.52947718434314	9715.210630144
1237	-280.52947718434314	9723.687174265
1238	-280.52947718434314	9730.57990933
1239	-280.52947718434314	9738.502452778
1240	-280.52947718434314	9747.490461086
1241	-280.52947718434314	9753.90925256
1242	-280.52947718434314	9760.473710094
1243	-280.52947718434314	9768.04743862
1244	-280.52947718434314	9775.364079407
1245	-280.52947718434314	9783.128413009
1246	-280.52947718434314	9791.411173771
1247	-280.52947718434314	9799.490599644
1248	-280.52947718434314	9807.189615069
1249	-280.52947718434314	9814.697600336
1250	-280.52947718434314	9821.105837444
1251	-280.52947718434314	9829.037445758
1252	-280.52947718434314	9836.808171422
1253	-280.52947718434314	9844.021371306
1254	-280.52947718434314	9851.98137548
1255	-280.52947718434314	9859.681032377
1256	-280.52947718434314	9866.483283006
1257	-280.52947718434314	9873.831542412
1258	-280.52947718434314	9881.300519721
1259	-280.52947718434314	9889.235198123
1260	-280.52947718434314	9896.374575184
1261	-280.52947718434314	9902.860346249
1262	-280.52947718434314	9910.534787708
1263	-280.52947718434314	9919.549286703
1264	-280.52947718434314	9928.24063439
1265	-280.52947718434314	9935.608179889
1266	-280.52947718434314	9943.666728818
1267	-280.52947718434314	9952.38092662
1268	-280.52947718434314	9961.134097313
1269	-280.52947718434314	9968.87183802
1270	-280.52947718434314	9977.3849803
1271	-280.52947718434314	9986.097650114
1272	-280.52947718434314	9993.940277176
1273	-280.52947718434314	10001.829782211
1274	-280.52947718434314	10008.445286864
1275	-280.52947718434314	10015.457993584
1276	-280.52947718434314	10022.74575484
1277	-280.52947718434314	10030.441583856
1278	-280.52947718434314	10038.418009304
1279	-280.52947718434314	10046.268887416
1280	-280.52947718434314	10054.449038624
1281	-280.52947718434314	10062.465902088
1282	-280.52947718434314	10070.495739124
1283	-280.52947718434314	10078.527015625
1284	-280.52947718434314	10086.740602531
1285	-280.52947718434314	10094.30095635
1286	-280.52947718434314	10101.608660566
1287	-280.52947718434314	10108.611499297
1288	-280.52947718434314	10116.685782697
1289	-280.52947718434314	10124.741721687
1290	-280.52947718434314	10132.163849674
1291	-280.52947718434314	10139.033221873
1292	-280.52947718434314	10146.977152451
1293	-280.52947718434314	10154.076954492
1294	-280.52947718434314	10161.227968725
1295	-280.52947718434314	10168.588115904
1296	-280.52947718434314	10175.825694747
1297	-280.52947718434314	10183.798577555
1298	-280.52947718434314	10191.537072634
1299	-280.52947718434314	10199.431762908
1300	-280.52947718434314	10207.148499659
1301	-280.52947718434314	10215.184221138
1302	-280.52947718434314	10222.775609409
1303	-280.52947718434314	10230.424394524
1304	-280.52947718434314	10237.750409794
1305	-280.52947718434314	10245.599590997
1306	-280.52947718434314	10252.817114835
1307	-280.52947718434314	10259.842706604
1308	-280.52947718434314	10267.835773567
1309	-280.52947718434314	10275.866022
1310	-280.52947718434314	10282.130828795
1311	-280.52947718434314	10289.220311678
1312	-280.52947718434314	10296.440011392
1313	-280.52947718434314	10303.613801329
1314	-280.52947718434314	10310.452340498
1315	-280.52947718434314	10317.001145242
1316	-280.52947718434314	10324.247404922
1317	-280.52947718434314	10331.957593946
1318	-280.52947718434314	10338.655106614
1319	-280.52947718434314	10346.578586613
1320	-280.52947718434314	10353.430379893
1321	-280.52947718434314	10361.561459718
1322	-280.52947718434314	10369.527006216
1323	-280.52947718434314	10376.861848151
1324	-280.52947718434314	10384.930532777
1325	-280.52947718434314	10392.867615419
1326	-280.52947718434314	10400.41835741
1327	-280.52947718434314	10408.540384344
1328	-280.52947718434314	10417.163431006
1329	-280.52947718434314	10423.989078284
1330	-280.52947718434314	10430.403103616
1331	-280.52947718434314	10439.019132566
1332	-280.52947718434314	10445.794652597
1333	-280.52947718434314	10453.567585783
1334	-280.52947718434314	10461.556393366
1335	-280.52947718434314	10470.073035949
1336	-280.52947718434314	10477.289389313
1337	-280.52947718434314	10485.254542375
1338	-280.52947718434314	10493.292135672
1339	-280.52947718434314	10501.557508673
1340	-280.52947718434314	10512.212721773
1341	-280.52947718434314	10520.273405523
1342	-280.52947718434314	10527.174560559
1343	-280.52947718434314	10534.765427954
1344	-280.52947718434314	10542.934832783
1345	-280.52947718434314	10550.319195131
1346	-280.52947718434314	10557.314506393
1347	-280.52947718434314	10564.739551371
1348	-280.52947718434314	10572.718218125
1349	-280.52947718434314	10580.029347806
1350	-280.52947718434314	10588.75106153
1351	-280.52947718434314	10596.774318339
1352	-280.52947718434314	10603.792085851
1353	-280.52947718434314	10612.00753816
1354	-280.52947718434314	10618.904520629
1355	-280.52947718434314	10627.177471562
1356	-280.52947718434314	10634.983615503
1357	-280.52947718434314	10641.999654032
1358	-280.52947718434314	10649.745056917
1359	-280.52947718434314	10656.569189037
1360	-280.52947718434314	10663.541568075
1361	-280.52947718434314	10671.259063903
1362	-280.52947718434314	10678.659051244
1363	-280.52947718434314	10686.575238125
1364	-280.52947718434314	10694.841293226
1365	-280.52947718434314	10701.853691611
1366	-280.52947718434314	10708.707733467
1367	-280.52947718434314	10715.979001603
1368	-280.52947718434314	10722.289526588
1369	-280.52947718434314	10729.502523767
1370	-280.52947718434314	10736.489475356
1371	-280.52947718434314	10743.897895499
1372	-280.52947718434314	10752.052005051
1373	-280.52947718434314	10759.790572403
1374	-280.52947718434314	10767.93609349
1375	-280.52947718434314	10775.035202741
1376	-280.52947718434314	10781.607503349
1377	-280.52947718434314	10787.722880777
1378	-280.52947718434314	10794.865086305
1379	-280.52947718434314	10802.114202249
1380	-280.52947718434314	10809.493385346
1381	-280.52947718434314	10816.061379106
1382	-280.52947718434314	10823.379859637
1383	-280.52947718434314	10830.266837697
1384	-280.52947718434314	10837.510679879
1385	-280.52947718434314	10843.078381555
1386	-280.52947718434314	10851.159518023
1387	-280.52947718434314	10861.268214298
1388	-280.52947718434314	10869.253168768
1389	-280.52947718434314	10877.044485707
1390	-280.52947718434314	10884.485524739
1391	-280.52947718434314	10892.125201796
1392	-280.52947718434314	10899.831865715
1393	-280.52947718434314	10907.479834021
1394	-280.52947718434314	10915.875623992
1395	-280.52947718434314	10924.024448664
1396	-280.52947718434314	10932.790004058
1397	-280.52947718434314	10939.058467675
1398	-280.52947718434314	10945.748390438
1399	-280.52947718434314	10951.736329894
1400	-280.52947718434314	10959.04397595
1401	-280.52947718434314	10966.530504381
1402	-280.52947718434314	10973.509522235
1403	-280.52947718434314	10980.740899746
1404	-280.52947718434314	10987.72890164
1405	-280.52947718434314	10996.591147932
1406	-280.52947718434314	11005.199550627
1407	-280.52947718434314	11012.383864565
1408	-280.52947718434314	11020.766852023
1409	-280.52947718434314	11028.174253935
1410	-280.52947718434314	11036.456020841
1411	-280.52947718434314	11046.864250253
1412	-280.52947718434314	11055.464804742
1413	-280.52947718434314	11063.615136875
1414	-280.52947718434314	11072.086393978
1415	-280.52947718434314	11079.891030457
1416	-280.52947718434314	11088.048069402
1417	-280.52947718434314	11095.740649572
1418	-280.52947718434314	11103.966883327
1419	-280.52947718434314	11110.875610735
1420	-280.52947718434314	11117.800905674
1421	-280.52947718434314	11124.787950918
1422	-280.52947718434314	11131.483097834
1423	-280.52947718434314	11138.718223257
1424	-280.52947718434314	11145.044371953
1425	-280.52947718434314	11151.945570609
1426	-280.52947718434314	11159.664989999
1427	-280.52947718434314	11167.849792312
1428	-280.52947718434314	11175.351891852
1429	-280.52947718434314	11183.494398446
1430	-280.52947718434314	11190.607089813
1431	-280.52947718434314	11198.508331234
1432	-280.52947718434314	11206.412916011
1433	-280.52947718434314	11214.326662301
1434	-280.52947718434314	11222.308786166
1435	-280.52947718434314	11230.431652575
1436	-280.52947718434314	11238.014484882
1437	-280.52947718434314	11244.68901743
1438	-280.52947718434314	11252.507643147
1439	-280.52947718434314	11260.554468948
1440	-280.52947718434314	11268.992604674
1441	-280.52947718434314	11276.574105284
1442	-280.52947718434314	11284.297732308
1443	-280.52947718434314	11292.136948018
1444	-280.52947718434314	11299.204226963
1445	-280.52947718434314	11306.017705503
1446	-280.52947718434314	11312.749805526
1447	-280.52947718434314	11319.860986439
1448	-280.52947718434314	11327.900485338
1449	-280.52947718434314	11337.987551579
1450	-280.52947718434314	11346.182287312
1451	-280.52947718434314	11352.539372956
1452	-280.52947718434314	11359.591931384
1453	-280.52947718434314	11367.004971841
1454	-280.52947718434314	11375.054145859
1455	-280.52947718434314	11383.016291697
1456	-280.52947718434314	11390.376431179
1457	-280.52947718434314	11398.695610487
1458	-280.52947718434314	11406.208413642
1459	-280.52947718434314	11414.615362673
1460	-280.52947718434314	11422.925836341
1461	-280.52947718434314	11429.868206001
1462	-280.52947718434314	11437.105585132
1463	-280.52947718434314	11445.517162603
1464	-280.52947718434314	11453.466640209
1465	-280.52947718434314	11461.080159718
1466	-280.52947718434314	11468.926417088
1467	-280.52947718434314	11476.620915689
1468	-280.52947718434314	11483.548084583
1469	-280.52947718434314	11491.398805748
1470	-280.52947718434314	11499.029184872
1471	-280.52947718434314	11506.05656806
1472	-280.52947718434314	11514.085771321
1473	-280.52947718434314	11521.966189681
1474	-280.52947718434314	11531.122819794
1475	-280.52947718434314	11539.136481881
1476	-280.52947718434314	11546.412336547
1477	-280.52947718434314	11553.447872427
1478	-280.52947718434314	11561.037256309
1479	-280.52947718434314	11568.565701991
1480	-280.52947718434314	11574.440466838
1481	-280.52947718434314	11581.265828019
1482	-280.52947718434314	11589.849340288
1483	-280.52947718434314	11597.784938134
1484	-280.52947718434314	11606.163971126
1485	-280.52947718434314	11612.821008574
1486	-280.52947718434314	11622.437761106
1487	-280.52947718434314	11631.619347074
1488	-280.52947718434314	11641.095311732
1489	-280.52947718434314	11649.160206964
1490	-280.52947718434314	11657.438672425
1491	-280.52947718434314	11665.439103067
1492	-280.52947718434314	11672.156712648
1493	-280.52947718434314	11678.22261371
1494	-280.52947718434314	11685.048371749
1495	-280.52947718434314	11692.392745969
1496	-280.52947718434314	11699.172517254
1497	-280.52947718434314	11706.757711892
1498	-280.52947718434314	11715.146864331
1499	-280.52947718434314	11724.60232196
1500	-280.52947718434314	11731.655661275
1501	-280.52947718434314	11738.043828839
1502	-280.52947718434314	11746.10759508
1503	-280.52947718434314	11752.792884271
1504	-280.52947718434314	11761.019768479
1505	-280.52947718434314	11769.129249917
1506	-280.52947718434314	11776.673139697
1507	-280.52947718434314	11785.07563819
1508	-280.52947718434314	11792.772494845
1509	-280.52947718434314	11802.106717973
1510	-280.52947718434314	11810.487028351
1511	-280.52947718434314	11818.197921713
1512	-280.52947718434314	11825.511200328
1513	-280.52947718434314	11834.462450964
1514	-280.52947718434314	11842.842591139
1515	-280.52947718434314	11850.876746997
1516	-280.52947718434314	11857.944874825
1517	-280.52947718434314	11865.716536184
1518	-280.52947718434314	11872.110498813
1519	-280.52947718434314	11879.200663796
1520	-280.52947718434314	11885.316858887
1521	-280.52947718434314	11893.619465533
1522	-280.52947718434314	11900.449772042
1523	-280.52947718434314	11906.665074246
1524	-280.52947718434314	11913.054997735
1525	-280.52947718434314	11921.075695923
1526	-280.52947718434314	11928.212316362
1527	-280.52947718434314	11935.909218348
1528	-280.52947718434314	11943.909778567
1529	-280.52947718434314	11956.257688157
1530	-280.52947718434314	11963.752678041
1531	-280.52947718434314	11970.864899423
1532	-280.52947718434314	11978.575457081
1533	-280.52947718434314	11985.866464189
1534	-280.52947718434314	11994.016960967
1535	-280.52947718434314	12003.115397954
1536	-280.52947718434314	12011.209629874
1537	-280.52947718434314	12018.831425664
1538	-280.52947718434314	12026.804877245
1539	-280.52947718434314	12033.916466135
1540	-280.52947718434314	12041.550484547
1541	-280.52947718434314	12048.964141673
1542	-280.52947718434314	12056.32113024
1543	-280.52947718434314	12064.286595913
1544	-280.52947718434314	12071.834868662
1545	-280.52947718434314	12079.910134371
1546	-280.52947718434314	12087.462400502
1547	-280.52947718434314	12095.563615066
1548	-280.52947718434314	12102.513266725
1549	-280.52947718434314	12110.22691842
1550	-280.52947718434314	12117.742062095
1551	-280.52947718434314	12126.106270652
1552	-280.52947718434314	12132.981215111
1553	-280.52947718434314	12141.001844875
1554	-280.52947718434314	12149.048132266
1555	-280.52947718434314	12157.12355706
1556	-280.52947718434314	12165.006491704
1557	-280.52947718434314	12172.388978386
1558	-280.52947718434314	12178.893869188
1559	-280.52947718434314	12186.359589953
1560	-280.52947718434314	12192.384980728
1561	-280.52947718434314	12200.500158016
1562	-280.52947718434314	12208.636234914
1563	-280.52947718434314	12217.118545875
1564	-280.52947718434314	12224.630358596
1565	-280.52947718434314	12231.503296956
1566	-280.52947718434314	12240.637571743
1567	-280.52947718434314	12247.294387669
1568	-280.52947718434314	12254.636304193
1569	-280.52947718434314	12262.044203459
1570	-280.52947718434314	12268.978616719
1571	-280.52947718434314	12274.144587103
1572	-280.52947718434314	12281.931509098
1573	-280.52947718434314	12288.860028079
1574	-280.52947718434314	12296.998701231
1575	-280.52947718434314	12304.84995268
1576	-280.52947718434314	12311.922927048
1577	-280.52947718434314	12319.305900822
1578	-280.52947718434314	12327.284669784
1579	-280.52947718434314	12337.309323721
1580	-280.52947718434314	12344.33084727
1581	-280.52947718434314	12351.531296386
1582	-280.52947718434314	12360.094070268
1583	-280.52947718434314	12367.814778591
1584	-280.52947718434314	12375.786174466
1585	-280.52947718434314	12382.971242776
1586	-280.52947718434314	12389.788241718
1587	-280.52947718434314	12397.042279041
1588	-280.52947718434314	12404.305705814
1589	-280.52947718434314	12413.15182762
1590	-280.52947718434314	12420.138661605
1591	-280.52947718434314	12426.949315527
1592	-280.52947718434314	12435.128118787
1593	-280.52947718434314	12442.623593624
1594	-280.52947718434314	12449.99049765
1595	-280.52947718434314	12458.107355597
1596	-280.52947718434314	12465.472883022
1597	-280.52947718434314	12473.069832006
1598	-280.52947718434314	12480.873505849
1599	-280.52947718434314	12488.207444163
1600	-280.52947718434314	12496.206296782
1601	-280.52947718434314	12504.274076931
1602	-280.52947718434314	12510.882947473
1603	-280.52947718434314	12518.488626474
1604	-280.52947718434314	12524.527134083
1605	-280.52947718434314	12531.028559222
1606	-280.52947718434314	12538.569970351
1607	-280.52947718434314	12546.710178761
1608	-280.52947718434314	12553.851916442
1609	-280.52947718434314	12562.940739891
1610	-280.52947718434314	12570.62284695
1611	-280.52947718434314	12579.487142534
1612	-280.52947718434314	12586.440312884
1613	-280.52947718434314	12593.712973872
1614	-280.52947718434314	12598.127887856
1615	-280.52947718434314	12605.886772789
1616	-280.52947718434314	12613.417346022
1617	-280.52947718434314	12620.870478525
1618	-280.52947718434314	12628.154813461
1619	-280.52947718434314	12635.924570929
1620	-280.52947718434314	12645.18781809
1621	-280.52947718434314	12651.970107369
1622	-280.52947718434314	12660.890990258
1623	-280.52947718434314	12668.830680273
1624	-280.52947718434314	12676.001251727
1625	-280.52947718434314	12683.892049544
1626	-280.52947718434314	12691.263537106
1627	-280.52947718434314	12698.693411946
1628	-280.52947718434314	12705.697716656
1629	-280.52947718434314	12713.039359912
1630	-280.52947718434314	12720.565419743
1631	-280.52947718434314	12728.233863859
1632	-280.52947718434314	12735.185343716
1633	-280.52947718434314	12742.524984722
1634	-280.52947718434314	12750.494101658
1635	-280.52947718434314	12758.703739657
1636	-280.52947718434314	12766.069602359
1637	-280.52947718434314	12773.477653869
1638	-280.52947718434314	12782.572195406
1639	-280.52947718434314	12790.624890254
1640	-280.52947718434314	12799.631371695
1641	-280.52947718434314	12807.471740345
1642	-280.52947718434314	12815.555613335
1643	-280.52947718434314	12822.957679476
1644	-280.52947718434314	12829.615543141
1645	-280.52947718434314	12836.520461056
1646	-280.52947718434314	12843.705637989
1647	-280.52947718434314	12850.836790942
1648	-280.52947718434314	12858.710113758
1649	-280.52947718434314	12866.119465319
1650	-280.52947718434314	12873.045556112
1651	-280.52947718434314	12880.997518783
1652	-280.52947718434314	12888.465967518
1653	-280.52947718434314	12896.371206169
1654	-280.52947718434314	12902.453454095
1655	-280.52947718434314	12910.935579029
1656	-280.52947718434314	12917.607827079
1657	-280.52947718434314	12924.821491817
1658	-280.52947718434314	12934.024591499
1659	-280.52947718434314	12942.82018364
1660	-280.52947718434314	12949.800216304
1661	-280.52947718434314	12957.703127265
1662	-280.52947718434314	12965.710899349
1663	-280.52947718434314	12974.013636855
1664	-280.52947718434314	12981.318007979
1665	-280.52947718434314	12988.269213712
1666	-280.52947718434314	12996.039009241
1667	-280.52947718434314	13004.135556877
1668	-280.52947718434314	13011.799179684
1669	-280.52947718434314	13020.004723377
1670	-280.52947718434314	13027.629058544
1671	-280.52947718434314	13034.014106413
1672	-280.52947718434314	13041.665716146
1673	-280.52947718434314	13048.989933581
1674	-280.52947718434314	13057.158081124
1675	-280.52947718434314	13064.104669109
1676	-280.52947718434314	13072.193968531
1677	-280.52947718434314	13079.763440244
1678	-280.52947718434314	13087.785608259
1679	-280.52947718434314	13095.181018906
1680	-280.52947718434314	13103.81925265
1681	-280.52947718434314	13112.021305876
1682	-280.52947718434314	13119.127269904
1683	-280.52947718434314	13125.736659184
1684	-280.52947718434314	13133.939631854
1685	-280.52947718434314	13141.144581971
1686	-280.52947718434314	13149.144747043
1687	-280.52947718434314	13157.306667168
1688	-280.52947718434314	13165.579609548
1689	-280.52947718434314	13173.045279423
1690	-280.52947718434314	13180.444175406
1691	-280.52947718434314	13188.578984753
1692	-280.52947718434314	13196.881925393
1693	-280.52947718434314	13204.207605386
1694	-280.52947718434314	13211.909227756
1695	-280.52947718434314	13221.122250594
1696	-280.52947718434314	13227.636523576
1697	-280.52947718434314	13234.888586018
1698	-280.52947718434314	13242.255395106
1699	-280.52947718434314	13249.613690995
1700	-280.52947718434314	13257.121898639
1701	-280.52947718434314	13263.408864896
1702	-280.52947718434314	13271.257920798
1703	-280.52947718434314	13278.165606454
1704	-280.52947718434314	13284.933708922
1705	-280.52947718434314	13292.510995484
1706	-280.52947718434314	13298.940462347
1707	-280.52947718434314	13306.778045295
1708	-280.52947718434314	13314.602072213
1709	-280.52947718434314	13322.047856433
1710	-280.52947718434314	13328.966819608
1711	-280.52947718434314	13338.45589554
1712	-280.52947718434314	13346.23738469
1713	-280.52947718434314	13352.735888989
1714	-280.52947718434314	13360.193989058
1715	-280.52947718434314	13367.707595764
1716	-280.52947718434314	13374.24210935
1717	-280.52947718434314	13381.895215425
1718	-280.52947718434314	13389.594728633
1719	-280.52947718434314	13397.009815816
1720	-280.52947718434314	13405.999097234
1721	-280.52947718434314	13414.401483256
1722	-280.52947718434314	13422.22779681
1723	-280.52947718434314	13429.824577301
1724	-280.52947718434314	13437.288384767
1725	-280.52947718434314	13444.162993094
1726	-280.52947718434314	13451.118531763
1727	-280.52947718434314	13458.492713938
1728	-280.52947718434314	13465.169233769
1729	-280.52947718434314	13472.544852844
1730	-280.52947718434314	13480.166794034
1731	-280.52947718434314	13488.242500221
1732	-280.52947718434314	13494.935721864
1733	-280.52947718434314	13501.242843195
1734	-280.52947718434314	13509.325730028
1735	-280.52947718434314	13515.314855354
1736	-280.52947718434314	13522.775836063
1737	-280.52947718434314	13529.911040986
1738	-280.52947718434314	13536.762712386
1739	-280.52947718434314	13545.003369442
1740	-280.52947718434314	13552.960189773
1741	-280.52947718434314	13560.377466943
1742	-280.52947718434314	13568.692465988
1743	-280.52947718434314	13575.537408338
1744	-280.52947718434314	13583.48325136
1745	-280.52947718434314	13592.259808011
1746	-280.52947718434314	13598.4860593
1747	-280.52947718434314	13606.466570075
1748	-280.52947718434314	13613.667741062
1749	-280.52947718434314	13621.109700821
1750	-280.52947718434314	13629.042527505
1751	-280.52947718434314	13636.586380507
1752	-280.52947718434314	13643.283026331
1753	-280.52947718434314	13650.982931265
1754	-280.52947718434314	13658.934532146
1755	-280.52947718434314	13668.159581315
1756	-280.52947718434314	13677.474613288
1757	-280.52947718434314	13685.764747565
1758	-280.52947718434314	13693.913059059
1759	-280.52947718434314	13701.984585409
1760	-280.52947718434314	13709.957542629
1761	-280.52947718434314	13717.183979945
1762	-280.52947718434314	13724.356260282
1763	-280.52947718434314	13731.355278829
1764	-280.52947718434314	13739.186937989
1765	-280.52947718434314	13745.996927345
1766	-280.52947718434314	13752.589997985
1767	-280.52947718434314	13761.252242909
1768	-280.52947718434314	13769.111108212
1769	-280.52947718434314	13778.09625042
1770	-280.52947718434314	13784.533680099
1771	-280.52947718434314	13792.554302593
1772	-280.52947718434314	13800.296353569
1773	-280.52947718434314	13806.826458099
1774	-280.52947718434314	13814.131124728
1775	-280.52947718434314	13821.380915073
1776	-280.52947718434314	13828.905421685
1777	-280.52947718434314	13835.8957765
1778	-280.52947718434314	13843.960478436
1779	-280.52947718434314	13851.925592581
1780	-280.52947718434314	13859.622779809
1781	-280.52947718434314	13865.833769606
1782	-280.52947718434314	13874.004979539
1783	-280.52947718434314	13881.96281639
1784	-280.52947718434314	13888.141083379
1785	-280.52947718434314	13894.992315584
1786	-280.52947718434314	13903.151401254
1787	-280.52947718434314	13910.010207969
1788	-280.52947718434314	13917.988353848
1789	-280.52947718434314	13925.011171461
1790	-280.52947718434314	13931.8992319
1791	-280.52947718434314	13938.865424148
1792	-280.52947718434314	13944.976097014
1793	-280.52947718434314	13952.722710573
1794	-280.52947718434314	13960.103966055
1795	-280.52947718434314	13967.956729241
1796	-280.52947718434314	13976.005186521
1797	-280.52947718434314	13983.249620568
1798	-280.52947718434314	13990.886772361
1799	-280.52947718434314	13999.011183008
1800	-280.52947718434314	14006.934303354
1801	-280.52947718434314	14013.507822332
1802	-280.52947718434314	14020.777428198
1803	-280.52947718434314	14028.105413645
1804	-280.52947718434314	14036.429402288
1805	-280.52947718434314	14045.54770141
1806	-280.52947718434314	14052.718832228
1807	-280.52947718434314	14061.413232043
1808	-280.52947718434314	14069.567246657
1809	-280.52947718434314	14076.428816837
1810	-280.52947718434314	14083.669564127
1811	-280.56244876400115	14091.547598775
1812	-280.56244876400115	14097.629547346
1813	-280.56244876400115	14104.612065931
1814	-280.56244876400115	14111.74750435
1815	-280.56244876400115	14119.457163946
1816	-280.56244876400115	14126.956144646
1817	-280.56244876400115	14132.848148431
1818	-280.56244876400115	14141.210026732
1819	-280.56244876400115	14148.152630316
1820	-280.56244876400115	14155.200602214
1821	-280.56244876400115	14162.556690582
1822	-280.56244876400115	14170.84162893
1823	-280.56244876400115	14178.368584256
1824	-280.56244876400115	14186.489569866
1825	-280.56244876400115	14194.233961791
1826	-280.56244876400115	14201.079881319
1827	-280.56244876400115	14207.95363777
1828	-280.56244876400115	14214.633863175
1829	-280.56244876400115	14222.670346724
1830	-280.56244876400115	14229.75630835
1831	-280.56244876400115	14238.039486069
1832	-280.56244876400115	14242.747282828
1833	-280.56244876400115	14249.570313325
1834	-280.56244876400115	14257.773162832
1835	-280.56244876400115	14264.965816344
1836	-280.56244876400115	14272.673607116
1837	-280.56244876400115	14279.869509474
1838	-280.56244876400115	14288.147634954
1839	-280.56244876400115	14295.949902261
1840	-280.56244876400115	14304.100135179
1841	-280.56244876400115	14310.69726848
1842	-280.56244876400115	14317.96048314
1843	-280.56244876400115	14325.338758339
1844	-280.56244876400115	14331.153297875
1845	-280.56244876400115	14338.152735945
1846	-280.56244876400115	14345.343347863
1847	-280.56244876400115	14352.733946609
1848	-280.56244876400115	14359.374131285
1849	-280.56244876400115	14366.950887563
1850	-280.56244876400115	14374.412180028
1851	-280.56244876400115	14382.818319521
1852	-280.56244876400115	14389.807396523
1853	-280.56244876400115	14397.50673525
1854	-280.56244876400115	14404.773984345
1855	-280.56244876400115	14411.71867742
1856	-280.56244876400115	14419.25324489
1857	-280.56244876400115	14427.511833247
1858	-280.56244876400115	14434.790581383
1859	-280.56244876400115	14442.612558154
1860	-280.56244876400115	14450.828206326
1861	-280.56244876400115	14460.059470511
1862	-280.56244876400115	14467.320583706
1863	-280.56244876400115	14475.002874653
1864	-280.56244876400115	14481.718967365
1865	-280.56244876400115	14489.825889754
1866	-280.56244876400115	14496.921540612
1867	-280.56244876400115	14503.276756149
1868	-280.56244876400115	14511.523152676
1869	-280.56244876400115	14519.353019562
1870	-280.56244876400115	14526.889302757
1871	-280.56244876400115	14534.415132085
1872	-280.56244876400115	14542.140937123
1873	-280.56244876400115	14550.041360024
1874	-280.56244876400115	14557.879178179
1875	-280.56244876400115	14566.057614944
1876	-280.56244876400115	14574.474118071
1877	-280.56244876400115	14582.170925974
1878	-280.56244876400115	14589.838391203
1879	-280.56244876400115	14597.286386365
1880	-280.56244876400115	14604.206981447
1881	-280.56244876400115	14611.080136625
1882	-280.56244876400115	14619.431490068
1883	-280.56244876400115	14627.200606918
1884	-280.56244876400115	14634.967338773
1885	-280.56244876400115	14641.47359078
1886	-280.56244876400115	14650.019242044
1887	-280.56244876400115	14657.65543291
1888	-280.56244876400115	14664.727095253
1889	-280.56244876400115	14672.655858848
1890	-280.56244876400115	14680.533807966
1891	-280.56244876400115	14687.806913707
1892	-280.56244876400115	14695.066554936
1893	-280.56244876400115	14702.621200931
1894	-280.56244876400115	14710.33952383
1895	-280.56244876400115	14717.715321662
1896	-280.56244876400115	14724.742927656
1897	-280.56244876400115	14732.354766078
1898	-280.56244876400115	14739.824968172
1899	-280.56244876400115	14747.364779468
1900	-280.56244876400115	14756.603923931
1901	-280.56244876400115	14765.276963131
1902	-280.56244876400115	14773.259072456
1903	-280.56244876400115	14780.949324507
1904	-280.56244876400115	14788.231041379
1905	-280.56244876400115	14795.848688979
1906	-280.56244876400115	14804.211557714
1907	-280.56244876400115	14812.451598101
1908	-280.56244876400115	14823.788749765
1909	-280.56244876400115	14830.989479419
1910	-280.56244876400115	14838.556768414
1911	-280.56244876400115	14845.778605515
1912	-280.56244876400115	14853.103700485
1913	-280.56244876400115	14860.756181338
1914	-280.56244876400115	14868.092889103
1915	-280.56244876400115	14875.674807953
1916	-280.56244876400115	14882.876061477
1917	-280.56244876400115	14889.940571826
1918	-280.56244876400115	14897.896374353
1919	-280.56244876400115	14905.517158327
1920	-280.56244876400115	14912.96607721
1921	-280.56244876400115	14920.583069652
1922	-280.56244876400115	14928.711360781
1923	-280.56244876400115	14935.086764749
1924	-280.56244876400115	14942.86151373
1925	-280.56244876400115	14951.179144951
1926	-280.56244876400115	14958.800416871
1927	-280.56244876400115	14965.99880515
1928	-280.56244876400115	14973.246098455
1929	-280.56244876400115	14979.403168191
1930	-280.56244876400115	14986.979594751
1931	-280.56244876400115	14993.294014759
1932	-280.56244876400115	15001.522134017
1933	-280.56244876400115	15008.924139004
1934	-280.56244876400115	15015.798024606
1935	-280.56244876400115	15022.42148908
1936	-280.56244876400115	15030.97533751
1937	-280.56244876400115	15038.738761076
1938	-280.56244876400115	15046.217450282
1939	-280.56244876400115	15053.806074661
1940	-280.56244876400115	15060.739972604
1941	-280.56244876400115	15067.909258547
1942	-280.56244876400115	15075.807591958
1943	-280.56244876400115	15083.019174903
1944	-280.56244876400115	15090.834875505
1945	-280.56244876400115	15097.799939188
1946	-280.56244876400115	15104.445189788
1947	-280.56244876400115	15111.5472759
1948	-280.56244876400115	15118.824758196
1949	-280.56244876400115	15124.980817398
1950	-280.56244876400115	15132.899749782
1951	-280.56244876400115	15139.452535506
1952	-280.56244876400115	15147.522352973
1953	-280.56244876400115	15158.699062038
1954	-280.56244876400115	15165.991768621
1955	-280.56244876400115	15176.311181853
1956	-280.56244876400115	15183.160623066
1957	-280.56244876400115	15190.200175421
1958	-280.56244876400115	15197.432713998
1959	-280.56244876400115	15204.016706088
1960	-280.56244876400115	15211.499494733
1961	-280.56244876400115	15219.850125878
1962	-280.56244876400115	15227.693961902
1963	-280.56244876400115	15234.107269212
1964	-280.56244876400115	15241.507378433
1965	-280.56244876400115	15247.566480311
1966	-280.56244876400115	15255.381225118
1967	-280.56244876400115	15262.219435427
1968	-280.56244876400115	15269.847248659
1969	-280.56244876400115	15275.030739802
1970	-280.56244876400115	15281.38642618
1971	-280.56244876400115	15289.522981616
1972	-280.56244876400115	15297.413264972
1973	-280.56244876400115	15303.749034049
1974	-280.56244876400115	15311.794375053
1975	-280.56244876400115	15318.622170837
1976	-280.56244876400115	15325.521094831
1977	-280.56244876400115	15333.312849682
1978	-280.56244876400115	15339.855601917
1979	-280.56244876400115	15347.757826502
1980	-280.56244876400115	15355.551196154
1981	-280.56244876400115	15363.630411196
1982	-280.56244876400115	15371.179636746
1983	-280.56244876400115	15378.483233826
1984	-280.56244876400115	15385.49773667
1985	-280.56244876400115	15393.364010983
1986	-280.56244876400115	15398.968402762
1987	-280.56244876400115	15406.907434198
1988	-280.56244876400115	15414.016685989
1989	-280.56244876400115	15421.138433669
1990	-280.56244876400115	15427.219275486
1991	-280.56244876400115	15434.577154846
1992	-280.56244876400115	15440.95162825
1993	-280.56244876400115	15448.042093869
1994	-280.56244876400115	15457.129011717
1995	-280.56244876400115	15464.912827701
1996	-280.56244876400115	15471.292067676
1997	-280.56244876400115	15477.570515175
1998	-280.56244876400115	15484.333434543
1999	-280.56244876400115	15491.357979856
