0	-286.592523415074	15.086081735
1	-286.1678609006108	25.702389582
2	-287.11853619575936	34.174562161
3	-287.1185361960428	47.052844752
4	-288.1501047758066	57.181260021
5	-288.1501047767828	66.421489173
6	-288.15010477786063	73.770339371
7	-288.15010477786063	81.829881554
8	-288.15010477843344	87.598281103
9	-288.19203865411157	98.209570045
10	-288.19219471455085	109.685413147
11	-288.19219472007273	124.706843133
12	-288.1921947217118	136.785083044
13	-288.1921947295182	148.0130134
14	-288.1921947295182	161.623253316
15	-288.1921947295182	173.427169652
16	-288.1921947295182	187.911353646
17	-288.19219473281	200.8914307
18	-288.19219473281	214.06131009
19	-288.19219473281	227.766069282
20	-288.19219473281	240.858870259
21	-288.19219473281	253.945289838
22	-288.19219473281	268.204125629
23	-288.1921947345253	281.455009261
24	-288.1921947345253	297.976157211
25	-288.192194735209	310.846571463
26	-288.192194735209	324.495299482
27	-288.192194735209	337.077650609
28	-288.192194735209	352.429301061
29	-289.05271776930425	364.955987939
30	-289.0527177693397	376.390582028
31	-289.0527177693838	387.06613869
32	-289.0527177694951	395.764612705
33	-289.0527177694951	408.467048046
34	-289.05271776950406	418.200937923
35	-289.05271776950406	424.660171941
36	-289.05271776950406	434.180980337
37	-289.05271776950406	442.246044342
38	-289.05271776950406	451.180997443
39	-289.05271776950406	461.282938591
40	-289.05271776950406	470.856925306
41	-289.05271776950406	479.405154213
42	-289.05271776950406	489.525335075
43	-289.05271776950406	499.140635805
44	-289.05271776950406	508.570995728
45	-289.05271776950406	515.667348769
46	-289.05271776950406	523.445639015
47	-289.05271776950406	533.650860283
48	-289.05271776950406	542.780549522
49	-289.05271776950406	547.704331115
50	-289.05271776950406	556.579253656
51	-289.05271776950406	566.023927464
52	-289.05271776950406	575.027255011
53	-289.05271776950406	580.411750292
54	-289.05271776950406	588.441299219
55	-289.05271776950406	596.275342238
56	-289.05271776950406	604.290644422
57	-289.05271776950406	612.575678072
58	-289.05271776950406	621.423199346
59	-289.05271776950406	630.334437527
60	-289.05271776950406	639.789085423
61	-289.05271776950406	647.994258795
62	-289.05271776950406	656.969814302
63	-289.05271776950406	665.536039163
64	-289.05271776950406	674.414513768
65	-289.05271776950406	683.281694556
66	-289.05271776950406	690.792555805
67	-289.05271776950406	701.311094661
68	-289.05271776950406	709.869552109
69	-289.05271776950826	719.418383148
70	-289.05271776950826	727.216971817
71	-289.05271776950826	735.103728726
72	-289.05271776950826	744.595084416
73	-289.05271776950826	753.094429042
74	-289.05271776950826	762.155578763
75	-289.05271776950826	771.633102531
76	-289.05271776950826	779.977515001
77	-289.05271776950826	787.921788742
78	-289.05271776950826	798.171252148
79	-289.05271776950826	806.420828881
80	-289.05271776950826	815.019482894
81	-289.05271776950826	822.97056996
82	-289.05271776950826	829.961050036
83	-289.05271776950826	838.980004354
84	-289.05271776950826	847.457849287
85	-289.05271776950826	855.350055317
86	-289.05271776950826	865.579645812
87	-289.05271776950826	874.316621614
88	-289.05271776950826	881.895947543
89	-289.05271776950826	891.287214239
90	-289.05271776950826	900.320021862
91	-289.05271776950826	908.51103231
92	-289.05271776950826	916.569061038
93	-289.0527177695299	927.04449103
94	-289.0527177695299	935.072279321
95	-289.0527177695299	943.03544366
96	-289.0527177695299	952.149018179
97	-289.0527177695299	961.557539283
98	-289.0527177695299	971.728129855
99	-289.0527177695299	975.754320872
100	-289.0527177695299	985.439033955
101	-289.0527177695299	992.738899374
102	-289.0527177695299	998.290296743
103	-289.0527177695299	1008.775388638
104	-289.0527177695299	1015.35440281
105	-289.0527177695299	1024.39854445
106	-289.0527177695299	1031.459870362
107	-289.0527177695299	1039.756808942
108	-289.0527177695299	1047.606418005
109	-289.0527177695299	1055.235299627
110	-289.0527177695299	1062.54154901
111	-289.0527177695299	1071.340370747
112	-289.0527177695299	1079.888219474
113	-289.0527177695299	1089.05483247
114	-289.0527177695299	1095.979403933
115	-289.0527177695299	1103.97327998
116	-289.0527177695299	1113.438611864
117	-289.0527177695299	1122.39596358
118	-289.0527177695299	1130.847125271
119	-289.0527177695299	1138.887601091
120	-289.0527177695299	1145.94520944
121	-289.0527177695299	1154.864230856
122	-289.0527177695299	1164.270603017
123	-289.0527177695299	1173.771286189
124	-289.0527177695299	1183.183299057
125	-289.0527177695299	1191.946609995
126	-289.0527177695299	1199.564352608
127	-289.0527177695299	1208.34436714
128	-289.0527177695299	1215.036737302
129	-289.0527177695299	1224.395281905
130	-289.0527177695299	1234.379059418
131	-289.0527177695299	1242.288856844
132	-289.0527177695299	1250.273961355
133	-289.0527177695299	1258.664586148
134	-289.0527177695299	1267.551309273
135	-289.0527177695299	1275.804063448
136	-289.0527177695299	1282.640226758
137	-289.0527177695299	1289.3169663
138	-289.0527177695299	1297.037792743
139	-289.0527177695299	1304.339307181
140	-289.0527177695299	1314.189414457
141	-289.0527177695299	1323.376567071
142	-289.0527177695299	1334.065364643
143	-289.0527177695299	1343.170144533
144	-289.0527177695299	1351.548348222
145	-289.0527177695299	1359.788243807
146	-289.0527177695299	1367.534857137
147	-289.0527177695299	1375.885128845
148	-289.0527177695299	1384.690733972
149	-289.0527177695299	1392.175585528
150	-289.0527177695299	1400.114992181
151	-289.0527177695299	1409.897472972
152	-289.0527177695299	1418.892068327
153	-289.0527177695299	1428.765389746
154	-289.0527177695299	1436.763218137
155	-289.0527177695299	1445.117688944
156	-289.0527177695299	1452.822342506
157	-289.0527177695299	1461.055908439
158	-289.0527177695299	1469.846745945
159	-289.0527177695299	1477.638982723
160	-289.0527177695299	1484.512080053
161	-289.0527177695299	1493.201831712
162	-289.0527177695299	1499.029808084
163	-289.0527177695299	1506.401834364
164	-289.0527177695299	1512.830540135
165	-289.0527177695299	1520.485831731
166	-289.0527177695299	1528.662825512
167	-289.0527177695299	1535.962678528
168	-289.0527177695299	1544.394170442
169	-289.0527177695299	1551.361736586
170	-289.0527177695299	1558.62995759
171	-289.0527177695299	1566.297208427
172	-289.0527177695299	1573.473134365
173	-289.0527177695299	1580.587881502
174	-289.0527177695299	1588.479407995
175	-289.0527177695299	1595.158559486
176	-289.0527177695299	1601.996155851
177	-289.0527177695299	1609.443370757
178	-289.0527177695299	1617.054479659
179	-289.0527177695299	1625.089074005
180	-289.0527177695299	1633.006375839
181	-289.0527177695299	1640.320496126
182	-289.0527177695299	1647.872697905
183	-289.0527177695299	1655.802551704
184	-289.0527177695299	1663.357026873
185	-289.0527177695299	1671.414749404
186	-289.0527177695299	1678.824151467
187	-289.0527177695299	1687.149905981
188	-289.0527177695299	1695.368132524
189	-289.0527177695299	1703.717811508
190	-289.0527177695299	1711.595744708
191	-289.0527177695299	1719.125149304
192	-289.0527177695299	1727.409408906
193	-289.0527177695299	1734.640556048
194	-289.0527177695299	1741.994906685
195	-289.0527177695299	1749.710838242
196	-289.0527177695299	1757.703305609
197	-289.0527177695299	1765.032306845
198	-289.0527177695299	1773.127148569
199	-289.0527177695299	1780.470609517
200	-289.0527177695299	1786.901371004
201	-289.0527177695299	1794.728202984
202	-289.0527177695299	1801.637604833
203	-289.0527177695299	1808.255307248
204	-289.0527177695299	1816.732961021
205	-289.0527177695299	1823.667344493
206	-289.0527177695299	1831.246691804
207	-289.0527177695299	1838.091932847
208	-289.0527177695299	1846.045730788
209	-289.0527177695299	1854.267331492
210	-289.0527177695299	1862.186182276
211	-289.0527177695299	1869.61941601
212	-289.0527177695299	1877.455061862
213	-289.0527177695299	1885.993537348
214	-289.0527177695299	1893.404292498
215	-289.0527177695299	1901.917230845
216	-289.0527177695299	1908.651018514
217	-289.0527177695299	1915.943854216
218	-289.0527177695299	1923.571074416
219	-289.0527177695299	1930.71294442
220	-289.0527177695299	1938.394684905
221	-289.0527177695299	1946.241036556
222	-289.0527177695299	1953.661343276
223	-289.0527177695299	1961.050722751
224	-289.0527177695299	1968.774365271
225	-289.0527177695299	1976.459133521
226	-289.0527177695299	1983.945020418
227	-289.0527177695299	1990.881164526
228	-289.0527177695299	1998.764162389
229	-289.0527177695299	2006.060551866
230	-289.0527177695299	2013.975309181
231	-289.0527177695299	2022.733946755
232	-289.0527177695299	2029.599641458
233	-289.0527177695299	2037.865639109
234	-289.0527177695299	2045.880602166
235	-289.0527177695299	2053.868565092
236	-289.0527177695299	2060.875307855
237	-289.0527177695299	2068.421812049
238	-289.0527177695299	2075.409351173
239	-289.0527177695299	2083.448316961
240	-289.0527177695299	2090.606823846
241	-289.0527177695299	2098.133833599
242	-289.0527177695299	2104.493898072
243	-289.0527177695299	2111.704348648
244	-289.0527177695299	2118.585240761
245	-289.0527177695299	2126.620758404
246	-289.0527177695299	2132.728675965
247	-289.0527177695299	2139.651624067
248	-289.0527177695299	2147.590303713
249	-289.0527177695299	2154.071318818
250	-289.0527177695299	2161.224848281
251	-289.0527177695299	2168.877119382
252	-289.0527177695299	2175.823730659
253	-289.0527177695299	2183.090366364
254	-289.0527177695299	2191.133786985
255	-289.0527177695299	2198.929818304
256	-289.0527177695299	2206.456466266
257	-289.0527177695299	2214.357739766
258	-289.0527177695299	2223.737401742
259	-289.0527177695299	2230.916089874
260	-289.0527177695299	2238.895890238
261	-289.0527177695299	2245.69331527
262	-289.0527177695299	2252.903643111
263	-289.0527177695299	2260.350200718
264	-289.0527177695299	2267.363494656
265	-289.0527177695299	2274.348416988
266	-289.0527177695299	2280.841032964
267	-289.0527177695299	2288.720841838
268	-289.0527177695299	2296.521337827
269	-289.0527177695299	2303.330581831
270	-289.0527177695299	2309.756462118
271	-289.0527177695299	2317.329132097
272	-289.0527177695299	2323.861401949
273	-289.0527177695299	2331.806557933
274	-289.0527177695299	2338.639181153
275	-289.0527177695299	2346.57561649
276	-289.0527177695299	2355.296643073
277	-289.0527177695299	2363.212221477
278	-289.0527177695299	2368.669360864
279	-289.0527177695299	2375.577386535
280	-289.0527177695299	2382.518935715
281	-289.0527177695299	2390.455918446
282	-289.0527177695299	2397.907502655
283	-289.0527177695299	2406.685852771
284	-289.0527177695299	2414.677632904
285	-289.0527177695299	2422.455469413
286	-289.0527177695299	2429.360502387
287	-289.0527177695299	2437.339844738
288	-289.0527177695299	2445.16613745
289	-289.0527177695299	2452.797254827
290	-289.0527177695299	2458.440470005
291	-289.0527177695299	2466.030211358
292	-289.0527177695299	2472.438729468
293	-289.0527177695299	2479.634237942
294	-289.0527177695299	2487.26438712
295	-289.0527177695299	2494.285279549
296	-289.0527177695299	2501.4580289
297	-289.0527177695299	2508.815877289
298	-289.0527177695299	2515.17069663
299	-289.0527177695299	2522.00758053
300	-289.0527177695299	2528.351565778
301	-289.0527177695299	2535.117626079
302	-289.0527177695299	2543.273879674
303	-289.0527177695299	2550.398381087
304	-289.0527177695299	2557.571119747
305	-289.0527177695299	2565.075406728
306	-289.0527177695299	2571.761036265
307	-289.0527177695299	2578.545144694
308	-289.0527177695299	2586.061338315
309	-289.0527177695299	2593.450793056
310	-289.0527177695299	2601.735225002
311	-289.0527177695299	2609.915090455
312	-289.0527177695299	2617.692915417
313	-289.0527177695299	2625.192104378
314	-289.0527177695299	2632.089991742
315	-289.0527177695299	2639.624764632
316	-289.0527177695299	2647.17268948
317	-289.0527177695299	2654.717321849
318	-289.0527177695299	2662.210491204
319	-289.0527177695299	2669.235980874
320	-289.0527177695299	2676.756837167
321	-289.0527177695299	2684.178029978
322	-289.0527177695299	2691.516626404
323	-289.0527177695299	2698.483568178
324	-289.0527177695299	2705.393855264
325	-289.0527177695299	2713.662911897
326	-289.0527177695299	2721.88951055
327	-289.0527177695299	2728.411642096
328	-289.0527177695299	2735.621512779
329	-289.0527177695299	2742.723453499
330	-289.0527177695299	2750.638051728
331	-289.0527177695299	2758.01911597
332	-289.0527177695299	2764.330853389
333	-289.0527177695299	2772.49229481
334	-289.0527177695299	2779.796287482
335	-289.0527177695299	2787.530795314
336	-289.0527177695299	2795.348928031
337	-289.0527177695299	2803.635230091
338	-289.0527177695299	2811.180628381
339	-289.0527177695299	2819.512033867
340	-289.0527177695299	2825.649363935
341	-289.0527177695299	2831.943570684
342	-289.0527177695299	2838.676149813
343	-289.0527177695299	2846.696585084
344	-289.0527177695299	2854.589817047
345	-289.0527177695299	2862.068338095
346	-289.0527177695299	2868.962808106
347	-289.0527177695299	2876.633325764
348	-289.0527177695299	2883.988784443
349	-289.0527177695299	2890.417428633
350	-289.0527177695299	2897.707728796
351	-289.0527177695299	2905.570196878
352	-289.0527177695299	2912.772422028
353	-289.0527177695299	2921.061660763
354	-289.0527177695299	2928.279640124
355	-289.0527177695299	2935.289709579
356	-289.0527177695299	2941.860911007
357	-289.0527177695299	2949.247599278
358	-289.0527177695299	2957.800167126
359	-289.0527177695299	2966.161925522
360	-289.0527177695299	2972.575645998
361	-289.0527177695299	2979.609138717
362	-289.0527177695299	2987.997021416
363	-289.0527177695299	2995.551226737
364	-289.0527177695299	3002.758904001
365	-289.0527177695299	3010.311458164
366	-289.0527177695299	3018.787941458
367	-289.0527177695299	3026.82066013
368	-289.0527177695299	3033.719892027
369	-289.0527177695299	3041.643511967
370	-289.0527177695299	3049.631276036
371	-289.0527177695299	3056.863411051
372	-289.0527177695299	3064.842825247
373	-289.0527177695299	3072.903663638
374	-289.0527177695299	3080.470839166
375	-289.0527177695299	3087.790619405
376	-289.0527177695299	3096.320098839
377	-289.0527177695299	3104.445868235
378	-289.0527177695299	3112.027306757
379	-289.0527177695299	3119.803445493
380	-289.0527177695299	3127.435877896
381	-289.0527177695299	3134.328246433
382	-289.0527177695299	3142.413207724
383	-289.0527177695299	3149.572850876
384	-289.0527177695299	3156.678509588
385	-289.0527177695299	3163.699591894
386	-289.0527177695299	3170.841313075
387	-289.0527177695299	3179.125062918
388	-289.0527177695299	3186.362713767
389	-289.0527177695299	3193.740033502
390	-289.0527177695299	3201.761628134
391	-289.0527177695299	3208.947083831
392	-289.0527177695299	3215.927684329
393	-289.0527177695299	3223.460791949
394	-289.0527177695299	3230.892581507
395	-289.0527177695299	3237.298035075
396	-289.0527177695299	3244.978751766
397	-289.0527177695299	3252.886169746
398	-289.0527177695299	3259.981188945
399	-289.0527177695299	3267.73398952
400	-289.0527177695299	3274.373361405
401	-289.0527177695299	3281.997394754
402	-289.0527177695299	3290.280833696
403	-289.0527177695299	3297.154374927
404	-289.0527177695299	3304.825355303
405	-289.0527177695299	3311.732978555
406	-289.0527177695299	3318.415409268
407	-289.0527177695299	3326.818769488
408	-289.0527177695299	3334.17894686
409	-289.0527177695437	3341.936896773
410	-289.0527177695437	3349.557440496
411	-289.0527177695437	3357.25113894
412	-289.0527177695437	3363.291304287
413	-289.0527177695437	3371.009941588
414	-289.0527177695437	3378.104280823
415	-289.0527177695437	3385.362310065
416	-289.0527177695437	3392.944739452
417	-289.0527177695437	3399.168912473
418	-289.0527177695437	3406.093891486
419	-289.0527177695437	3413.741292933
420	-289.0527177695437	3420.553056225
421	-289.0527177695437	3426.997124052
422	-289.0527177695437	3433.902538062
423	-289.0527177695437	3439.917858635
424	-289.0527177695437	3446.470258417
425	-289.0527177695437	3454.227899993
426	-289.0527177695437	3461.771576991
427	-289.0527177695437	3469.719195812
428	-289.0527177695437	3477.00137789
429	-289.0527177695437	3485.61896099
430	-289.0527177695437	3493.384679598
431	-289.0527177695437	3501.071019891
432	-289.0527177695437	3509.09673536
433	-289.0527177695437	3517.455190585
434	-289.0527177695437	3524.157926563
435	-289.0527177695437	3531.975615378
436	-289.0527177695437	3540.025743267
437	-289.0527177695437	3548.391649871
438	-289.0527177695437	3556.129075134
439	-289.0527177695437	3563.317369147
440	-289.0527177695437	3570.679165603
441	-289.0527177695437	3577.059200491
442	-289.0527177695437	3584.265471641
443	-289.0527177695437	3590.683492142
444	-289.0527177695437	3593.40928446
445	-289.0527177695437	3599.898523281
446	-289.0527177695437	3606.682492723
447	-289.0527177695437	3614.189519231
448	-289.0527177695437	3620.065117889
449	-289.0527177695437	3626.108471796
450	-289.0527177695437	3634.096678911
451	-289.0527177695437	3641.637790861
452	-289.0527177695437	3650.515182656
453	-289.0527177695437	3657.008175819
454	-289.0527177695437	3662.844616246
455	-289.0527177695437	3669.775165405
456	-289.0527177695437	3676.279888161
457	-289.0527177695437	3684.013629644
458	-289.0527177695437	3692.005644557
459	-289.0527177695437	3700.105488935
460	-289.0527177695437	3706.917361278
461	-289.0527177695437	3714.141565517
462	-289.0527177695437	3721.803100807
463	-289.0527177695437	3728.580633684
464	-289.0527177695437	3736.02474
465	-289.0527177695437	3742.929096431
466	-289.0527177695437	3750.594128618
467	-289.0527177695437	3758.21867301
468	-289.0527177695437	3765.687964936
469	-289.0527177695437	3773.206233945
470	-289.0527177695437	3780.731312429
471	-289.0527177695437	3788.661840633
472	-289.0527177695437	3795.114416563
473	-289.0527177695437	3801.82317001
474	-289.0527177695437	3809.634411996
475	-289.0527177695437	3816.295795043
476	-289.0527177695437	3823.07173535
477	-289.0527177695437	3830.456068551
478	-289.0527177695437	3837.55656253
479	-289.0527177695437	3844.702748808
480	-289.0527177695437	3852.085032281
481	-289.0527177695437	3858.380141373
482	-289.0527177695437	3865.828279148
483	-289.0527177695437	3871.651672391
484	-289.0527177695437	3878.992469078
485	-289.0527177695437	3886.60243487
486	-289.0527177695437	3892.15101274
487	-289.0527177695437	3899.354379717
488	-289.0527177695437	3906.474494721
489	-289.0527177695437	3914.81323441
490	-289.0527177695437	3922.150957146
491	-289.0527177695437	3929.704262263
492	-289.0527177695437	3937.164348161
493	-289.0527177695437	3944.059199636
494	-289.0527177695437	3951.993097724
495	-289.0527177695437	3959.846349513
496	-289.0527177695437	3968.389916604
497	-289.0527177695437	3975.07748126
498	-289.0527177695437	3982.897726568
499	-289.0527177695437	3989.185613929
500	-289.0527177695437	3996.219764373
501	-289.0527177695437	4003.095604225
502	-289.0527177695437	4009.875833865
503	-289.0527177695437	4016.864409614
504	-289.0527177695437	4025.073375816
505	-289.0527177695437	4032.744444716
506	-289.0527177695437	4040.608406579
507	-289.0527177695437	4047.96385585
508	-289.0527177695437	4053.770346641
509	-289.0527177695437	4060.857100642
510	-289.0527177695437	4068.854548425
511	-289.0527177695437	4074.882310629
512	-289.0527177695437	4082.112476741
513	-289.0527177695437	4090.097027873
514	-289.0527177695437	4096.951790551
515	-289.0527177695437	4104.935018105
516	-289.0527177695437	4111.801981219
517	-289.0527177695437	4118.819717161
518	-289.0527177695437	4126.711895821
519	-289.0527177695437	4133.913607363
520	-289.0527177695437	4141.090105925
521	-289.0527177695437	4147.510167601
522	-289.0527177695437	4154.908784323
523	-289.0527177695437	4162.517461177
524	-289.0527177695437	4170.60628073
525	-289.0527177695437	4178.584252033
526	-289.0527177695437	4186.21036633
527	-289.0527177695437	4193.786658507
528	-289.0527177695437	4202.494376612
529	-289.0527177695437	4210.505061028
530	-289.0527177695437	4218.009652924
531	-289.0527177695437	4225.994903264
532	-289.0527177695437	4233.785608198
533	-289.0527177695437	4242.333736608
534	-289.0527177695437	4249.727088527
535	-289.0527177695437	4258.291587391
536	-289.0527177695437	4264.847865106
537	-289.0527177695437	4271.834726405
538	-289.0527177695437	4279.112619577
539	-289.0527177695437	4286.860281933
540	-289.0527177695437	4294.609791311
541	-289.0527177695437	4301.433584835
542	-289.0527177695437	4308.221300921
543	-289.0527177695437	4316.003787272
544	-289.0527177695437	4324.388430092
545	-289.0527177695437	4332.615636008
546	-289.0527177695437	4339.848093043
547	-289.0527177695437	4347.621629955
548	-289.0527177695437	4355.341171737
549	-289.0527177695437	4361.992685897
550	-289.0527177695437	4369.548287924
551	-289.0527177695437	4376.36570903
552	-289.0527177695437	4382.633555412
553	-289.0527177695437	4389.658038822
554	-289.0527177695437	4398.184396836
555	-289.0527177695437	4405.064410555
556	-289.0527177695437	4412.703900471
557	-289.0527177695437	4419.572720015
558	-289.0527177695437	4427.242539747
559	-289.0527177695437	4433.653207656
560	-289.0527177695437	4439.187184261
561	-289.0527177695437	4446.118136694
562	-289.0527177695437	4453.737497108
563	-289.0527177695437	4461.71137366
564	-289.0527177695437	4469.365012815
565	-289.0527177695437	4477.117363929
566	-289.0527177695437	4483.056920687
567	-289.0527177695437	4491.243279155
568	-289.0527177695437	4499.277799089
569	-289.0527177695437	4506.702819798
570	-289.0527177695437	4513.947024388
571	-289.0527177695437	4520.611285521
572	-289.0527177695437	4528.8514826
573	-289.0527177695437	4536.043518126
574	-289.0527177695437	4544.073771821
575	-289.0527177695437	4551.000482817
576	-289.0527177695437	4558.859517722
577	-289.0527177695437	4565.967116256
578	-289.0527177695437	4573.977599676
579	-289.0527177695437	4581.029759332
580	-289.0527177695437	4588.767149099
581	-289.0527177695437	4594.54749677
582	-289.0527177695437	4601.348146286
583	-289.0527177695437	4608.925723553
584	-289.0527177695437	4615.228695851
585	-289.0527177695437	4623.779923015
586	-289.0527177695437	4631.729169046
587	-289.0527177695437	4639.259640629
588	-289.0527177695437	4647.25401275
589	-289.0527177695437	4655.265576843
590	-289.0527177695437	4662.450935036
591	-289.0527177695437	4670.191191344
592	-289.0527177695437	4677.265004647
593	-289.0527177695437	4683.786137629
594	-289.0527177695437	4691.420992243
595	-289.0527177695437	4698.668509412
596	-289.0527177695437	4706.801441524
597	-289.0527177695437	4714.925128263
598	-289.0527177695437	4722.463213305
599	-289.0527177695437	4730.436652371
600	-289.0527177695437	4737.579158718
601	-289.0527177695437	4744.169966631
602	-289.0527177695437	4751.508566478
603	-289.0527177695437	4758.000548248
604	-289.0527177695437	4764.700921886
605	-289.0527177695437	4771.87090605
606	-289.0527177695437	4779.642271781
607	-289.0527177695437	4787.546260861
608	-289.0527177695437	4794.786367705
609	-289.0527177695437	4802.209316448
610	-289.0527177695437	4810.944954133
611	-289.0527177695437	4818.271821821
612	-289.0527177695437	4826.104200425
613	-289.0527177695437	4832.247539835
614	-289.0527177695437	4838.949172903
615	-289.0527177695437	4847.086825419
616	-289.0527177695437	4855.28898129
617	-289.0527177695437	4863.362134728
618	-289.0527177695437	4870.551706988
619	-289.0527177695437	4876.80555552
620	-289.0527177695437	4883.945483136
621	-289.0527177695437	4891.405753351
622	-289.0527177695437	4898.340744514
623	-289.0527177695437	4905.201094443
624	-289.0527177695437	4912.371438689
625	-289.0527177695437	4920.176522083
626	-289.0527177695437	4928.051579334
627	-289.0527177695437	4933.874845137
628	-289.0527177695437	4941.470306313
629	-289.0527177695437	4949.588769732
630	-289.0527177695437	4955.151499834
631	-289.0527177695437	4961.781393704
632	-289.0527177695437	4969.540229708
633	-289.0527177695437	4976.221180324
634	-289.0527177695437	4984.620957261
635	-289.0527177695437	4992.895494234
636	-289.0527177695437	5000.475903829
637	-289.0527177695437	5007.551514545
638	-289.0527177695437	5014.961630785
639	-289.0527177695437	5021.0076079
640	-289.0527177695437	5028.45838556
641	-289.0527177695437	5035.864094863
642	-289.0527177695437	5043.668075775
643	-289.0527177695437	5049.648734006
644	-289.0527177695437	5055.80056142
645	-289.0527177695437	5062.393014931
646	-289.0527177695437	5069.655707272
647	-289.0527177695437	5077.072256228
648	-289.0527177695437	5083.966569291
649	-289.0527177695437	5091.078778323
650	-289.0527177695437	5098.466794449
651	-289.0527177695437	5105.859141817
652	-289.0527177695437	5113.406943074
653	-289.0527177695437	5120.398730905
654	-289.0527177695437	5127.619427984
655	-289.0527177695437	5135.572366348
656	-289.0527177695437	5142.765632651
657	-289.0527177695437	5150.829867869
658	-289.0527177695437	5159.037890247
659	-289.0527177695437	5167.001995417
660	-289.0527177695437	5175.111102701
661	-289.0527177695437	5182.580287287
662	-289.0527177695437	5190.291359454
663	-289.0527177695437	5197.476269897
664	-289.0527177695437	5204.946550124
665	-289.0527177695437	5212.019555595
666	-289.0527177695437	5219.86963208
667	-289.0527177695437	5226.493873695
668	-289.0527177695437	5233.044883185
669	-289.0527177695437	5240.414175924
670	-289.0527177695437	5247.06673013
671	-289.0527177695437	5254.150044968
672	-289.0527177695437	5261.286243045
673	-289.0527177695437	5269.260205127
674	-289.0527177695437	5277.149822162
675	-289.0527177695437	5283.979019475
676	-289.0527177695437	5292.096214482
677	-289.0527177695437	5299.069999945
678	-289.0527177695437	5305.649056454
679	-289.0527177695437	5312.996125916
680	-289.0527177695437	5320.409025732
681	-289.0527177695437	5327.577545621
682	-289.0527177695437	5334.935928145
683	-289.0527177695437	5342.485499874
684	-289.0527177695437	5348.854470165
685	-289.0527177695437	5356.238616483
686	-289.0527177695437	5363.432354485
687	-289.0527177695437	5371.4577505
688	-289.0527177695437	5378.186202376
689	-289.0527177695437	5385.272681825
690	-289.0527177695437	5392.483401822
691	-289.0527177695437	5399.318968559
692	-289.0527177695437	5406.149947891
693	-289.0527177695437	5413.141399589
694	-289.0527177695437	5420.323536292
695	-289.0527177695437	5426.323805284
696	-289.0527177695437	5434.328505161
697	-289.0527177695437	5441.70163093
698	-289.0527177695437	5449.339833619
699	-289.0527177695437	5456.742852573
700	-289.0527177695437	5464.822563174
701	-289.0527177695437	5471.814797899
702	-289.0527177695437	5478.909031077
703	-289.0527177695437	5487.081625191
704	-289.0527177695437	5494.185013935
705	-289.0527177695437	5501.307259493
706	-289.0527177695437	5507.499079911
707	-289.0527177695437	5514.061571812
708	-289.0527177695437	5521.438835526
709	-289.0527177695437	5529.183769473
710	-289.0527177695437	5535.803711492
711	-289.0527177695437	5543.362540996
712	-289.0527177695437	5550.333219151
713	-289.0527177695437	5557.294644663
714	-289.0527177695437	5565.2857799
715	-289.0527177695437	5572.327844869
716	-289.0527177695437	5579.742895338
717	-289.0527177695437	5587.209603402
718	-289.0527177695437	5593.905103109
719	-289.0527177695437	5600.865722501
720	-289.0527177695437	5607.256171957
721	-289.0527177695437	5614.43662329
722	-289.0527177695437	5621.404407536
723	-289.0527177695437	5627.961205273
724	-289.0527177695437	5634.490407162
725	-289.0527177695437	5640.776480002
726	-289.0527177695437	5647.858738971
727	-289.0527177695437	5653.089101374
728	-289.0527177695437	5661.075454625
729	-289.0527177695437	5668.200333225
730	-289.0527177695437	5676.140457475
731	-289.0527177695437	5682.811804347
732	-289.0527177695437	5689.030814345
733	-289.0527177695437	5695.75014059
734	-289.0527177695437	5704.166969657
735	-289.0527177695437	5711.03991175
736	-289.0527177695437	5717.394142645
737	-289.0527177695437	5723.447746903
738	-289.0527177695437	5731.688617531
739	-289.0527177695437	5737.405008812
740	-289.0527177695437	5744.663742394
741	-289.0527177695437	5751.949900336
742	-289.0527177695437	5757.901735363
743	-289.0527177695437	5764.434028308
744	-289.0527177695437	5771.728386873
745	-289.0527177695437	5779.179739296
746	-289.0527177695437	5785.752600863
747	-289.0527177695437	5794.342959315
748	-289.0527177695437	5802.355612205
749	-289.0527177695437	5808.769920273
750	-289.0527177695437	5816.715470978
751	-289.0527177695437	5823.700788032
752	-289.0527177695437	5831.02703135
753	-289.0527177695437	5839.134887757
754	-289.0527177695437	5846.764585336
755	-289.0527177695437	5853.316557039
756	-289.0527177695437	5859.642948324
757	-289.0527177695437	5866.455091798
758	-289.0527177695437	5872.962790145
759	-289.0527177695437	5879.901400085
760	-289.0527177695437	5886.531178061
761	-289.0527177695437	5892.803161534
762	-289.0527177695437	5900.396357018
763	-289.0527177695437	5906.991870795
764	-289.0527177695437	5913.970742303
765	-289.0527177695437	5921.893127189
766	-289.0527177695437	5929.348744996
767	-289.0527177695437	5937.055303741
768	-289.0527177695437	5944.702319447
769	-289.0527177695437	5952.430069549
770	-289.0527177695437	5959.736682007
771	-289.0527177695437	5967.090787172
772	-289.0527177695437	5974.077737422
773	-289.0527177695437	5981.378047597
774	-289.0527177695437	5987.755663267
775	-289.0527177695437	5995.823291035
776	-289.0527177695437	6001.764649911
777	-289.0527177695437	6009.007290155
778	-289.0527177695437	6016.457540096
779	-289.0527177695437	6024.194647187
780	-289.0527177695437	6031.943688288
781	-289.0527177695437	6038.414175924
782	-289.0527177695437	6046.139285285
783	-289.0527177695437	6053.705194968
784	-289.0527177695437	6061.100712508
785	-289.0527177695437	6068.43745507
786	-289.0527177695437	6075.212102163
787	-289.0527177695437	6081.871099776
788	-289.0527177695437	6088.816422543
789	-289.0527177695437	6095.291289319
790	-289.0527177695437	6103.016517139
791	-289.0527177695437	6110.642852531
792	-289.0527177695437	6117.05612483
793	-289.0527177695437	6124.330829013
794	-289.0527177695437	6131.183207113
795	-289.0527177695437	6138.765518469
796	-289.0527177695437	6146.524199663
797	-289.0527177695437	6154.24079194
798	-289.0527177695437	6160.24518562
799	-289.0527177695437	6166.904072044
800	-289.0527177695437	6174.845839754
801	-289.0527177695437	6180.916788654
802	-289.0527177695437	6188.39787817
803	-289.0527177695437	6195.162165006
804	-289.0527177695437	6203.299959929
805	-289.0527177695437	6211.135335507
806	-289.0527177695437	6217.512195946
807	-289.0527177695437	6225.096534365
808	-289.0527177695437	6233.107889764
809	-289.0527177695437	6240.73491966
810	-289.0527177695437	6246.52150119
811	-289.0527177695437	6254.043577997
812	-289.0527177695437	6262.190329629
813	-289.0527177695437	6268.603925232
814	-289.0527177695437	6276.151543882
815	-289.0527177695437	6283.267487585
816	-289.0527177695437	6290.587724554
817	-289.0527177695437	6297.071793083
818	-289.0527177695437	6304.763685987
819	-289.0527177695437	6312.608989039
820	-289.0527177695437	6319.008602187
821	-289.0527177695437	6325.252949184
822	-289.0527177695437	6332.546922864
823	-289.0527177695437	6339.402223098
824	-289.0527177695437	6346.445895605
825	-289.0527177695437	6353.224315856
826	-289.0527177695437	6359.441581468
827	-289.0527177695437	6365.983260911
828	-289.0527177695437	6373.029098184
829	-289.0527177695437	6380.451498252
830	-289.0527177695437	6386.25086952
831	-289.0527177695437	6392.880251921
832	-289.0527177695437	6400.510171877
833	-289.0527177695437	6407.145074816
834	-289.0527177695437	6413.912433036
835	-289.0527177695437	6421.715677105
836	-289.0527177695437	6427.844041056
837	-289.0527177695437	6434.679061684
838	-289.0527177695437	6441.949281099
839	-289.0527177695437	6450.259529867
840	-289.0527177695437	6457.31147698
841	-289.0527177695437	6464.683299699
842	-289.0527177695437	6471.860261833
843	-289.0527177695437	6478.28398719
844	-289.0527177695437	6484.833211239
845	-289.0527177695437	6491.585619659
846	-289.0527177695437	6498.79809345
847	-289.0527177695437	6505.244501807
848	-289.0527177695437	6510.432970301
849	-289.0527177695437	6517.501748021
850	-289.0527177695437	6525.504616272
851	-289.0527177695437	6532.644425001
852	-289.0527177695437	6540.255681014
853	-289.0527177695437	6547.50860069
854	-289.0527177695437	6555.120271524
855	-289.0527177695437	6561.716441744
856	-289.0527177695437	6569.2619555
857	-289.0527177695437	6576.11684519
858	-289.0527177695437	6581.159236029
859	-289.0527177695437	6588.826197774
860	-289.0527177695437	6595.340180871
861	-289.0527177695437	6601.939673506
862	-289.0527177695437	6609.325894784
863	-289.0527177695437	6616.571373771
864	-289.0527177695437	6622.912507019
865	-289.0527177695437	6629.040280813
866	-289.0527177695437	6635.874724112
867	-289.0527177695437	6643.609819964
868	-289.0527177695437	6649.721710396
869	-289.0527177695437	6656.180840923
870	-289.0527177695437	6663.162307413
871	-289.0527177695437	6669.648186613
872	-289.0527177695437	6677.341838016
873	-289.0527177695437	6685.542644222
874	-289.0527177695437	6692.71578188
875	-289.0527177695437	6700.997157836
876	-289.0527177695437	6705.96442719
877	-289.0527177695437	6712.865104118
878	-289.0527177695437	6720.347280721
879	-289.0527177695437	6727.876264936
880	-289.0527177695437	6734.952743783
881	-289.0527177695437	6742.150803192
882	-289.0527177695437	6750.171520712
883	-289.0527177695437	6757.732974278
884	-289.0527177695437	6764.423466628
885	-289.0527177695437	6771.487221167
886	-289.0527177695437	6778.433552333
887	-289.0527177695437	6783.491161537
888	-289.0527177695437	6790.922824939
889	-289.0527177695437	6797.445022771
890	-289.0527177695437	6805.411463766
891	-289.0527177695437	6812.27653581
892	-289.0527177695437	6819.379110308
893	-289.0527177695437	6824.947684252
894	-289.0527177695437	6833.237933953
895	-289.0527177695437	6840.733452819
896	-289.0527177695437	6847.348812137
897	-289.0527177695437	6855.39252912
898	-289.0527177695437	6862.728148244
899	-289.0527177695437	6869.314079233
900	-289.0527177695437	6875.989477236
901	-289.0527177695437	6883.605225289
902	-289.0527177695437	6890.380607084
903	-289.0527177695437	6897.796325543
904	-289.0527177695437	6904.753574195
905	-289.0527177695437	6911.342044571
906	-289.0527177695437	6918.691772307
907	-289.0527177695437	6925.23032135
908	-289.0527177695437	6932.919729178
909	-289.0527177695437	6940.652374165
910	-289.0527177695437	6947.6578699
911	-289.0527177695437	6954.165371956
912	-289.0527177695437	6961.280587797
913	-289.0527177695437	6968.151137187
914	-289.0527177695437	6975.073641815
915	-289.0527177695437	6982.380009229
916	-289.0527177695437	6989.998076429
917	-289.0527177695437	6997.289703164
918	-289.0527177695437	7004.895407848
919	-289.0527177695437	7011.518255324
920	-289.0527177695437	7019.074207169
921	-289.0527177695437	7024.919543578
922	-289.0527177695437	7031.576104012
923	-289.0527177695437	7038.048388208
924	-289.0527177695437	7045.282025558
925	-289.0527177695437	7051.499776553
926	-289.0527177695437	7059.708297571
927	-289.0527177695437	7065.94726601
928	-289.0527177695437	7073.244769944
929	-289.0527177695437	7081.095562316
930	-289.0527177695437	7088.739844481
931	-289.0527177695437	7096.179982201
932	-289.0527177695437	7104.558655878
933	-289.0527177695437	7112.61074882
934	-289.0527177695437	7119.911798402
935	-289.0527177695437	7126.228056941
936	-289.0527177695437	7133.701353385
937	-289.0527177695437	7141.772246264
938	-289.0527177695437	7149.627545215
939	-289.0527177695437	7156.690491922
940	-289.0527177695437	7163.667466801
941	-289.0527177695437	7171.203216444
942	-289.0527177695437	7179.593363979
943	-289.0527177695437	7186.875166303
944	-289.05271776954373	7192.283922614
945	-289.05271776954373	7197.360224414
946	-289.05271776954373	7203.662192162
947	-289.05271776954373	7209.564018186
948	-289.05271776954373	7216.215074332
949	-289.05271776954373	7223.758874493
950	-289.05271776954373	7229.434380692
951	-289.05271776954373	7235.489717362
952	-289.05271776954373	7242.321368533
953	-289.05271776954373	7249.012357384
954	-289.05271776954373	7254.876026308
955	-289.05271776954373	7260.645060489
956	-289.05271776954373	7266.82740161
957	-289.05271776954373	7274.133358907
958	-289.05271776954373	7281.684752855
959	-289.05271776954373	7288.48872949
960	-289.05271776954373	7294.965584412
961	-289.05271776954373	7302.263728538
962	-289.05271776954373	7308.432793254
963	-289.05271776954373	7314.554940024
964	-289.05271776954373	7319.719617476
965	-289.05271776954373	7326.88372829
966	-289.05271776954373	7333.678744795
967	-289.05271776954373	7341.404444314
968	-289.05271776954373	7348.573134835
969	-289.05271776954373	7354.527497703
970	-289.05271776954373	7361.219013847
971	-289.05271776954373	7366.667073362
972	-289.05271776954373	7372.285235929
973	-289.05271776954373	7379.187736785
974	-289.05271776954373	7385.575095612
975	-289.05271776954373	7391.172722837
976	-289.05271776954373	7397.429929707
977	-289.05271776954373	7405.171759769
978	-289.05271776954373	7411.293438262
979	-289.05271776954373	7417.980660797
980	-289.05271776954373	7423.726706635
981	-289.05271776954373	7430.427924027
982	-289.05271776954373	7436.473267364
983	-289.05271776954373	7443.053428494
984	-289.05271776954373	7449.138950863
985	-289.05271776954373	7455.14283906
986	-289.05271776954373	7462.284015842
987	-289.05271776954373	7467.74285685
988	-289.05271776954373	7474.179735875
989	-289.05271776954373	7480.154800012
990	-289.05271776954373	7485.794643594
991	-289.05271776954373	7492.231328894
992	-289.05271776954373	7497.646712503
993	-289.05271776954373	7503.80740297
994	-289.05271776954373	7509.684279873
995	-289.05271776954373	7515.831020814
996	-289.05271776954373	7520.846896905
997	-289.05271776954373	7527.899181007
998	-289.05271776954373	7534.469771323
999	-289.05271776954373	7541.631048954
1000	-289.05271776954373	7548.682566279
1001	-289.05271776954373	7556.234139839
1002	-289.05271776954373	7561.455063145
1003	-289.05271776954373	7566.76667569
1004	-289.05271776954373	7573.65918749
1005	-289.05271776954373	7579.953810343
1006	-289.05271776954373	7586.32990144
1007	-289.05271776954373	7593.189405477
1008	-289.05271776954373	7598.592392785
1009	-289.05271776954373	7604.022714648
1010	-289.05271776954373	7609.600501035
1011	-289.05271776954373	7616.456628773
1012	-289.05271776954373	7622.422208481
1013	-289.05271776954373	7628.712637367
1014	-289.05271776954373	7635.288836317
1015	-289.05271776954373	7641.220373775
1016	-289.05271776954373	7646.284103083
1017	-289.05271776954373	7652.867031538
1018	-289.05271776954373	7658.134161179
1019	-289.05271776954373	7664.573780587
1020	-289.05271776954373	7670.88204848
1021	-289.05271776954373	7677.582566236
1022	-289.05271776954373	7684.576858387
1023	-289.05271776954373	7691.358873894
1024	-289.05271776954373	7696.725111499
1025	-289.05271776954373	7702.151244955
1026	-289.05271776954373	7707.710662905
1027	-289.05271776954373	7713.897514881
1028	-289.05271776954373	7719.687047199
1029	-289.05271776954373	7723.837802921
1030	-289.05271776954373	7728.113186641
1031	-289.05271776954373	7733.892128626
1032	-289.05271776954373	7740.866904098
1033	-289.05271776954373	7747.303980698
1034	-289.05271776954373	7754.207193592
1035	-289.05271776954373	7759.447512551
1036	-289.05271776954373	7766.159543937
1037	-289.05271776954373	7772.85462583
1038	-289.05271776954373	7779.761930482
1039	-289.05271776954373	7786.46456468
1040	-289.05271776954373	7790.96549375
1041	-289.05271776954373	7796.471456693
1042	-289.05271776954373	7804.065698638
1043	-289.05271776954373	7809.734502701
1044	-289.05271776954373	7817.227174271
1045	-289.05271776954373	7824.956067054
1046	-289.05271776954373	7831.754303766
1047	-289.05271776954373	7838.980417464
1048	-289.05271776954373	7846.085219592
1049	-289.05271776954373	7852.461870055
1050	-289.05271776954373	7857.795088778
1051	-289.05271776954373	7863.952227182
1052	-289.05271776954373	7870.519692657
1053	-289.05271776954373	7877.690391424
1054	-289.05271776954373	7884.357810328
1055	-289.05271776954373	7890.381244283
1056	-289.05271776954373	7897.323895946
1057	-289.05271776954373	7904.671671886
1058	-289.05271776954373	7910.229569113
1059	-289.05271776954373	7915.840621992
1060	-289.05271776954373	7921.424843234
1061	-289.05271776954373	7928.955491009
1062	-289.05271776954373	7936.433589111
1063	-289.05271776954373	7943.25305182
1064	-289.05271776954373	7950.547435616
1065	-289.05271776954373	7956.905046231
1066	-289.05271776954373	7962.666445572
1067	-289.05271776954373	7968.750061047
1068	-289.05271776954373	7974.631567266
1069	-289.05271776954373	7980.930978947
1070	-289.05271776954373	7986.82932903
1071	-289.05271776954373	7992.579656075
1072	-289.05271776954373	7998.959124326
1073	-289.05271776954373	8005.834708443
1074	-289.05271776954373	8011.89546387
1075	-289.05271776954373	8018.366347084
1076	-289.05271776954373	8024.912444582
1077	-289.05271776954373	8030.703908168
1078	-289.05271776954373	8037.486833288
1079	-289.05271776954373	8045.888139076
1080	-289.05271776954373	8053.554474313
1081	-289.05271776954373	8058.738641073
1082	-289.05271776954373	8064.966393954
1083	-289.05271776954373	8070.312201848
1084	-289.05271776954373	8077.351244185
1085	-289.05271776954373	8083.742356499
1086	-289.05271776954373	8090.960928155
1087	-289.05271776954373	8097.085035703
1088	-289.05271776954373	8104.353700608
1089	-289.05271776954373	8112.417943096
1090	-289.05271776954373	8118.292716816
1091	-289.05271776954373	8124.432863816
1092	-289.05271776954373	8131.319288441
1093	-289.05271776954373	8137.261867404
1094	-289.05271776954373	8143.791978477
1095	-289.05271776954373	8150.994705689
1096	-289.05271776954373	8157.529031257
1097	-289.05271776954373	8163.194193022
1098	-289.05271776954373	8170.660489258
1099	-289.05271776954373	8176.98563266
1100	-289.05271776954373	8184.540959707
1101	-289.05271776954373	8189.970659339
1102	-289.05271776954373	8195.958742862
1103	-289.05271776954373	8202.354273232
1104	-289.05271776954373	8209.976896191
1105	-289.05271776954373	8216.804976909
1106	-289.05271776954373	8222.480383893
1107	-289.05271776954373	8228.917394635
1108	-289.05271776954373	8235.843456458
1109	-289.05271776954373	8241.811016615
1110	-289.05271776954373	8248.389305492
1111	-289.05271776954373	8254.49117009
1112	-289.05271776954373	8260.703013524
1113	-289.05271776954373	8266.353058277
1114	-289.05271776954373	8271.836016198
1115	-289.05271776954373	8279.118695205
1116	-289.05271776954373	8286.145112449
1117	-289.05271776954373	8292.207201717
1118	-289.05271776954373	8297.864558864
1119	-289.05271776954373	8303.49249153
1120	-289.05271776954373	8310.025842054
1121	-289.05271776954373	8315.720408629
1122	-289.05271776954373	8322.026507478
1123	-289.05271776954373	8327.61623258
1124	-289.05271776954373	8332.68641171
1125	-289.05271776954373	8339.896799422
1126	-289.05271776954373	8344.25108805
1127	-289.05271776954373	8350.962222653
1128	-289.05271776954373	8358.613978863
1129	-289.05271776954373	8365.121844422
1130	-289.05271776954373	8371.172706159
1131	-289.05271776954373	8379.30345426
1132	-289.05271776954373	8387.001436478
1133	-289.05271776954373	8394.478503515
1134	-289.05271776954373	8401.262313016
1135	-289.05271776954373	8407.019068929
1136	-289.05271776954373	8412.945437805
1137	-289.05271776954373	8419.203186936
1138	-289.05271776954373	8426.515581654
1139	-289.05271776954373	8431.45891713
1140	-289.05271776954373	8437.729061706
1141	-289.05271776954373	8444.850964715
1142	-289.05271776954373	8450.429458009
1143	-289.05271776954373	8457.20095118
1144	-289.05271776954373	8462.580590919
1145	-289.05271776954373	8470.510787266
1146	-289.05271776954373	8475.875945909
1147	-289.05271776954373	8482.67609764
1148	-289.05271776954373	8489.341046435
1149	-289.05271776954373	8495.420711277
1150	-289.05271776954373	8501.325040338
1151	-289.05271776954373	8509.05579896
1152	-289.05271776954373	8515.585543537
1153	-289.05271776954373	8522.362082982
1154	-289.05271776954373	8528.551220322
1155	-289.05271776954413	8535.7947937
1156	-289.05271776954413	8543.299668272
1157	-289.05271776954413	8550.265163305
1158	-289.05271776954413	8557.583057178
1159	-289.05271776954413	8565.163476609
1160	-289.05271776954413	8573.504981485
1161	-289.05271776954413	8579.863482896
1162	-289.05271776954413	8587.679201526
1163	-289.05271776954413	8594.276983988
1164	-289.05271776954413	8601.130816098
1165	-289.05271776954413	8608.501388795
1166	-289.05271776954413	8615.976112736
1167	-289.05271776954413	8623.060626277
1168	-289.05271776954413	8630.695183246
1169	-289.05271776954413	8637.488814164
1170	-289.05271776954413	8644.257842787
1171	-289.05271776954413	8652.125691564
1172	-289.05271776954413	8658.966288325
1173	-289.05271776954413	8666.463132907
1174	-289.05271776954413	8674.452543002
1175	-289.05271776954413	8682.101310364
1176	-289.05271776954413	8689.665642444
1177	-289.05271776954413	8697.470285786
1178	-289.05271776954413	8704.053190293
1179	-289.05271776954413	8711.918255922
1180	-289.05271776954413	8719.976885072
1181	-289.05271776954413	8727.636581466
1182	-289.05271776954413	8735.421898434
1183	-289.05271776954413	8741.980094588
1184	-289.05271776954413	8749.417306325
1185	-289.05271776954413	8756.83920091
1186	-289.05271776954413	8764.324167504
1187	-289.05271776954413	8770.921518039
1188	-289.05271776954413	8778.987104205
1189	-289.05271776954413	8786.8690787
1190	-289.05271776954413	8794.471194115
1191	-289.05271776954413	8802.092510175
1192	-289.05271776954413	8810.033823293
1193	-289.05271776954413	8817.208894785
1194	-289.05271776954413	8824.873353921
1195	-289.05271776954413	8832.135489889
1196	-289.05271776954413	8839.996790485
1197	-289.05271776954413	8847.033937903
1198	-289.05271776954413	8854.955676182
1199	-289.05271776954413	8861.216663053
1200	-289.05271776954413	8868.897474255
1201	-289.05271776954413	8876.898228202
1202	-289.05271776954413	8883.764380919
1203	-289.05271776954413	8891.329490895
1204	-289.05271776954413	8897.985981195
1205	-289.05271776954413	8905.376142415
1206	-289.05271776954413	8911.397979524
1207	-289.05271776954413	8919.416782453
1208	-289.05271776954413	8927.575184563
1209	-289.05271776954413	8934.942153878
1210	-289.05271776954413	8942.699090687
1211	-289.05271776954413	8950.535304887
1212	-289.05271776954413	8957.57614977
1213	-289.05271776954413	8965.09643515
1214	-289.05271776954413	8971.836876203
1215	-289.05271776954413	8979.028302754
1216	-289.05271776954413	8986.972796307
1217	-289.05271776954413	8993.651985859
1218	-289.05271776954413	9001.766831355
1219	-289.05271776954413	9009.147450413
1220	-289.05271776954413	9017.294575812
1221	-289.05271776954413	9024.030763027
1222	-289.05271776954413	9030.934695229
1223	-289.05271776954413	9038.115168373
1224	-289.05271776954413	9046.105142111
1225	-289.05271776954413	9053.430970181
1226	-289.05271776954413	9061.365595275
1227	-289.05271776954413	9068.354677362
1228	-289.05271776954413	9074.69318227
1229	-289.05271776954413	9082.279957868
1230	-289.05271776954413	9088.923268412
1231	-289.05271776954413	9095.277383413
1232	-289.05271776954413	9103.258219119
1233	-289.05271776954413	9109.915513829
1234	-289.05271776954413	9117.655386534
1235	-289.05271776954413	9124.977757907
1236	-289.05271776954413	9133.351509328
1237	-289.05271776954413	9141.071755877
1238	-289.05271776954413	9147.478406011
1239	-289.05271776954413	9154.901025891
1240	-289.05271776954413	9162.511397095
1241	-289.05271776954413	9170.243519494
1242	-289.05271776954413	9177.207203428
1243	-289.05271776954413	9184.322180641
1244	-289.05271776954413	9189.685412719
1245	-289.05271776954413	9196.757439726
1246	-289.05271776954413	9203.799939188
1247	-289.05271776954413	9211.24285407
1248	-289.05271776954413	9218.322884553
1249	-289.05271776954413	9225.401788605
1250	-289.05271776954413	9232.283337589
1251	-289.05271776954413	9239.605475892
1252	-289.05271776954413	9247.202367986
1253	-289.05271776954413	9254.214672769
1254	-289.05271776954413	9261.711352705
1255	-289.05271776954413	9269.502411307
1256	-289.05271776954413	9276.049389337
1257	-289.05271776954413	9283.844866849
1258	-289.05271776954413	9291.935131432
1259	-289.05271776954413	9298.270529034
1260	-289.05271776954413	9305.605946307
1261	-289.05271776954413	9311.862975275
1262	-289.05271776954413	9318.453302936
1263	-289.05271776954413	9325.80770147
1264	-289.05271776954413	9332.884138834
1265	-289.05271776954413	9340.024106649
1266	-289.05271776954413	9346.707279336
1267	-289.05271776954413	9354.230089563
1268	-289.05271776954413	9361.39591996
1269	-289.05271776954413	9369.271378347
1270	-289.05271776954413	9376.415484107
1271	-289.05271776954413	9382.780519159
1272	-289.05271776954413	9388.899372594
1273	-289.05271776954413	9396.634424398
1274	-289.05271776954413	9404.763448641
1275	-289.05271776954413	9412.593832256
1276	-289.05271776954413	9419.918607451
1277	-289.05271776954413	9427.694717535
1278	-289.05271776954413	9434.567211451
1279	-289.05271776954413	9442.338353948
1280	-289.05271776954413	9449.46899471
1281	-289.05271776954413	9456.8104132
1282	-289.05271776954413	9463.573753218
1283	-289.05271776954413	9470.389018966
1284	-289.05271776954413	9477.652463544
1285	-289.05271776954413	9484.88334982
1286	-289.05271776954413	9491.983378515
1287	-289.05271776954413	9498.754604832
1288	-289.05271776954413	9506.688932281
1289	-289.05271776954413	9513.252441563
1290	-289.05271776954413	9520.677970748
1291	-289.05271776954413	9528.186718549
1292	-289.05271776954413	9535.164861341
1293	-289.05271776954413	9542.367442724
1294	-289.05271776954413	9549.902104852
1295	-289.05271776954413	9557.402511334
1296	-289.05271776954413	9564.934928726
1297	-289.05271776954413	9572.804717326
1298	-289.05271776954413	9580.627949344
1299	-289.05271776954413	9588.820372321
1300	-289.05271776954413	9594.381780129
1301	-289.05271776954413	9601.552047398
1302	-289.05271776954413	9607.614583133
1303	-289.05271776954413	9614.98885586
1304	-289.05271776954413	9622.002049301
1305	-289.05271776954413	9630.09631327
1306	-289.05271776954413	9635.672811147
1307	-289.05271776954413	9642.017004233
1308	-289.05271776954413	9649.996332043
1309	-289.05271776954413	9656.93804202
1310	-289.05271776954413	9664.636022527
1311	-289.05271776954413	9671.064626946
1312	-289.05271776954413	9678.222717299
1313	-289.05271776954413	9685.856708059
1314	-289.05271776954413	9692.877378966
1315	-289.05271776954413	9700.526978535
1316	-289.05271776954413	9707.267999054
1317	-289.05271776954413	9713.561811082
1318	-289.05271776954413	9718.941742051
1319	-289.05271776954413	9725.602239434
1320	-289.05271776954413	9732.271033233
1321	-289.05271776954413	9739.229779517
1322	-289.05271776954413	9746.533689224
1323	-289.05271776954413	9753.562541081
1324	-289.05271776954413	9760.927652256
1325	-289.05271776954413	9767.573534688
1326	-289.05271776954413	9775.082090047
1327	-289.05271776954413	9782.746849393
1328	-289.05271776954413	9790.798870063
1329	-289.05271776954413	9798.543139014
1330	-289.05271776954413	9805.766760365
1331	-289.05271776954413	9814.153594893
1332	-289.05271776954413	9822.044226742
1333	-289.05271776954413	9827.877313963
1334	-289.05271776954413	9835.495489358
1335	-289.05271776954413	9842.964642726
1336	-289.05271776954413	9850.29112724
1337	-289.05271776954413	9856.440216836
1338	-289.05271776954413	9864.098481457
1339	-289.05271776954413	9871.903339907
1340	-289.05271776954413	9879.94667457
1341	-289.05271776954413	9887.619509665
1342	-289.05271776954413	9893.51571893
1343	-289.05271776954413	9901.695341905
1344	-289.05271776954413	9909.404907887
1345	-289.05271776954413	9916.774307966
1346	-289.05271776954413	9924.878110675
1347	-289.05271776954413	9932.30995369
1348	-289.05271776954413	9940.128802293
1349	-289.05271776954413	9948.121782413
1350	-289.05271776954413	9955.854177225
1351	-289.05271776954413	9963.081561471
1352	-289.05271776954413	9969.989597834
1353	-289.05271776954413	9977.218747849
1354	-289.05271776954413	9983.806422367
1355	-289.05271776954413	9990.989063271
1356	-289.05271776954413	9997.923374042
1357	-289.05271776954413	10004.680123112
1358	-289.05271776954413	10011.52343588
1359	-289.05271776954413	10018.079991139
1360	-289.05271776954413	10025.269698964
1361	-289.05271776954413	10033.223586285
1362	-289.05271776954413	10040.232885541
1363	-289.05271776954413	10046.898415513
1364	-289.05271776954413	10053.306329353
1365	-289.05271776954413	10059.923073831
1366	-289.05271776954413	10066.376003856
1367	-289.05271776954413	10072.428243482
1368	-289.05271776954413	10080.101064892
1369	-289.05271776954413	10086.045657233
1370	-289.05271776954413	10094.33099152
1371	-289.05271776954413	10101.379076524
1372	-289.05271776954413	10107.611152095
1373	-289.05271776954413	10114.244975216
1374	-289.05271776954413	10121.327467254
1375	-289.05271776954413	10127.730773162
1376	-289.05271776954413	10135.65566579
1377	-289.05271776954413	10142.777842923
1378	-289.05271776954413	10149.26279455
1379	-289.05271776954413	10156.768275103
1380	-289.05271776954413	10164.737483851
1381	-289.05271776954413	10173.092385729
1382	-289.05271776954413	10179.469143104
1383	-289.05271776954413	10186.780470835
1384	-289.05271776954413	10193.508133696
1385	-289.05271776954413	10200.938555628
1386	-289.05271776954413	10207.282293267
1387	-289.05271776954413	10214.486961156
1388	-289.05271776954413	10221.549562749
1389	-289.05271776954413	10228.913631312
1390	-289.05271776954413	10236.373245939
1391	-289.05271776954413	10243.309737727
1392	-289.05271776954413	10250.311751104
1393	-289.05271776954413	10255.37989975
1394	-289.05271776954413	10263.195473835
1395	-289.05271776954413	10269.253982387
1396	-289.05271776954413	10276.804840489
1397	-289.05271776954413	10282.816550838
1398	-289.05271776954413	10290.581802452
1399	-289.05271776954413	10297.414067729
1400	-289.05271776954413	10304.779349963
1401	-289.05271776954413	10311.595509928
1402	-289.05271776954413	10318.848391543
1403	-289.05271776954413	10324.886574731
1404	-289.05271776954413	10331.790116488
1405	-289.05271776954413	10338.89982847
1406	-289.05271776954413	10346.517332454
1407	-289.05271776954413	10352.640127115
1408	-289.05271776954413	10360.079717871
1409	-289.05271776954413	10365.892031549
1410	-289.05271776954413	10372.578301707
1411	-289.05271776954413	10380.699575643
1412	-289.05271776954413	10386.968261503
1413	-289.05271776954413	10392.625388146
1414	-289.05271776954413	10400.107370596
1415	-289.05271776954413	10407.299673831
1416	-289.05271776954413	10414.981282601
1417	-289.05271776954413	10422.509406383
1418	-289.05271776954413	10430.329375002
1419	-289.05271776954413	10438.442994853
1420	-289.05271776954413	10446.489143027
1421	-289.05271776954413	10453.243460051
1422	-289.05271776954413	10459.456738679
1423	-289.05271776954413	10467.837347046
1424	-289.05271776954413	10475.900531527
1425	-289.05271776954413	10483.388010567
1426	-289.05271776954413	10491.633897533
1427	-289.05271776954413	10499.362010709
1428	-289.05271776954413	10506.55842623
1429	-289.05271776954413	10514.328359333
1430	-289.05271776954413	10522.526681318
1431	-289.05271776954413	10529.604106555
1432	-289.05271776954413	10537.189247674
1433	-289.05271776954413	10544.26233953
1434	-289.05271776954413	10551.456080525
1435	-289.05271776954413	10558.004121267
1436	-289.05271776954413	10565.173230886
1437	-289.05271776954413	10573.599716297
1438	-289.05271776954413	10580.091999988
1439	-289.05271776954413	10587.827651785
1440	-289.05271776954413	10596.247096789
1441	-289.05271776954413	10604.343974984
1442	-289.05271776954413	10611.792125589
1443	-289.05271776954413	10618.915883318
1444	-289.05271776954413	10625.680011496
1445	-289.05271776954413	10633.096095596
1446	-289.05271776954413	10640.607453347
1447	-289.05271776954413	10647.77537923
1448	-289.05271776954413	10655.464843936
1449	-289.05271776954413	10662.993639557
1450	-289.05271776954413	10671.516243657
1451	-289.05271776954413	10678.373369958
1452	-289.05271776954413	10685.593689421
1453	-289.05271776954413	10692.200205786
1454	-289.05271776954413	10699.44644984
1455	-289.05271776954413	10707.64457083
1456	-289.05271776954413	10714.556239226
1457	-289.05271776954413	10721.730298898
1458	-289.05271776954413	10729.859649011
1459	-289.05271776954413	10737.333522355
1460	-289.05271776954413	10744.345537619
1461	-289.05271776954413	10751.270571371
1462	-289.05271776954413	10757.380968021
1463	-289.05271776954413	10764.534154935
1464	-289.05271776954413	10772.534975169
1465	-289.05271776954413	10778.899967884
1466	-289.05271776954413	10785.680312561
1467	-289.05271776954413	10793.135353041
1468	-289.05271776954413	10800.346421572
1469	-289.05271776954413	10805.979430875
1470	-289.05271776954413	10812.995156005
1471	-289.05271776954413	10819.966102297
1472	-289.05271776954413	10827.098633273
1473	-289.05271776954413	10834.545521026
1474	-289.05271776954413	10841.28519017
1475	-289.05271776954413	10849.348651341
1476	-289.05271776954413	10856.408485609
1477	-289.05271776954413	10864.208307621
1478	-289.05271776954413	10871.304619607
1479	-289.05271776954413	10878.159944218
1480	-289.05271776954413	10885.351390869
1481	-289.05271776954413	10892.9418588
1482	-289.05271776954413	10900.406144224
1483	-289.05271776954413	10907.17811508
1484	-289.05271776954413	10914.076256469
1485	-289.05271776954413	10921.728663563
1486	-289.05271776954413	10929.838076617
1487	-289.05271776954413	10937.191675444
1488	-289.05271776954413	10944.790423113
1489	-289.05271776954413	10952.480728152
1490	-289.05271776954413	10958.781323997
1491	-289.05271776954413	10965.686714914
1492	-289.05271776954413	10972.608129034
1493	-289.05271776954413	10979.457082937
1494	-289.05271776954413	10986.890427005
1495	-289.05271776954413	10994.269586492
1496	-289.05271776954413	11002.053384019
1497	-289.05271776954413	11009.278762585
1498	-289.05271776954413	11016.312631636
1499	-289.05271776954413	11024.232182911
1500	-289.05271776954413	11031.711710221
1501	-289.05271776954413	11039.475009184
1502	-289.05271776954413	11046.973721315
1503	-289.05271776954413	11054.298065866
1504	-289.05271776954413	11061.842611849
1505	-289.05271776954413	11067.417769898
1506	-289.05271776954413	11074.679402521
1507	-289.05271776954413	11082.369762727
1508	-289.05271776954413	11088.955383669
1509	-289.05271776954413	11096.60571281
1510	-289.05271776954413	11103.546799273
1511	-289.05271776954413	11110.096738782
1512	-289.05271776954413	11116.437087719
1513	-289.05271776954413	11124.476792914
1514	-289.05271776954413	11132.288550646
1515	-289.05271776954413	11140.786072626
1516	-289.05271776954413	11147.749273315
1517	-289.05271776954413	11154.399150002
1518	-289.05271776954413	11162.412299823
1519	-289.05271776954413	11170.428335427
1520	-289.05271776954413	11177.529457624
1521	-289.05271776954413	11183.042808226
1522	-289.05271776954413	11189.517004447
1523	-289.05271776954413	11197.134414348
1524	-289.05271776954413	11203.76166149
1525	-289.05271776954413	11211.670610458
1526	-289.05271776954413	11219.669613605
1527	-289.05271776954413	11226.822335664
1528	-289.05271776954413	11233.188510832
1529	-289.05271776954413	11241.818695077
1530	-289.05271776954413	11248.713521748
1531	-289.05271776954413	11255.934105499
1532	-289.05271776954413	11263.56408105
1533	-289.05271776954413	11271.435306127
1534	-289.05271776954413	11278.525712263
1535	-289.05271776954413	11286.082300451
1536	-289.05271776954413	11293.297698942
1537	-289.05271776954413	11299.764738434
1538	-289.05271776954413	11306.893285847
1539	-289.05271776954413	11314.514544602
1540	-289.05271776954413	11321.061935315
1541	-289.05271776954413	11326.887425755
1542	-289.05271776954413	11333.942583667
1543	-289.05271776954413	11341.115778202
1544	-289.05271776954413	11348.450800754
1545	-289.05271776954413	11356.310109782
1546	-289.05271776954413	11363.945815848
1547	-289.05271776954413	11371.280087446
1548	-289.05271776954413	11378.902780112
1549	-289.05271776954413	11386.166728462
1550	-289.05271776954413	11393.534286224
1551	-289.05271776954413	11400.267301984
1552	-289.05271776954413	11406.66326086
1553	-289.05271776954413	11413.395546193
1554	-289.05271776954413	11421.189075758
1555	-289.05271776954413	11427.982658352
1556	-289.05271776954413	11433.58444191
1557	-289.05271776954413	11440.812676326
1558	-289.05271776954413	11447.061342164
1559	-289.05271776954413	11453.131861703
1560	-289.05271776954413	11459.471703875
1561	-289.05271776954413	11467.549448567
1562	-289.05271776954413	11474.853268468
1563	-289.05271776954413	11481.926935086
1564	-289.05271776954413	11488.86131984
1565	-289.05271776954413	11496.814271889
1566	-289.05271776954413	11503.474051675
1567	-289.05271776954413	11509.943825563
1568	-289.05271776954413	11517.498939214
1569	-289.05271776954413	11524.089384479
1570	-289.05271776954413	11530.926314993
1571	-289.05271776954413	11538.454730005
1572	-289.05271776954413	11545.867403166
1573	-289.05271776954413	11551.389315755
1574	-289.05271776954413	11559.288225204
1575	-289.05271776954413	11566.957300825
1576	-289.05271776954413	11573.4267497
1577	-289.05271776954413	11580.824825872
1578	-289.05271776954413	11588.544116622
1579	-289.05271776954413	11595.145462267
1580	-289.05271776954413	11602.218356549
1581	-289.05271776954413	11608.318939479
1582	-289.05271776954413	11614.252148195
1583	-289.05271776954413	11621.569237658
1584	-289.05271776954413	11628.05395707
1585	-289.05271776954413	11635.666472941
1586	-289.05271776954413	11641.729854997
1587	-289.05271776954413	11648.796562461
1588	-289.05271776954413	11656.701840479
1589	-289.05271776954413	11663.799287449
1590	-289.05271776954413	11669.93629122
1591	-289.05271776954413	11676.233243057
1592	-289.05271776954413	11683.849771998
1593	-289.05271776954413	11690.990470668
1594	-289.05271776954413	11698.146334246
1595	-289.05271776954413	11705.180705358
1596	-289.05271776954413	11713.040622078
1597	-289.05271776954413	11720.057596374
1598	-289.05271776954413	11727.066618514
1599	-289.05271776954413	11733.311853313
1600	-289.05271776954413	11741.337962648
1601	-289.05271776954413	11749.770329535
1602	-289.05271776954413	11756.65711809
1603	-289.05271776954413	11763.827996044
1604	-289.05271776954413	11770.574154781
1605	-289.05271776954413	11777.355456968
1606	-289.05271776954413	11784.929704977
1607	-289.05271776954413	11791.809368878
1608	-289.05271776954413	11799.125882724
1609	-289.05271776954413	11805.789374515
1610	-289.05271776954413	11814.100614577
1611	-289.05271776954413	11820.879359414
1612	-289.05271776954413	11828.205066032
1613	-289.05271776954413	11835.448836129
1614	-289.05271776954413	11843.363427943
1615	-289.05271776954413	11850.61052858
1616	-289.05271776954413	11857.892006745
1617	-289.05271776954413	11864.936482807
1618	-289.05271776954413	11872.182692222
1619	-289.05271776954413	11878.496146657
1620	-289.05271776954413	11885.56130004
1621	-289.05271776954413	11892.781208959
1622	-289.05271776954413	11901.322129323
1623	-289.05271776954413	11908.407609781
1624	-289.05271776954413	11915.708129505
1625	-289.05271776954413	11923.10019163
1626	-289.05271776954413	11930.988903329
1627	-289.05271776954413	11937.731923969
1628	-289.05271776954413	11944.193555395
1629	-289.05271776954413	11951.199373578
1630	-289.05271776954413	11957.91358983
1631	-289.05271776954413	11965.364396571
1632	-289.05271776954413	11973.428113476
1633	-289.05271776954413	11980.173346779
1634	-289.05271776954413	11987.755565335
1635	-289.05271776954413	11993.536281641
1636	-289.05271776954413	12001.574938665
1637	-289.05271776954413	12009.67516023
1638	-289.05271776954413	12017.732367443
1639	-289.05271776954413	12025.381612062
1640	-289.05271776954413	12033.374550272
1641	-289.05271776954413	12040.191750283
1642	-289.05271776954413	12047.984129469
1643	-289.05271776954413	12055.839119656
1644	-289.05271776954413	12061.973189318
1645	-289.05271776954413	12069.299273978
1646	-289.05271776954413	12076.484484632
1647	-289.05271776954413	12084.283669445
1648	-289.05271776954413	12090.117688088
1649	-289.05271776954413	12097.414321326
1650	-289.05271776954413	12103.735797626
1651	-289.05271776954413	12111.810855391
1652	-289.05271776954413	12118.019657375
1653	-289.05271776954413	12125.964431467
1654	-289.05271776954413	12133.476754425
1655	-289.05271776954413	12140.489807168
1656	-289.05271776954413	12148.228320801
1657	-289.05271776954413	12155.508247023
1658	-289.05271776954413	12162.284608566
1659	-289.05271776954413	12170.556350843
1660	-289.05271776954413	12177.07535712
1661	-289.05271776954413	12184.82034709
1662	-289.05271776954413	12190.474915956
1663	-289.05271776954413	12196.546922436
1664	-289.05271776954413	12204.743231472
1665	-289.05271776954413	12211.23670061
1666	-289.05271776954413	12218.924256284
1667	-289.05271776954413	12226.495626634
1668	-289.05271776954413	12233.856171358
1669	-289.05271776954413	12239.923729419
1670	-289.05271776954413	12246.569901371
1671	-289.05271776954413	12253.323584189
1672	-289.05271776954413	12259.941785671
1673	-289.05271776954413	12267.24632488
1674	-289.05271776954413	12274.590006069
1675	-289.05271776954413	12282.119585145
1676	-289.05271776954413	12289.370231859
1677	-289.05271776954413	12295.603855952
1678	-289.05271776954413	12303.481784876
1679	-289.05271776954413	12311.311140847
1680	-289.05271776954413	12319.190166266
1681	-289.05271776954413	12327.460806061
1682	-289.05271776954413	12334.825292866
1683	-289.05271776954413	12341.855339578
1684	-289.05271776954413	12349.672720485
1685	-289.05271776954413	12356.172939656
1686	-289.05271776954413	12363.921419252
1687	-289.05271776954413	12370.72662025
1688	-289.05271776954413	12378.59098496
1689	-289.05271776954413	12386.069760888
1690	-289.05271776954413	12393.753129438
1691	-289.05271776954413	12402.15729022
1692	-289.05271776954413	12409.436503976
1693	-289.05271776954413	12416.601039447
1694	-289.05271776954413	12424.872067976
1695	-289.05271776954413	12432.447105855
1696	-289.05271776954413	12438.818939693
1697	-289.05271776954413	12446.04892833
1698	-289.05271776954413	12452.441078552
1699	-289.05271776954413	12459.183181026
1700	-289.05271776954413	12465.788558558
1701	-289.05271776954413	12473.65669771
1702	-289.05271776954413	12481.072012895
1703	-289.05271776954413	12488.809719551
1704	-289.05271776955044	12496.691540948
1705	-289.05271776955044	12500.837420174
1706	-289.05271776955044	12503.512893444
1707	-289.05271776955044	12506.321296687
1708	-289.05271776955044	12509.361367096
1709	-289.05271776955044	12510.935342691
1710	-289.05271776955044	12515.83258687
1711	-289.05271776955044	12517.28915791
1712	-289.05271776955044	12518.689976176
1713	-289.05271776955044	12520.180519758
1714	-289.05271776955044	12521.685782209
1715	-289.05271776955044	12523.179946279
1716	-289.05271776955044	12524.805065433
1717	-289.05271776955044	12526.340907021
1718	-289.05271776955044	12527.806830773
1719	-289.05271776955044	12529.347862754
1720	-289.05271776955044	12529.93194501
1721	-289.05271776955044	12531.364304198
1722	-289.05271776955044	12531.834034894
1723	-289.05271776955044	12532.356331941
1724	-289.05271776955044	12532.814353143
1725	-289.05271776955044	12533.24611747
1726	-289.05271776955044	12533.656217031
1727	-289.05271776955044	12535.107148646
1728	-289.05271776955044	12536.474919805
1729	-289.05271776955044	12536.964912146
1730	-289.05271776955044	12537.412279723
1731	-289.05271776955044	12538.864132497
1732	-289.05271776955044	12540.29124356
1733	-289.05271776955044	12541.819703904
1734	-289.05271776955044	12543.404179598
1735	-289.05271776955044	12544.84831927
1736	-289.05271776955044	12546.315461399
1737	-289.05271776955044	12547.58509536
1738	-289.05271776955044	12549.004114852
1739	-289.05271776955044	12550.438364255
1740	-289.05271776955044	12551.88032847
1741	-289.05271776955044	12553.306344321
1742	-289.05271776955044	12554.845081102
1743	-289.05271776955044	12559.232535723
1744	-289.05271776955044	12560.965454834
1745	-289.05271776955044	12566.312125726
1746	-289.05271776955044	12569.561685353
1747	-289.05271776955044	12572.96701362
1748	-289.05271776955044	12576.68492477
1749	-289.05271776955044	12580.528559131
1750	-289.05271776955044	12583.575508295
1751	-289.05271776955044	12587.685881424
1752	-289.05271776955044	12592.189112536
1753	-289.05271776955044	12593.673697666
1754	-289.05271776955044	12595.038580475
1755	-289.05271776955044	12596.358897415
1756	-289.05271776955044	12597.709422719
1757	-289.05271776955044	12599.472095175
1758	-289.05271776955044	12600.892823985
1759	-289.05271776955044	12602.385070471
1760	-289.05271776955044	12603.857861005
1761	-289.05271776955044	12605.329718405
1762	-289.05271776955044	12606.712886259
1763	-289.05271776955044	12608.115833797
1764	-289.05271776955044	12609.604534206
1765	-289.05271776955044	12611.103016261
1766	-289.05271776955044	12612.290129104
1767	-289.05271776955044	12613.710198049
1768	-289.05271776955044	12614.817064446
1769	-289.05271776955044	12615.745560883
1770	-289.05271776955044	12616.677403256
1771	-289.05271776955044	12617.496385714
1772	-289.05271776955044	12618.45346416
1773	-289.05271776955044	12619.355199095
1774	-289.05271776955044	12620.261788289
1775	-289.05271776955044	12621.188781107
1776	-289.05271776955044	12622.148676059
1777	-289.05271776955044	12622.998610992
1778	-289.05271776955044	12623.950775737
1779	-289.05271776955044	12624.918014728
1780	-289.05271776955044	12625.844655162
1781	-289.05271776955044	12626.746042417
1782	-289.05271776955044	12627.683549447
1783	-289.05271776955044	12628.612314448
1784	-289.05271776955044	12629.570175495
1785	-289.05271776955044	12630.45065407
1786	-289.05271776955044	12631.351345966
1787	-289.05271776955044	12632.230274308
1788	-289.05271776955044	12633.180688252
1789	-289.05271776955044	12634.031682903
1790	-289.05271776955044	12634.9237183
1791	-289.05271776955044	12635.8327652
1792	-289.05271776955044	12636.732483763
1793	-289.05271776955044	12637.710612015
1794	-289.05271776955044	12638.688271989
1795	-289.05271776955044	12639.496840306
1796	-289.05271776955044	12640.461486453
1797	-289.05271776955044	12641.320476882
1798	-289.05271776955044	12642.217778365
1799	-289.05271776955044	12643.509334538
1800	-289.05271776955044	12644.503378224
1801	-289.05271776955044	12645.388620824
1802	-289.05271776955044	12646.357323662
1803	-289.05271776955044	12647.259700927
1804	-289.05271776955044	12648.114991753
1805	-289.05271776955044	12649.038079696
1806	-289.05271776955044	12649.976722565
1807	-289.05271776955044	12650.892807734
1808	-289.05271776955044	12651.785517536
1809	-289.05271776955044	12652.684500541
1810	-289.05271776955044	12653.633278723
1811	-289.05271776955044	12654.592595491
1812	-289.05271776955044	12655.429384453
1813	-289.05271776955044	12656.269913217
1814	-289.05271776955044	12657.081538378
1815	-289.05271776955044	12657.951640446
1816	-289.05271776955044	12658.962778171
1817	-289.05271776955044	12659.871751943
1818	-289.05271776955044	12660.787769543
1819	-289.05271776955044	12661.652273667
1820	-289.05271776955044	12662.549370307
1821	-289.05271776955044	12663.517297815
1822	-289.05271776955044	12664.417485083
1823	-289.05271776955044	12665.225921255
1824	-289.05271776955044	12666.137931772
1825	-289.05271776955044	12667.046452662
1826	-289.05271776955044	12667.955106979
1827	-289.05271776955044	12668.773101992
1828	-289.05271776955044	12669.553266201
1829	-289.05271776955044	12670.43433921
1830	-289.05271776955044	12671.423868619
1831	-289.05271776955044	12672.314109168
1832	-289.05271776955044	12673.261683942
1833	-289.05271776955044	12674.15210111
1834	-289.05271776955044	12675.044164305
1835	-289.05271776955044	12675.976171324
1836	-289.05271776955044	12676.988417519
1837	-289.05271776955044	12677.930856212
1838	-289.05271776955044	12678.89945898
1839	-289.05271776955044	12679.822546495
1840	-289.05271776955044	12680.722225287
1841	-289.05271776955044	12681.653444146
1842	-289.05271776955044	12682.605840677
1843	-289.05271776955044	12683.545415396
1844	-289.05271776955044	12684.399920628
1845	-289.05271776955044	12685.39896654
1846	-289.05271776955044	12686.411608312
1847	-289.05271776955044	12687.546062004
1848	-289.05271776955044	12689.089377209
1849	-289.05271776955044	12690.764802154
1850	-289.05271776955044	12692.279335209
1851	-289.05271776955044	12693.829830664
1852	-289.05271776955044	12695.480170068
1853	-289.05271776955044	12696.749298547
1854	-289.05271776955044	12698.265422033
1855	-289.05271776955044	12699.863283611
1856	-289.05271776955044	12701.315588411
1857	-289.05271776955044	12703.069835727
1858	-289.05271776955044	12704.547173467
1859	-289.05271776955044	12705.995569115
1860	-289.05271776955044	12707.523076654
1861	-289.05271776955044	12708.961949384
1862	-289.05271776955044	12710.599891634
1863	-289.05271776955044	12711.636920593
1864	-289.05271776955044	12712.630861643
1865	-289.05271776955044	12717.087773092
1866	-289.05271776955044	12718.509514579
1867	-289.05271776955044	12719.846313163
1868	-289.05271776955044	12721.538536641
1869	-289.05271776955044	12722.544884255
1870	-289.05271776955044	12723.570867861
1871	-289.05271776955044	12725.202589081
1872	-289.05271776955044	12726.702556793
1873	-289.05271776955044	12728.153907078
1874	-289.05271776955044	12729.536506585
1875	-289.05271776955044	12730.977713859
1876	-289.05271776955044	12732.523030895
1877	-289.05271776955044	12734.180328171
1878	-289.05271776955044	12735.720848253
1879	-289.05271776955044	12737.212077786
1880	-289.05271776955044	12738.838657794
1881	-289.05271776955044	12740.414507354
1882	-289.05271776955044	12741.8189692
1883	-289.05271776955044	12742.275775876
1884	-289.05271776955044	12742.790598878
1885	-289.05271776955044	12743.22202194
1886	-289.05271776955044	12743.683246243
1887	-289.05271776955044	12744.153340441
1888	-289.05271776955044	12744.546946812
1889	-289.05271776955044	12744.981952729
1890	-289.05271776955044	12745.426591041
1891	-289.05271776955044	12745.828565246
1892	-289.05271776955044	12746.342086481
1893	-289.05271776955044	12746.836730374
1894	-289.05271776955044	12747.328158337
1895	-289.05271776955044	12747.750895821
1896	-289.05271776955044	12748.204203889
1897	-289.05271776955044	12748.700761945
1898	-289.05271776955044	12749.181661584
1899	-289.05271776955044	12749.632180089
1900	-289.05271776955044	12750.066035626
1901	-289.05271776955044	12750.545092948
1902	-289.05271776955044	12751.011634655
1903	-289.05271776955044	12751.456503471
1904	-289.05271776955044	12751.959194033
1905	-289.05271776955044	12752.482167195
1906	-289.05271776955044	12752.960807986
1907	-289.05271776955044	12753.424147875
1908	-289.05271776955044	12753.877036845
1909	-289.05271776955044	12754.35604456
1910	-289.05271776955044	12754.85094932
1911	-289.05271776955044	12755.31682432
1912	-289.05271776955044	12755.786744037
1913	-289.05271776955044	12756.273039341
1914	-289.05271776955044	12756.722155153
1915	-289.05271776955044	12757.224774725
1916	-289.05271776955044	12757.670095995
1917	-289.05271776955044	12759.02888778
1918	-289.05271776955044	12759.503243942
1919	-289.05271776955044	12760.876880325
1920	-289.05271776955044	12762.170942956
1921	-289.05271776955044	12763.697053361
1922	-289.05271776955044	12765.192489263
1923	-289.05271776955044	12766.734052385
1924	-289.05271776955044	12768.14916914
1925	-289.05271776955044	12769.623940122
1926	-289.05271776955044	12771.036369095
1927	-289.05271776955044	12772.499513976
1928	-289.05271776955044	12773.955390511
1929	-289.05271776955044	12775.466268439
1930	-289.05271776955044	12777.01031963
1931	-289.05271776955044	12778.450781082
1932	-289.05271776955044	12779.819235199
1933	-289.05271776955044	12781.261567621
1934	-289.05271776955044	12782.74523373
1935	-289.05271776955044	12784.031815047
1936	-289.05271776955044	12785.789711931
1937	-289.05271776955044	12787.370122381
1938	-289.05271776955044	12789.064689383
1939	-289.05271776955044	12790.448241267
1940	-289.05271776955044	12791.926207225
1941	-289.05271776955044	12793.332164565
1942	-289.05271776955044	12794.809535662
1943	-289.05271776955044	12795.829758818
1944	-289.05271776955044	12796.942162004
1945	-289.05271776955044	12798.372914082
1946	-289.05271776955044	12799.33422584
1947	-289.05271776955044	12800.268646089
1948	-289.05271776955044	12801.302446288
1949	-289.05271776955044	12802.260182889
1950	-289.05271776955044	12803.178282291
1951	-289.05271776955044	12804.233313191
1952	-289.05271776955044	12805.481556083
1953	-289.05271776955044	12806.603733217
1954	-289.05271776955044	12807.921313195
1955	-289.05271776955044	12809.297636505
1956	-289.05271776955044	12810.925362188
1957	-289.05271776955044	12812.418960476
1958	-289.05271776955044	12813.818581749
1959	-289.05271776955044	12815.068213649
1960	-289.05271776955044	12816.417823782
1961	-289.05271776955044	12817.833960055
1962	-289.05271776955044	12819.190150871
1963	-289.05271776955044	12820.555799602
1964	-289.05271776955044	12822.09243277
1965	-289.05271776955044	12823.492518899
1966	-289.05271776955044	12825.09512654
1967	-289.05271776955044	12826.540265203
1968	-289.05271776955044	12828.039745822
1969	-289.05271776955044	12829.553501836
1970	-289.05271776955044	12830.789536594
1971	-289.05271776955044	12832.064639775
1972	-289.05271776955044	12833.326620506
1973	-289.05271776955044	12834.765730583
1974	-289.05271776955044	12836.151210315
1975	-289.05271776955044	12837.607567957
1976	-289.05271776955044	12839.071382111
1977	-289.05271776955044	12841.096524101
1978	-289.05271776955044	12842.558030226
1979	-289.05271776955044	12844.073339038
1980	-289.05271776955044	12845.56942112
1981	-289.05271776955044	12846.066009539
1982	-289.05271776955044	12846.515790775
1983	-289.05271776955044	12846.991807503
1984	-289.05271776955044	12847.465877139
1985	-289.05271776955044	12847.936067131
1986	-289.05271776955044	12848.43054253
1987	-289.05271776955044	12848.92350533
1988	-289.05271776955044	12849.359445663
1989	-289.05271776955044	12849.81901838
1990	-289.05271776955044	12850.255605748
1991	-289.05271776955044	12850.696815588
1992	-289.05271776955044	12851.199705007
1993	-289.05271776955044	12851.680129527
1994	-289.05271776955044	12852.137640115
1995	-289.05271776955044	12852.704984564
1996	-289.05271776955044	12853.177000196
1997	-289.05271776955044	12853.663137269
1998	-289.05271776955044	12854.129107208
1999	-289.05271776955044	12854.532910045
