1	-267.5467925518697	101.247008737
2	-267.7609809091356	177.458919165
3	-268.2965355436811	243.813947236
4	-268.2965355436811	299.858054972
5	-268.74075516985226	363.919572305
6	-268.74075516985226	424.180011792
7	-268.74075516985226	478.710586142
8	-268.8407109692365	545.773389274
9	-268.8407109692365	608.389012781
10	-268.8407109692365	671.508863742
11	-268.9504933897735	734.615984158
12	-268.9504933897735	796.598027454
13	-268.9504933897735	850.630743756
14	-269.1842055359403	908.038648652
15	-269.1842055359403	953.545937789
16	-269.1842055359403	1006.080689701
17	-269.1842055359403	1052.542926569
18	-269.22428253898875	1103.504259386
19	-269.22428253898875	1156.053368051
20	-269.22428253898875	1197.013146221
21	-269.22428253898875	1235.270924019
22	-269.22428253898875	1282.298833259
23	-269.22428253898875	1346.309748292
24	-269.22428253898875	1392.808947162
25	-269.22428253898875	1448.565801523
26	-269.22428253898875	1497.225793632
27	-269.22428253898875	1552.292494073
28	-269.22428253898875	1596.762032622
29	-269.22428253898875	1657.598952317
30	-269.22428253898875	1709.481040887
31	-269.22428253898875	1764.220547802
32	-269.22428253898875	1819.702262093
33	-269.22428253898875	1878.19035463
34	-269.22428253898875	1942.424282148
35	-269.22428253898875	1990.209496492
36	-269.22428253898875	2038.794035321
37	-269.22428253898875	2087.294197542
38	-269.22428253898875	2134.27237375
39	-269.22428253898875	2188.472972572
40	-269.22428253898875	2246.277170833
41	-269.22428253898875	2295.825188708
42	-269.22428253898875	2348.74297629
43	-269.22428253898875	2390.420610638
44	-269.29717780640476	2452.439031198
45	-269.3175533289783	2507.721281077
46	-269.3175533289783	2556.762296339
47	-269.3175533289783	2614.408381297
48	-269.3175533289783	2664.989641767
49	-269.3175533289783	2717.495361147
50	-269.3175533289783	2775.751878806
51	-269.8355297220458	2834.324744237
52	-269.8355297220458	2886.297336772
53	-269.8355297220458	2948.524666234
54	-269.8355297220458	3003.23210944
55	-269.8355297220458	3060.81147742
56	-269.8355297220458	3113.49789226
57	-269.8355297220458	3165.872997604
58	-269.9045121234762	3223.886937542
59	-270.0701697292268	3275.793883363
60	-270.1446078374079	3332.473975267
61	-270.1446078374079	3387.382313229
62	-270.1446078374079	3431.442580401
63	-270.15126055711147	3474.32116795
64	-270.15126055711147	3526.347095749
65	-270.15126055711147	3577.14242371
66	-270.15126055711147	3627.932746181
67	-270.15126055711147	3676.244087323
68	-270.15126055711147	3727.63207346
69	-270.15126055711147	3785.871537895
70	-270.15126055711147	3831.622657766
71	-270.1629072380473	3884.077616329
72	-270.1629072380473	3936.797664066
73	-270.1629072380473	3980.832793735
74	-270.1629072380473	4025.567593658
75	-270.1629072380473	4080.965869605
76	-270.1629072380473	4143.132390776
77	-270.1629072380473	4201.719027651
78	-270.1629072380473	4253.159264535
79	-270.1629072380473	4309.825574732
80	-270.38879493770565	4358.899161181
81	-270.38879493770565	4406.609522664
82	-270.38879493770565	4446.31318374
83	-270.38879493770565	4496.116982861
84	-270.38879493770565	4548.002347224
85	-270.38879493770565	4600.919577437
86	-270.41342337569284	4634.969620658
87	-270.41342337569284	4686.298645379
88	-270.6807887085683	4725.697214122
89	-270.6807887085683	4763.783149368
90	-270.6807887085683	4809.343202431
91	-270.6807887085683	4847.690453844
92	-270.6807887085683	4897.919607373
93	-270.6807887085683	4930.716734597
94	-270.6807887085683	4980.812838199
95	-270.6807887085683	5031.745371411
96	-270.6807887085683	5082.414877573
97	-270.6807887085683	5129.849153027
98	-270.6807887085683	5172.491950788
99	-270.6807887085683	5231.287809604
100	-270.6807887085683	5269.195798604
101	-270.6807887085683	5314.353679266
102	-270.6807887085683	5364.398390272
103	-270.6807887085683	5411.882318646
104	-270.6807887085683	5457.741132267
105	-270.6807887085683	5487.848809197
106	-270.6807887085683	5533.987035673
107	-270.6807887085683	5582.244087608
108	-270.6807887085683	5635.263486059
109	-270.6807887085683	5682.958321597
110	-270.6807887085683	5729.363011426
111	-270.6807887085683	5764.966542725
112	-270.6807887085683	5804.131487296
113	-270.6807887085683	5857.43922421
114	-270.6807887085683	5904.511339831
115	-270.6807887085683	5952.392146879
116	-270.6807887085683	5997.551412839
117	-270.6807887085683	6047.3631229
118	-270.6807887085683	6102.138633313
119	-270.6807887085683	6141.810295397
120	-270.6807887085683	6180.896855011
121	-270.6807887085683	6230.5134738
122	-270.6807887085683	6277.765433574
123	-270.6807887085683	6315.53897452
124	-270.6807887085683	6358.282426071
125	-270.6807887085683	6404.468361089
126	-270.6807887085683	6456.669553204
127	-270.6807887085683	6499.900645408
128	-270.82633838800734	6544.214815307
129	-270.82633838800734	6583.626080385
130	-270.82633838800734	6624.632545585
131	-270.82633838800734	6672.110345461
132	-270.82633838800734	6715.04619837
133	-270.82633838800734	6759.470460561
134	-270.82633838800734	6806.516793783
135	-270.82633838800734	6865.166021677
136	-270.82633838800734	6911.182796073
137	-270.82633838800734	6954.165010144
138	-270.82633838800734	7002.526659935
139	-270.82633838800734	7044.135131722
140	-270.82633838800734	7081.492365892
141	-270.82633838800734	7132.486655065
142	-270.82633838800734	7178.083146118
143	-270.82633838800734	7229.758020988
144	-270.82633838800734	7279.446184058
145	-270.82633838800734	7340.577358029
146	-270.82633838800734	7398.468228233
147	-270.82633838800734	7442.722828597
148	-270.82633838800734	7486.709499343
149	-270.82633838800734	7540.573909751
150	-270.82633838800734	7594.38439474
151	-270.82633838800734	7652.368624464
152	-270.82633838800734	7699.829971821
153	-270.82633838800734	7745.214948163
154	-270.82633838800734	7796.822641344
155	-270.82633838800734	7845.448655585
156	-270.82633838800734	7894.008024979
157	-270.82633838800734	7943.306422892
158	-270.82633838800734	7987.732461537
159	-270.82633838800734	8030.224879032
160	-270.82633838800734	8071.680147499
161	-270.82633838800734	8125.882147301
162	-270.82633838800734	8171.749094809
163	-270.82633838800734	8219.517790776
164	-270.82633838800734	8269.903787204
165	-270.82633838800734	8303.499484825
166	-270.82633838800734	8353.091329613
167	-270.82633838800734	8404.213839412
168	-270.82633838800734	8451.021004417
169	-270.82633838800734	8491.952365869
170	-270.82633838800734	8538.948515031
171	-270.82633838800734	8591.353023537
172	-270.82633838800734	8638.514441143
173	-270.82633838800734	8675.901341051
174	-270.82633838800734	8705.054290063
175	-270.82633838800734	8739.386074261
176	-270.82633838800734	8786.043069404
177	-270.82633838800734	8831.962535367
178	-270.82633838800734	8882.071536584
179	-270.82633838800734	8939.821674857
180	-270.82633838800734	9016.645895651
181	-270.82633838800734	9080.999065159
182	-270.82633838800734	9135.026710397
183	-270.82633838800734	9188.319243814
184	-270.82633838800734	9239.497513933
185	-270.82633838800734	9273.390740198
186	-270.82633838800734	9327.853584613
187	-270.82633838800734	9390.194232837
188	-270.82633838800734	9444.398005387
189	-270.82633838800734	9492.298594631
190	-270.82633838800734	9542.173070191
191	-270.82633838800734	9602.911959295
192	-270.82633838800734	9669.964685017
193	-270.82633838800734	9726.255026589
194	-270.82633838800734	9777.992040309
195	-270.82633838800734	9831.578028868
196	-270.82633838800734	9876.950371029
197	-270.82633838800734	9934.107742218
198	-270.82633838800734	9983.449346096
199	-270.82633838800734	10034.175709641
200	-270.82633838800734	10094.51357387
201	-270.82633838800734	10151.623709212
202	-270.82633838800734	10203.461467384
203	-270.82633838800734	10262.239686528
204	-270.82633838800734	10317.991196129
205	-270.82633838800734	10354.93232737
206	-270.82633838800734	10411.576474791
207	-270.82633838800734	10456.777968256
208	-270.82633838800734	10505.361392916
209	-270.82633838800734	10552.925940002
210	-270.82633838800734	10628.024225471
211	-270.82633838800734	10677.205513938
212	-270.82633838800734	10735.380832137
213	-270.82633838800734	10792.83663374
214	-270.82633838800734	10844.581197463
215	-270.82633838800734	10894.175741857
216	-270.82633838800734	10948.954223292
217	-270.82633838800734	10991.482127116
218	-270.82633838800734	11038.3530338
219	-270.82633838800734	11083.175879275
220	-270.82633838800734	11136.095800827
221	-270.82633838800734	11181.171559163
222	-270.82633838800734	11232.621023576
223	-270.82633838800734	11274.658599398
224	-270.82633838800734	11316.261827066
225	-270.82633838800734	11367.762674381
226	-270.82633838800734	11426.497653062
227	-270.82633838800734	11474.357901303
228	-270.82633838800734	11517.172267921
229	-270.82633838800734	11573.204198489
230	-270.82633838800734	11619.487845926
231	-270.82633838800734	11665.259172505
232	-270.82633838800734	11725.343489241
233	-270.82633838800734	11772.958676831
234	-270.82633838800734	11822.301872134
235	-270.82633838800734	11864.580473311
236	-270.82633838800734	11923.1663886
237	-270.82633838800734	11983.002993829
238	-270.82633838800734	12030.545869936
239	-270.82633838800734	12079.591329613
240	-270.82633838800734	12131.62891969
241	-270.82633838800734	12178.45073396
242	-270.82633838800734	12231.955895401
243	-270.82633838800734	12285.802453167
244	-270.82633838800734	12334.937613684
245	-270.82633838800734	12381.83449863
246	-270.82633838800734	12438.148847001
247	-270.82633838800734	12493.598542629
248	-270.82633838800734	12541.894076147
249	-270.82633838800734	12580.921501858
250	-270.82633838800734	12630.602218986
251	-270.82633838800734	12672.195989335
252	-270.82633838800734	12714.625925005
253	-270.82633838800734	12763.946408431
254	-270.82633838800734	12819.360775961
255	-270.82633838800734	12881.236587782
256	-270.82633838800734	12929.543509597
257	-270.82633838800734	12978.285186119
258	-270.82633838800734	13024.767553858
259	-270.82633838800734	13074.410586541
260	-270.82633838800734	13127.04982455
261	-270.82633838800734	13167.903762401
262	-270.82633838800734	13222.314247731
263	-270.82633838800734	13273.154328893
264	-270.82633838800734	13311.523240452
265	-270.82633838800734	13372.488303795
266	-270.82633838800734	13423.458435352
267	-270.82633838800734	13453.59212447
268	-271.1631708769614	13509.080594193
269	-271.1631708769614	13554.709762775
270	-271.1631708769614	13602.431293884
271	-271.1631708769614	13650.961446002
272	-271.1631708769614	13703.098190246
273	-271.1631708769614	13771.906116752
274	-271.1631708769614	13827.006394781
275	-271.1631708769614	13889.685659042
276	-271.1631708769614	13936.132066333
277	-271.1631708769614	13982.10426657
278	-271.1631708769614	14024.608595521
279	-271.1631708769614	14071.407138263
280	-271.1631708769614	14113.047720231
281	-271.1631708769614	14158.482512285
282	-271.1631708769614	14224.311884827
283	-271.1631708769614	14272.991258566
284	-271.1631708769614	14336.146064145
285	-271.1631708769614	14392.643186922
286	-271.1631708769614	14449.942314403
287	-271.1631708769614	14501.750403416
288	-271.1631708769614	14559.909080646
289	-271.1631708769614	14611.304634463
290	-271.1631708769614	14680.062397151
291	-271.1631708769614	14732.514586258
292	-271.1631708769614	14790.002912576
293	-271.1631708769614	14832.983998794
294	-271.1631708769614	14895.703668774
295	-271.1631708769614	14960.513900879
296	-271.1631708769614	15034.139577848
297	-271.1631708769614	15083.063209114
298	-271.1631708769614	15148.851822413
299	-271.1631708769614	15201.109483035
300	-271.1631708769614	15263.372582214
301	-271.1631708769614	15307.559732041
302	-271.1631708769614	15359.59563718
303	-271.1631708769614	15422.611093277
304	-271.1631708769614	15472.248268021
305	-271.1631708769614	15522.86058523
306	-271.1631708769614	15577.274665949
307	-271.1631708769614	15632.666120606
308	-271.1631708769614	15691.247631679
309	-271.1631708769614	15744.939980579
310	-271.1631708769614	15803.951210076
311	-271.1631708769614	15860.895259024
312	-271.1631708769614	15923.108212917
313	-271.1631708769614	15975.854847033
314	-271.1631708769614	16034.239563365
315	-271.1631708769614	16097.595346094
316	-271.1631708769614	16150.471912573
317	-271.1631708769614	16209.739683392
318	-271.1631708769614	16252.30078505
319	-271.1631708769614	16298.673331912
320	-271.1631708769614	16357.908803814
321	-271.1631708769614	16410.692652531
322	-271.1631708769614	16471.136179177
323	-271.1631708769614	16531.068496283
324	-271.1631708769614	16575.680689188
325	-271.1631708769614	16631.738052338
326	-271.1631708769614	16678.208922587
327	-271.1631708769614	16735.152843525
328	-271.1631708769614	16790.01003208
329	-271.1631708769614	16860.096251285
330	-271.1631708769614	16925.766421443
331	-271.1631708769614	16981.155421109
332	-271.1631708769614	17025.820380505
333	-271.1631708769614	17066.843708483
334	-271.1631708769614	17118.292445321
335	-271.1631708769614	17170.806002655
336	-271.1631708769614	17238.824753076
337	-271.1631708769614	17291.726428833
338	-271.1631708769614	17340.786028588
339	-271.1631708769614	17387.727459468
340	-271.1631708769614	17422.4721187
341	-271.1631708769614	17463.003595104
342	-271.1631708769614	17510.934580225
343	-271.1631708769614	17546.156502776
344	-271.1631708769614	17585.277912662
345	-271.1631708769614	17619.432844825
346	-271.1631708769614	17659.521005842
347	-271.1631708769614	17709.967859599
348	-271.1631708769614	17750.857788119
349	-271.1631708769614	17795.873441504
350	-271.1631708769614	17832.395168078
351	-271.1631708769614	17869.004104862
352	-271.1631708769614	17917.855740535
353	-271.1631708769614	17968.036613327
354	-271.1631708769614	18013.564601825
355	-271.1631708769614	18062.293877661
356	-271.1631708769614	18104.816304439
357	-271.1631708769614	18144.640762151
358	-271.1631708769614	18176.802473124
359	-271.1631708769614	18217.318438123
360	-271.1631708769614	18264.70977874
361	-271.1631708769614	18308.213470493
362	-271.1631708769614	18346.890799214
363	-271.1631708769614	18390.616849435
364	-271.1631708769614	18431.674688985
365	-271.1631708769614	18483.069915223
366	-271.1631708769614	18524.138125551
367	-271.1631708769614	18579.052763925
368	-271.1631708769614	18619.011855861
369	-271.1631708769614	18666.079578954
370	-271.1631708769614	18711.935753695
371	-271.1631708769614	18752.702792378
372	-271.1631708769614	18798.41905371
373	-271.1631708769614	18839.381633266
374	-271.1631708769614	18885.946549841
375	-271.1631708769614	18932.911750602
376	-271.1631708769614	18969.791484251
377	-271.1631708769614	19000.518516639
378	-271.1631708769614	19047.427491228
379	-271.1631708769614	19094.60400599
380	-271.1631708769614	19137.339140904
381	-271.1631708769614	19183.954360425
382	-271.1631708769614	19234.389694168
383	-271.1631708769614	19273.239252036
384	-271.1631708769614	19324.5428858
385	-271.1631708769614	19361.289098824
386	-271.1631708769614	19406.537842675
387	-271.1631708769614	19448.45285624
388	-271.1631708769614	19499.430985407
389	-271.1631708769614	19548.21211456
390	-271.1631708769614	19601.917919869
391	-271.1631708769614	19653.47240551
392	-271.1631708769614	19696.279718197
393	-271.1631708769614	19746.63908206
394	-271.1631708769614	19784.374240068
395	-271.1631708769614	19836.019290969
396	-271.1631708769614	19879.729364217
397	-271.1631708769614	19927.074714302
398	-271.1631708769614	19974.605733692
399	-271.1631708769614	20008.958697928
400	-271.1631708769614	20053.050248778
401	-271.1631708769614	20089.708265432
402	-271.1631708769614	20137.308955145
403	-271.1631708769614	20187.03163378
404	-271.1631708769614	20222.744483896
405	-271.1631708769614	20267.206199032
406	-271.1631708769614	20311.884262168
407	-271.1631708769614	20356.023194551
408	-271.1631708769614	20402.680711996
409	-271.1631708769614	20441.917309186
410	-271.1631708769614	20486.766966553
411	-271.1631708769614	20523.125308335
412	-271.1631708769614	20569.567688026
413	-271.1631708769614	20619.842413561
414	-271.1631708769614	20655.929228339
415	-271.1631708769614	20702.634851469
416	-271.1631708769614	20751.053753791
417	-271.1631708769614	20799.892807169
418	-271.1631708769614	20854.900015624
419	-271.1631708769614	20904.394693957
420	-271.1631708769614	20947.325583855
421	-271.1631708769614	20983.607772438
422	-271.1631708769614	21039.185588622
423	-271.1631708769614	21075.649525538
424	-271.1631708769614	21117.098713403
425	-271.1631708769614	21155.029995883
426	-271.1631708769614	21197.205242808
427	-271.1631708769614	21243.233350192
428	-271.1631708769614	21284.089816875
429	-271.1631708769614	21319.052805265
430	-271.1631708769614	21353.445540874
431	-271.1631708769614	21393.298048951
432	-271.1631708769614	21433.638815492
433	-271.1631708769614	21482.820074879
434	-271.1631708769614	21520.593988735
435	-271.1631708769614	21558.246049377
436	-271.1631708769614	21607.827711553
437	-271.1631708769614	21653.125218244
438	-271.1631708769614	21699.977572082
439	-271.1631708769614	21744.163041817
440	-271.1631708769614	21797.499803282
441	-271.1631708769614	21845.817746757
442	-271.1631708769614	21896.167973183
443	-271.1631708769614	21932.9229265
444	-271.1631708769614	21975.187161516
445	-271.1631708769614	22019.903897823
446	-271.1631708769614	22058.189115588
447	-271.1631708769614	22104.085422352
448	-271.1631708769614	22142.045727956
449	-271.1631708769614	22178.692699858
450	-271.1631708769614	22211.641188089
451	-271.1631708769614	22246.826439724
452	-271.1631708769614	22289.747841512
453	-271.1631708769614	22334.678483374
454	-271.1631708769614	22366.687896787
455	-271.1631708769614	22409.189848863
456	-271.1631708769614	22440.270780044
457	-271.1631708769614	22479.778341166
458	-271.1631708769614	22514.752124846
459	-271.1631708769614	22550.890305422
460	-271.1631708769614	22593.937921876
461	-271.1631708769614	22630.129345343
462	-271.1631708769614	22661.728709914
463	-271.1631708769614	22703.077585253
464	-271.1631708769614	22752.669564608
465	-271.1631708769614	22794.113809419
466	-271.1631708769614	22835.4558495
467	-271.1631708769614	22874.483341354
468	-271.1631708769614	22929.261577319
469	-271.1631708769614	22962.327465797
470	-271.1631708769614	23010.514344779
471	-271.1631708769614	23058.905335009
472	-271.1631708769614	23106.179315009
473	-271.1631708769614	23149.588338064
474	-271.1631708769614	23185.592308359
475	-271.1631708769614	23223.207081985
476	-271.1631708769614	23264.15444778
477	-271.1631708769614	23311.293406676
478	-271.1631708769614	23353.710474668
479	-271.1631708769614	23395.844554943
480	-271.1631708769614	23443.413717788
481	-271.1631708769614	23492.322649042
482	-271.1631708769614	23534.797273765
483	-271.1631708769614	23582.723285327
484	-271.1631708769614	23628.661878897
485	-271.1631708769614	23663.111918069
486	-271.1631708769614	23699.906806693
487	-271.1631708769614	23734.097347777
488	-271.1631708769614	23778.986343737
489	-271.1631708769614	23815.23437484
490	-271.1631708769614	23849.679408807
491	-271.1631708769614	23891.246324498
492	-271.1631708769614	23934.20371439
493	-271.1631708769614	23986.492622197
494	-271.1631708769614	24024.356867533
495	-271.1631708769614	24057.717519475
496	-271.1631708769614	24104.741549082
497	-271.1631708769614	24145.083359658
498	-271.1631708769614	24190.485732483
499	-271.1631708769614	24224.200120996
500	-271.1631708769614	24268.219449314
501	-271.1631708769614	24311.472594531
502	-271.1631708769614	24358.644100665
503	-271.1631708769614	24403.528952419
504	-271.1631708769614	24447.168368615
505	-271.1631708769614	24491.91491378
506	-271.1631708769614	24541.228222964
507	-271.1631708769614	24596.078527507
508	-271.1631708769614	24641.143600886
509	-271.1631708769614	24678.718684962
510	-271.1631708769614	24714.236770245
511	-271.1631708769614	24759.547869338
512	-271.1631708769614	24799.811032094
513	-271.1631708769614	24844.842035234
514	-271.1631708769614	24885.537814451
515	-271.1631708769614	24930.845840456
516	-271.1631708769614	24972.222436871
517	-271.1631708769614	25007.819846799
518	-271.1631708769614	25054.437956658
519	-271.1631708769614	25099.713677475
520	-271.1631708769614	25144.280407282
521	-271.1631708769614	25187.626414806
522	-271.1631708769614	25237.723726661
523	-271.1631708769614	25281.072518181
524	-271.1631708769614	25322.248132599
525	-271.1631708769614	25362.026980101
526	-271.1631708769614	25413.27732051
527	-271.1631708769614	25467.182613324
528	-271.1631708769614	25499.433958994
529	-271.1631708769614	25542.303374323
530	-271.1631708769614	25595.745189232
531	-271.1631708769614	25636.943321089
532	-271.1631708769614	25679.370371553
533	-271.1631708769614	25707.412577105
534	-271.1631708769614	25741.572107638
535	-271.1631708769614	25782.724148038
536	-271.1631708769614	25818.551466153
537	-271.1631708769614	25870.099889154
538	-271.1631708769614	25913.862980635
539	-271.1631708769614	25957.342473147
540	-271.1631708769614	26000.766086737
541	-271.1631708769614	26048.494309415
542	-271.1631708769614	26098.512468254
543	-271.1631708769614	26140.550328321
544	-271.1631708769614	26189.852607007
545	-271.1631708769614	26219.830884424
546	-271.1631708769614	26254.783618357
547	-271.1631708769614	26304.845669967
548	-271.1631708769614	26340.011868405
549	-271.1631708769614	26382.886436337
550	-271.1631708769614	26431.326415775
551	-271.1631708769614	26479.218710336
552	-271.1631708769614	26511.03798551
553	-271.1631708769614	26551.016639544
554	-271.1631708769614	26587.118935792
555	-271.1631708769614	26619.856881503
556	-271.1631708769614	26656.442025027
557	-271.1631708769614	26697.569384653
558	-271.1631708769614	26738.74447962
559	-271.1631708769614	26775.164672016
560	-271.1631708769614	26817.063533272
561	-271.1631708769614	26863.309633396
562	-271.1631708769614	26894.942512262
563	-271.1631708769614	26944.498784621
564	-271.1631708769614	26987.38084069
565	-271.1631708769614	27028.909616348
566	-271.1631708769614	27074.705031264
567	-271.1631708769614	27110.227724325
568	-271.1631708769614	27150.289909076
569	-271.1631708769614	27184.357451987
