1	-258.9585948215044	68.925986081
2	-259.3867841144653	131.033257811
3	-259.3867841144653	177.010823934
4	-259.3867841144653	228.516554781
5	-259.4714752668098	271.68059244
6	-259.53330392010275	317.512181416
7	-259.77908913525744	378.007687314
8	-259.7790891360204	421.093591139
9	-259.8988065436855	468.162890149
10	-259.8988065436855	519.141803063
11	-259.99262438972363	562.068934373
12	-260.15527224260245	612.730443662
13	-260.15527224260245	658.535804712
14	-260.15527224260245	711.836053001
15	-260.15527224260245	758.187077364
16	-260.15527224260245	809.556073574
17	-260.15527224260245	847.627332045
18	-260.15527224260245	885.447946557
19	-260.15527224260245	921.265008494
20	-260.15527224260245	970.310549359
21	-260.15527224260245	1035.861102629
22	-260.15527224260245	1083.05884627
23	-260.15527224260245	1129.471191531
24	-260.15527224260245	1179.651265239
25	-260.15527224260245	1236.147683727
26	-260.15527224260245	1286.801426446
27	-260.15527224260245	1339.596685423
28	-260.15527224260245	1390.054388802
29	-260.15527224260245	1441.11970788
30	-260.15527224260245	1507.37332795
31	-260.15527224260245	1575.332585528
32	-260.15527224260245	1628.46478401
33	-260.15527224260245	1676.649861714
34	-260.15527224260245	1725.557696052
35	-260.15527224260245	1772.715701091
36	-260.15527224260245	1822.536012546
37	-260.15527224260245	1882.466046413
38	-260.15527224260245	1929.298546269
39	-260.15527224260245	1994.994354254
40	-260.15527224260245	2060.771308676
41	-260.15527224260245	2105.769056707
42	-260.15527224260245	2156.888769434
43	-260.15527224260245	2210.654599716
44	-260.15527224260245	2268.641880467
45	-260.15527224260245	2327.665418518
46	-260.15527224260245	2372.198858649
47	-260.15527224260245	2429.331903864
48	-260.15527224260245	2475.413858262
49	-260.15527224260245	2521.664387328
50	-260.15527224260245	2567.106507959
51	-260.15527224260245	2611.612561534
52	-260.15527224260245	2651.963528877
53	-260.15527224260245	2695.358852513
54	-260.15527224260245	2742.006515001
55	-260.15527224260245	2793.396647904
56	-260.15527224260245	2838.523230861
57	-260.15527224260245	2890.42394551
58	-260.15527224260245	2930.506040745
59	-260.15527224260245	2984.481169872
60	-260.15527224260245	3035.264589404
61	-260.15527224260245	3094.453859152
62	-260.2388669694539	3145.590519663
63	-260.2388669694539	3212.910768825
64	-260.2388669694539	3265.462613008
65	-260.2388669694539	3317.313352702
66	-260.28482728527814	3371.373777831
67	-260.33899407731633	3404.844494678
68	-260.33899407731633	3450.757071864
69	-260.33899407731633	3500.968771498
70	-260.33899407731633	3558.901708206
71	-260.33899407731633	3600.029721202
72	-260.33899407731633	3649.361044327
73	-260.33899407731633	3695.474690792
74	-260.33899407731633	3747.260742326
75	-260.33899407731633	3778.07913965
76	-260.33899407731633	3822.091608015
77	-260.33899407731633	3870.65370024
78	-260.33899407731633	3915.342295594
79	-260.33899407731633	3955.315406245
80	-260.33899407731633	3996.44746161
81	-260.33899407731633	4037.287078019
82	-260.33899407731633	4077.675222666
83	-260.33899407731633	4124.661668088
84	-260.33899407731633	4176.957073746
85	-260.33899407731633	4217.634449738
86	-260.33899407731633	4264.155800965
87	-260.33899407731633	4314.553679627
88	-260.33899407731633	4362.835897624
89	-260.33899407731633	4409.888837286
90	-260.33899407731633	4458.444014235
91	-260.33899407731633	4510.901043934
92	-260.33899407731633	4568.714171554
93	-260.33899407731633	4615.620988386
94	-260.33899407731633	4664.025352114
95	-260.33899407731633	4719.495749084
96	-260.33899407731633	4775.66635021
97	-260.33899407731633	4822.114743512
98	-260.33899407731633	4869.766060354
99	-260.33899407731633	4920.472760696
100	-260.33899407731633	4973.910232276
101	-260.33899407731633	5029.607465453
102	-260.33899407731633	5086.994627661
103	-260.33899407731633	5128.458754811
104	-260.33899407731633	5178.411382493
105	-260.33899407731633	5230.522193684
106	-260.33899407731633	5283.386685813
107	-260.33899407731633	5341.956187954
108	-260.33899407731633	5396.099277938
109	-260.33899407731633	5448.002154181
110	-260.33899407731633	5504.000727849
111	-260.33899407731633	5551.694093706
112	-260.33899407731633	5593.374065207
113	-260.33899407731633	5625.960137667
114	-260.33899407731633	5671.354518777
115	-260.33899407731633	5715.732794845
116	-260.33899407731633	5767.986155479
117	-260.33899407731633	5808.800347645
118	-260.33899407731633	5858.625237449
119	-260.33899407731633	5914.992559578
120	-260.33899407731633	5962.484834489
121	-260.33899407731633	6015.847659808
122	-260.33899407731633	6070.154689948
123	-260.33899407731633	6117.938347535
124	-260.33899407731633	6173.355322176
125	-260.33899407731633	6220.923678518
126	-260.33899407731633	6269.647516234
127	-260.33899407731633	6314.494775483
128	-260.33899407731633	6356.662276766
129	-260.33899407731633	6405.028811462
130	-260.33899407731633	6453.684988897
131	-260.33899407731633	6495.399595791
132	-260.33899407731633	6551.654431795
133	-260.33899407731633	6589.103681238
134	-260.33899407731633	6637.488541015
135	-260.33899407731633	6677.667031589
136	-260.33899407731633	6720.844262325
137	-260.33899407731633	6763.713181987
138	-260.33899407731633	6807.691798117
139	-260.33899407731633	6861.280440712
140	-260.33899407731633	6912.383352477
141	-260.33899407731633	6960.0210543
142	-260.33899407731633	7004.238720126
143	-260.33899407731633	7049.162408908
144	-260.33899407731633	7103.975340667
145	-260.33899407731633	7145.048744197
146	-260.33899407731633	7191.163534465
147	-260.33899407731633	7240.013024871
148	-260.33899407731633	7286.604677504
149	-260.33899407731633	7333.519484992
150	-260.33899407731633	7384.870493389
151	-260.33899407731633	7436.558389404
152	-260.33899407731633	7483.319966917
153	-260.33899407731633	7535.584363882
154	-260.33899407731633	7587.553201522
155	-260.33899407731633	7635.528164153
156	-260.33899407731633	7690.188190376
157	-260.33899407731633	7758.35260208
158	-260.33899407731633	7799.571305939
159	-260.33899407731633	7842.817051674
160	-260.33899407731633	7896.493703239
161	-260.33899407731633	7945.834438221
162	-260.33899407731633	8001.772606431
163	-260.33899407731633	8049.733753051
164	-260.33899407731633	8101.904807479
165	-260.33899407731633	8140.061185763
166	-260.33899407731633	8194.888734082
167	-260.33899407731633	8238.754829588
168	-260.33899407731633	8295.163476591
169	-260.33899407731633	8352.859532609
170	-260.33899407731633	8424.663092995
171	-260.36970724943376	8477.88112916
172	-260.76925732155104	8521.432362669
173	-260.8485708256951	8557.441793627
174	-260.8485708256951	8599.504104662
175	-260.8485708256951	8640.151261961
176	-260.8485708256951	8692.928413669
177	-260.8485708256951	8732.942430672
178	-260.8485708256951	8780.558622897
179	-260.8485708256951	8817.827911815
180	-260.8485708256951	8870.850619099
181	-260.8485708256951	8927.092117481
182	-260.8485708256951	8970.746194617
183	-260.8485708256951	9018.809601559
184	-260.8485708256951	9063.792799743
185	-260.8485708256951	9117.093086235
186	-260.8485708256951	9173.9935366
187	-260.8485708256951	9224.048373573
188	-260.8485708256951	9280.625458968
189	-260.8485708256951	9335.924396674
190	-260.8485708256951	9388.601580512
191	-260.8485708256951	9438.955700156
192	-260.8485708256951	9495.443753658
193	-260.8485708256951	9546.836641153
194	-260.8485708256951	9594.460825174
195	-260.8485708256951	9652.104174453
196	-260.8485708256951	9709.793775624
197	-260.8485708256951	9771.086032973
198	-260.8485708256951	9838.498362839
199	-260.8485708256951	9880.886453888
200	-260.8485708256951	9940.593064996
201	-260.8485708256951	9999.12618981
202	-260.8485708256951	10062.161794527
203	-260.8485708256951	10114.143519053
204	-260.8485708256951	10162.027517984
205	-260.8485708256951	10223.922021258
206	-260.8485708256951	10278.568841859
207	-260.8485708256951	10338.348325363
208	-260.8485708256951	10386.931675161
209	-260.8485708256951	10448.855186328
210	-260.8485708256951	10493.832947456
211	-260.8485708256951	10541.115526955
212	-260.8485708256951	10583.040476714
213	-260.8485708256951	10647.74417272
214	-260.8485708256951	10704.698857081
215	-260.8485708256951	10759.322235707
216	-260.8485708256951	10817.270038148
217	-260.8485708256951	10878.183203486
218	-260.8485708256951	10936.992141628
219	-260.8485708256951	10996.702257414
220	-260.8485708256951	11048.441710664
221	-260.8485708256951	11106.771011037
222	-260.8485708256951	11153.254488757
223	-260.8485708256951	11203.252070862
224	-260.8485708256951	11253.78095089
225	-260.8485708256951	11317.012845261
226	-260.8485708256951	11386.613887513
227	-260.8485708256951	11450.435395799
228	-260.8485708256951	11513.540243078
229	-260.8485708256951	11572.808304945
230	-260.8485708256951	11623.888021343
231	-260.8485708256951	11686.053587969
232	-260.8485708256951	11738.837993361
233	-260.8485708256951	11786.173659631
234	-260.8485708256951	11842.536057306
235	-260.8485708256951	11903.834620112
236	-260.8485708256951	11957.139693927
237	-260.8485708256951	12013.260482604
238	-260.8485708256951	12077.245763125
239	-260.8485708256951	12130.544125223
240	-260.8485708256951	12197.848087736
241	-260.8485708256951	12258.192088487
242	-260.8485708256951	12313.092672847
243	-260.8485708256951	12370.629514451
244	-260.8485708256951	12427.887603108
245	-260.8485708256951	12489.52946932
246	-260.8485708256951	12549.830909309
247	-260.8485708256951	12604.987936185
248	-260.8485708256951	12669.956925211
249	-260.8485708256951	12727.311427168
250	-260.8485708256951	12773.646324535
251	-260.8485708256951	12834.765929495
252	-260.8485708256951	12891.672269363
253	-260.8485708256951	12951.148399602
254	-260.8485708256951	13003.27443147
255	-260.8485708256951	13059.476019337
256	-260.8485708256951	13111.739719243
257	-260.8485708256951	13172.691881935
258	-260.8485708256951	13233.878366015
259	-260.8485708256951	13298.468582337
260	-260.8485708256951	13363.310384574
261	-260.8485708256951	13419.357452695
262	-260.8485708256951	13469.47111598
263	-260.8485708256951	13522.349336312
264	-260.8485708256951	13571.879493282
265	-260.8485708256951	13635.124370616
266	-260.8485708256951	13696.73911028
267	-260.8485708256951	13756.110769281
268	-260.8485708256951	13810.86412065
269	-260.8485708256951	13863.172704846
270	-260.8485708256951	13928.879199919
271	-260.8485708256951	13989.766761119
272	-260.8485708256951	14051.714394213
273	-260.8485708256951	14111.213448409
274	-260.8485708256951	14179.698744183
275	-260.8485708256951	14230.705238372
276	-260.8485708256951	14290.293404288
277	-260.8485708256951	14345.74920665
278	-260.8485708256951	14416.360835067
279	-260.8485708256951	14481.06671633
280	-260.8485708256951	14540.400489281
281	-260.8485708256951	14590.361245605
282	-260.8485708256951	14658.510040064
283	-260.8485708256951	14722.293698791
284	-260.8485708256951	14780.21457254
285	-260.8485708256951	14844.701256444
286	-260.8485708256951	14906.635863812
287	-260.8485708256951	14969.503309245
288	-260.8485708256951	15029.050225268
289	-260.8485708256951	15090.977690424
290	-260.8485708256951	15146.049725496
291	-260.8485708256951	15207.735556279
292	-260.8485708256951	15267.472483013
293	-260.8485708256951	15316.376388165
294	-260.8485708256951	15362.234376127
295	-260.8485708256951	15417.899970264
296	-260.8485708256951	15466.755504979
297	-260.8485708256951	15524.332252821
298	-260.8485708256951	15586.555745144
299	-260.8485708256951	15630.426159561
300	-260.8485708256951	15680.200605143
301	-260.8485708256951	15747.983087281
302	-260.8485708256951	15804.250771682
303	-260.8485708256951	15856.873165018
304	-260.8485708256951	15919.49772223
305	-260.8485708256951	15981.123704348
306	-260.8485708256951	16032.251737585
307	-260.8485708256951	16087.390881278
308	-260.8485708256951	16160.402388872
309	-260.8485708256951	16219.081813846
310	-260.8485708256951	16278.834179354
311	-260.8485708256951	16345.539393778
312	-260.8485708256951	16413.899170286
313	-260.8485708256951	16462.850556093
314	-260.8485708256951	16513.953207281
315	-260.8485708256951	16573.61266816
316	-260.8485708256951	16630.752340135
317	-260.8485708256951	16690.225281867
318	-260.8485708256951	16740.09050327
319	-260.8485708256951	16788.333483008
320	-260.8485708256951	16832.781700406
321	-260.8485708256951	16892.185285253
322	-260.8485708256951	16944.196640036
323	-260.8485708256951	17000.769862957
324	-260.8485708256951	17057.693416604
325	-260.8485708256951	17114.799542821
326	-260.8485708256951	17179.477050242
327	-260.8485708256951	17237.305986691
328	-260.8485708256951	17294.586197331
329	-260.8485708256951	17352.497919516
330	-260.8485708256951	17418.364190071
331	-260.8485708256951	17487.250601765
332	-260.8485708256951	17543.229259518
333	-260.8485708256951	17596.352342643
334	-260.8485708256951	17647.730274031
335	-260.8485708256951	17690.709629698
336	-260.8485708256951	17760.200215988
337	-260.8485708256951	17818.877691194
338	-260.8485708256951	17865.870050921
339	-260.8485708256951	17927.547120436
340	-260.8485708256951	17974.225535601
341	-260.8485708256951	18031.66203472
342	-260.8485708256951	18086.944585139
343	-260.8485708256951	18145.112975635
344	-260.8485708256951	18195.229968551
345	-260.8485708256951	18238.06535671
346	-260.8485708256951	18291.863640834
347	-260.8485708256951	18340.047285934
348	-260.8485708256951	18398.974306056
349	-260.8485708256951	18457.048035735
350	-260.8485708256951	18513.595105139
351	-260.8485708256951	18560.426233116
352	-260.8485708256951	18606.759986395
353	-260.8485708256951	18677.742923146
354	-260.8485708256951	18736.785211642
355	-260.8485708256951	18787.221681681
356	-260.8485708256951	18843.117244085
357	-260.8485708256951	18889.289016383
358	-260.8485708256951	18947.880302668
359	-260.8485708256951	19003.911239803
360	-260.8485708256951	19067.349740577
361	-260.8485708256951	19126.912491942
362	-260.8485708256951	19186.716377907
363	-260.8485708256951	19245.935684458
364	-260.8485708256951	19302.660845587
365	-260.8485708256951	19358.392362064
366	-260.8485708256951	19408.896164525
367	-260.8485708256951	19463.619459419
368	-260.8485708256951	19509.851993829
369	-260.8485708256951	19564.971144062
370	-260.8485708256951	19610.801717529
371	-260.8485708256951	19667.162081619
372	-260.8485708256951	19723.746400456
373	-260.8485708256951	19781.743942933
