1	-74.95499025062361	2.232225383
2	-75.12299174671807	3.642322379
3	-75.12299174671807	4.962451084
4	-75.12299174671807	6.472158408
5	-75.12299174671807	7.722672013
6	-75.12299174671807	8.719295305
7	-75.12299174671807	9.975592421
8	-75.12490047443339	10.960363592
9	-75.12490047443339	12.144242804
10	-75.12490047443339	13.184678343
11	-75.12490047443339	14.702802349
12	-75.12490047443339	15.883733355
13	-75.12490047443339	17.031727202
14	-75.12490047443339	18.377499959
15	-75.12490047443339	19.654509491
16	-75.12490047443339	20.82926241
17	-75.12490047443339	21.918870907
18	-75.12490047443339	23.362184745
19	-75.12490047443339	24.454487139
20	-75.16772672316853	25.914432491
21	-75.1677267231984	27.280658795
22	-75.1677267231984	28.604948799
23	-75.1677267231984	29.805631725
24	-75.1677267231984	31.196792184
25	-75.1677267231984	32.303525701
26	-75.1677267231984	33.556998345
27	-75.1677267231984	34.730874871
28	-75.1677267231984	35.918508546
29	-75.20412459636957	37.303277095
30	-75.20412459643322	38.436194355
31	-75.20412459643322	40.063955892
32	-75.20412459643322	41.476205098
33	-75.20412459643322	42.511120272
34	-75.20412459643322	43.788512977
35	-75.20412459643322	44.716239332
36	-75.20412459643322	45.757336301
37	-75.20412459643322	46.972749417
38	-75.20412459643322	48.043033928
39	-75.20412459643322	49.161376376
40	-75.20412459643322	50.10536989
41	-75.20412459643322	51.467101328
42	-75.20412459643322	52.346265693
43	-75.22579676673507	53.202302286
44	-75.22579676673507	54.250363643
45	-75.22579676673507	55.266025822
46	-75.22579676673507	56.642436419
47	-75.22579676673507	57.839547343
48	-75.22579676673507	59.339038157
49	-75.22579676673507	60.70212695
50	-75.22579676673507	61.858044543
51	-75.22579676673507	62.899300026
52	-75.22579676673507	64.128613126
53	-75.22579676673507	65.232668426
54	-75.22579676673507	66.13073426
55	-75.22579676673507	67.287874356
56	-75.22579676673507	68.292054187
57	-75.22579676673507	69.506826402
58	-75.22579676673507	70.473138862
59	-75.22579676673507	71.610867162
60	-75.22579676673507	72.50647345
61	-75.22579676673507	73.590965852
62	-75.22579676673507	75.02433773
63	-75.22579676673507	76.05425199
64	-75.22579676673507	77.790406602
65	-75.22579676673507	78.650832859
66	-75.22579676673507	79.480159131
67	-75.22579676673507	80.443524241
68	-75.22579676673507	81.512955167
69	-75.22579676673507	82.282618277
70	-75.22579676673507	83.248997736
71	-75.22579676673507	84.37361663
72	-75.22579676673507	85.240124611
73	-75.22579676673507	86.515778214
74	-75.22579676673507	87.732962933
75	-75.22579676673507	88.666731954
76	-75.22579676673507	90.22704286
77	-75.22579676673507	91.665697616
78	-75.22579676673507	92.624840986
79	-75.22579676673507	93.477835862
80	-75.22579676673507	94.453978808
81	-75.22579676673507	95.44655541
82	-75.22579676673507	96.667894016
83	-75.22579676673507	97.728268214
84	-75.22579676673507	98.849814885
85	-75.22579676673507	100.095596994
86	-75.22579676673507	101.22811084
87	-75.22579676673507	102.233888649
88	-75.22579676673507	103.745307704
89	-75.22579676673507	105.295552632
90	-75.22579676673507	106.38537923
91	-75.22579676673507	107.542139574
92	-75.22579676673507	108.571297182
93	-75.22579676673507	109.542714903
94	-75.22579676673507	110.594249618
95	-75.22579676673507	112.219042992
96	-75.22579676673507	113.193986529
97	-75.22579676673507	114.152525204
98	-75.22579676673507	115.293850308
99	-75.22579676673507	116.30689186
100	-75.22579676673507	117.471866182
101	-75.22579676673507	118.587109607
102	-75.22579676673507	119.563152199
103	-75.22579676673507	120.638655156
104	-75.22579676673507	121.640120848
105	-75.22579676673507	122.669631122
106	-75.22579676673507	123.833804601
107	-75.22579676673507	124.949881656
108	-75.22579676673507	125.897912166
109	-75.22579676673507	126.980892119
110	-75.22579676673507	128.050449914
111	-75.33298674954897	128.982886099
112	-75.3329867495846	129.572525672
113	-75.3329867495846	130.328000278
114	-75.3329867495846	130.98442107
115	-75.3329867495846	131.811530415
116	-75.3329867495846	132.689664148
117	-75.3329867495846	133.402829547
118	-75.3329867495846	134.198298645
119	-75.3329867495846	135.649033316
120	-75.3329867495846	136.690139408
121	-75.3329867495846	137.6320785
122	-75.3329867495846	138.64502825
123	-75.3329867495846	139.852893095
124	-75.3329867495846	140.871573898
125	-75.35260052192824	141.922567211
126	-75.35260052192824	143.184045709
127	-75.35260052192824	144.008842334
128	-75.35260052192824	144.727392391
129	-75.35260052192824	146.042692665
130	-75.35260052192824	147.084749846
131	-75.35260052192824	148.095147963
132	-75.35260052192824	149.030919802
133	-75.35260052192824	149.999548974
134	-75.35260052192824	151.055248409
135	-75.35260052192824	152.210713266
136	-75.35260052192824	153.175043435
137	-75.35260052192824	154.185370563
138	-75.35260052192824	155.454008743
139	-75.35260052192824	156.593896095
140	-75.35260052192824	157.68531953
141	-75.35260052192824	158.769461261
142	-75.35260052192824	159.633840695
143	-75.35260052192824	160.743314009
144	-75.35260052192824	162.230010452
145	-75.35260052192824	163.677028291
146	-75.35260052192824	165.173730556
147	-75.35260052192824	166.124748614
148	-75.35260052192824	167.007807996
149	-75.35260052192824	167.932310456
150	-75.35260052192824	169.092379085
151	-75.35260052192824	170.296632301
152	-75.35260052192824	171.845284383
153	-75.35260052192824	172.749741273
154	-75.35260052192824	173.586226657
155	-75.35260052192824	174.781704536
156	-75.35260052192824	176.154717328
157	-75.35260052192824	177.223691811
158	-75.35260052192824	178.146163798
159	-75.35260052192824	179.394256346
160	-75.35260052192824	180.669208321
161	-75.35260052192824	181.55204276
162	-75.35260052192824	182.731555401
163	-75.35260052192824	183.885934602
164	-75.35260052192824	184.80505383
165	-75.35260052192824	185.773352857
166	-75.35260052192824	186.934005083
167	-75.35260052192824	188.314220036
168	-75.35260052192824	189.245705702
169	-75.35260052192824	190.103088816
170	-75.35260052192824	191.08074421
171	-75.35260052192824	192.068304501
172	-75.35260052192824	193.072452686
173	-75.35260052192824	194.05533622
174	-75.35260052192824	194.811401836
175	-75.35260052192824	195.841880305
176	-75.35260052192824	196.918123948
177	-75.35260052192824	198.17819577
178	-75.35260052192824	199.418679035
179	-75.35260052192824	200.297955159
180	-75.35260052192824	201.167287611
181	-75.35260052192824	202.183265394
182	-75.35260052192824	203.146156956
183	-75.35260052192824	204.542558669
184	-75.35260052192824	205.542792735
185	-75.35260052192824	206.766756245
186	-75.35260052192824	208.054943069
187	-75.35260052192824	209.087838034
188	-75.35260052192824	210.210787961
189	-75.35260052192824	212.154406285
190	-75.35260052192824	213.53367186
191	-75.35260052192824	214.976566318
192	-75.35260052192824	216.230850352
193	-75.35260052192824	217.214477708
194	-75.35260052192824	218.353929714
195	-75.35260052192824	219.501550081
196	-75.35260052192824	220.58551163
197	-75.35260052192824	221.984381441
198	-75.35260052192824	222.891500583
199	-75.35260052192824	223.777574027
200	-75.35260052192824	224.634311393
201	-75.35260052192824	225.624186685
202	-75.35260052192824	226.480890124
203	-75.35260052192824	227.794458424
204	-75.35260052192824	228.825982635
205	-75.35260052192824	229.861613978
206	-75.35260052192824	230.954804454
207	-75.35260052192824	232.09732013
208	-75.35260052192824	233.272938609
209	-75.35260052192824	234.348543916
210	-75.35260052192824	235.275708342
211	-75.35260052192824	236.388030362
212	-75.35260052192824	237.374684895
213	-75.35260052192824	238.758740982
214	-75.38367725082904	239.685790513
215	-75.38367725082904	240.413162092
216	-75.38367725082904	241.158912554
217	-75.38367725082904	241.957076405
218	-75.38367725082904	242.856705434
219	-75.38367725082904	244.304050282
220	-75.38367725082904	245.371271694
221	-75.38367725082904	246.682335688
222	-75.38367725082904	247.935410619
223	-75.38367725082904	249.150455958
224	-75.38367725082904	250.263524082
225	-75.38367725082904	251.255004194
226	-75.38367725082904	252.468683626
227	-75.38367725082904	253.535595705
228	-75.38367725082904	254.62743738
229	-75.38367725082904	255.478721948
230	-75.38367725082904	256.547728933
231	-75.38367725082904	257.800838361
232	-75.38367725082904	258.823367711
233	-75.38367725082904	260.034066436
234	-75.38367725082904	261.455626678
235	-75.38367725082904	262.726324126
236	-75.38367725082904	263.677966551
237	-75.38367725082904	264.559267445
238	-75.38367725082904	265.378308783
239	-75.38367725082904	266.30437615
240	-75.38367725082904	267.223576346
241	-75.38367725082904	268.072249126
242	-75.38367725082904	269.219179555
243	-75.38367725082904	270.263495857
244	-75.38367725082904	271.223996581
245	-75.38367725082904	272.127491263
246	-75.38367725082904	272.996342755
247	-75.38367725082904	273.923415379
248	-75.38367725082904	275.261112147
249	-75.38367725082904	276.104736401
250	-75.38367725082904	277.306466778
251	-75.38367725082904	278.286413225
252	-75.38367725082904	279.641310279
253	-75.38367725082904	280.506818419
254	-75.38367725082904	281.728774264
255	-75.38367725082904	282.900571566
256	-75.38367725082904	284.254424588
257	-75.38367725082904	285.784848604
258	-75.38367725082904	286.697081844
259	-75.38367725082904	287.673054587
260	-75.38367725082904	288.778952194
261	-75.38367725082904	289.782214293
262	-75.38367725082904	290.921334729
263	-75.38367725082904	291.881381292
264	-75.38367725082904	293.048574535
265	-75.38367725082904	294.180241353
266	-75.38367725082904	295.198626224
267	-75.38367725082904	296.326290257
268	-75.38367725082904	297.484081803
269	-75.38367725082904	298.695756991
270	-75.38367725082904	300.018407108
271	-75.38367725082904	301.132457681
272	-75.38367725082904	302.358275188
273	-75.38367725082904	303.29651541
274	-75.38367725082904	304.187442374
275	-75.38367725082904	305.25684422
276	-75.38367725082904	306.47770101
277	-75.38367725082904	307.949188011
278	-75.38367725082904	308.871857572
279	-75.38367725082904	309.980104677
280	-75.38367725082904	311.338320279
281	-75.38367725082904	312.285184735
282	-75.38367725082904	313.018367765
283	-75.38367725082904	314.433999096
284	-75.38367725082904	315.189517607
285	-75.38367725082904	316.173407539
286	-75.38367725082904	317.134457648
287	-75.38367725082904	317.976755623
288	-75.38367725082904	318.966493213
289	-75.38367725082904	319.946234959
290	-75.38367725082904	320.833875591
291	-75.38367725082904	322.254789515
292	-75.38367725082904	323.409795647
293	-75.38367725082904	324.473866719
294	-75.38367725082904	325.406237616
295	-75.38367725082904	326.279556888
296	-75.38367725082904	327.251079241
297	-75.38367725082904	328.29901544
298	-75.38367725082904	329.329359914
299	-75.38367725082904	330.434046137
300	-75.38367725082904	331.46544633
301	-75.38367725082904	332.514879583
302	-75.38367725082904	333.561967044
303	-75.38367725082904	334.506007884
304	-75.38367725082904	335.633617463
305	-75.38367725082904	336.55001913
306	-75.38367725082904	337.553887348
307	-75.38367725082904	338.722506941
308	-75.38367725082904	339.700882494
309	-75.38367725082904	340.463559548
310	-75.38367725082904	341.449962624
311	-75.38367725082904	342.836085105
312	-75.38367725082904	344.687867171
313	-75.38367725082904	345.934552757
314	-75.38367725082904	347.071852839
315	-75.38367725082904	348.581708699
316	-75.38367725082904	349.609188216
317	-75.38367725082904	350.419634116
318	-75.38367725082904	351.462053372
319	-75.38367725082904	352.395168091
320	-75.38367725082904	353.57357683
321	-75.38367725082904	354.536313869
322	-75.38367725082904	355.342840803
323	-75.38367725082904	356.226019926
324	-75.38367725082904	357.212048668
325	-75.38367725082904	358.228345191
326	-75.38367725082904	359.209731386
327	-75.38367725082904	360.257502228
328	-75.38367725082904	361.260282795
329	-75.38367725082904	362.217157065
330	-75.38367725082904	363.444256089
331	-75.38367725082904	364.462036266
332	-75.38367725082904	365.322591957
333	-75.38367725082904	366.343899944
334	-75.38367725082904	367.449540393
335	-75.38367725082904	368.354919577
336	-75.38367725082904	369.11632623
337	-75.38367725082904	369.939266578
338	-75.38367725082904	370.962771535
339	-75.38367725082904	372.189110487
340	-75.38367725082904	373.477376568
341	-75.38367725082904	374.358455085
342	-75.38367725082904	375.386036382
343	-75.38367725082904	376.431909323
344	-75.38367725082904	377.565911098
345	-75.38367725082904	378.763711676
346	-75.38367725082904	380.04114629
347	-75.38367725082904	381.089863945
348	-75.38367725082904	381.966013962
349	-75.38367725082904	382.921555966
350	-75.38367725082904	383.950202392
351	-75.38367725082904	384.932998114
352	-75.38367725082904	386.16288911
353	-75.38367725082904	387.194219454
354	-75.38367725082904	388.109824841
355	-75.38367725082904	389.329554066
356	-75.38367725082904	390.496455939
357	-75.38367725082904	391.512332227
358	-75.38367725082904	392.497978651
359	-75.38367725082904	393.463456057
360	-75.38367725082904	394.42508007
361	-75.38367725082904	395.607756451
362	-75.38367725082904	397.620242345
363	-75.38367725082904	398.563737221
364	-75.38367725082904	399.715903486
365	-75.38367725082904	400.798647378
366	-75.38367725082904	401.849294295
367	-75.38367725082904	403.146247902
368	-75.38367725082904	405.849519238
369	-75.38367725082904	406.746843245
370	-75.38367725082904	407.768469402
371	-75.38367725082904	409.296685899
372	-75.38367725082904	410.460752752
373	-75.38367725082904	411.534456451
374	-75.38367725082904	412.630383874
375	-75.38367725082904	413.73968955
376	-75.38367725082904	414.654944836
377	-75.38367725082904	415.929472585
378	-75.38367725082904	416.88825673
379	-75.38367725082904	418.084388056
380	-75.38367725082904	419.108780525
381	-75.38367725082904	419.921775207
382	-75.38367725082904	420.957446463
383	-75.38367725082904	422.359823273
384	-75.38367725082904	423.604293357
385	-75.38367725082904	424.825065188
386	-75.38367725082904	425.648633608
387	-75.38367725082904	426.647438189
388	-75.38367725082904	427.938962663
389	-75.38367725082904	429.005905818
390	-75.38367725082904	429.92325943
391	-75.38367725082904	431.143619863
392	-75.38367725082904	432.388686089
393	-75.38367725082904	433.463179226
394	-75.38367725082904	434.470284454
395	-75.38367725082904	435.433448855
396	-75.38367725082904	436.508125026
397	-75.38367725082904	437.398779721
398	-75.38367725082904	438.726643152
399	-75.38367725082904	439.75460363
400	-75.38367725082904	440.866696431
401	-75.38367725082904	442.229213316
402	-75.38367725082904	443.754599639
403	-75.38367725082904	444.95938827
404	-75.38367725082904	446.134950014
405	-75.38367725082904	447.480453923
406	-75.38367725082904	448.463897105
407	-75.38367725082904	450.538663366
408	-75.38367725082904	451.952493159
409	-75.38367725082904	453.203939892
410	-75.38367725082904	454.229612739
411	-75.38367725082904	455.302082532
412	-75.38367725082904	456.533661026
413	-75.38367725082904	457.489973366
414	-75.38367725082904	458.392602489
415	-75.38367725082904	459.350966399
416	-75.38367725082904	460.747677729
417	-75.38367725082904	463.092479155
418	-75.38367725082904	464.433949489
419	-75.38367725082904	465.456913043
420	-75.38367725082904	466.35950995
421	-75.38367725082904	467.349530642
422	-75.38367725082904	468.146440914
423	-75.38367725082904	469.215161659
424	-75.38367725082904	470.111260598
425	-75.38367725082904	471.163449899
426	-75.38367725082904	472.144852915
427	-75.38367725082904	473.173813519
428	-75.38367725082904	474.378662021
429	-75.38367725082904	475.432876662
430	-75.38367725082904	476.638406264
431	-75.38367725082904	477.825900242
432	-75.38367725082904	478.971672315
433	-75.38367725082904	479.890972295
434	-75.38367725082904	481.090526515
435	-75.38367725082904	481.995831003
436	-75.38367725082904	483.098631869
437	-75.38367725082904	484.529715261
438	-75.38367725082904	485.593538582
439	-75.38367725082904	486.586367496
440	-75.38367725082904	487.539243257
441	-75.38367725082904	488.628020977
442	-75.38367725082904	489.410623003
443	-75.38367725082904	490.756097262
444	-75.38367725082904	491.946774936
445	-75.38367725082904	492.954922199
446	-75.38367725082904	494.020142219
447	-75.38367725082904	494.890782704
448	-75.38367725082904	495.656984717
449	-75.38367725082904	496.687017578
450	-75.38367725082904	497.811209964
451	-75.38367725082904	498.871002846
452	-75.38367725082904	499.744754043
453	-75.38367725082904	500.45784218
454	-75.38367725082904	501.446230112
455	-75.38367725082904	502.647445317
456	-75.38367725082904	503.583644233
457	-75.38367725082904	504.642085177
458	-75.38367725082904	505.61584812
459	-75.38367725082904	506.825257344
460	-75.38367725082904	508.186483873
461	-75.38367725082904	509.353575622
462	-75.38367725082904	510.379494509
463	-75.38367725082904	511.59246547
464	-75.38367725082904	512.586829355
465	-75.38367725082904	513.695841095
466	-75.38367725082904	514.903038809
467	-75.38367725082904	515.950514004
468	-75.38367725082904	517.020352336
469	-75.38367725082904	518.387671423
470	-75.38367725082904	519.560623089
471	-75.38367725082904	520.625445395
472	-75.38367725082904	521.664704333
473	-75.38367725082904	522.841138479
474	-75.38367725082904	523.966553939
475	-75.38367725082904	524.828042758
476	-75.38367725082904	525.942845706
477	-75.38367725082904	527.104730699
478	-75.38367725082904	528.022289582
479	-75.38367725082904	529.098743912
480	-75.38367725082904	530.173099062
481	-75.38367725082904	531.188948551
482	-75.38367725082904	532.221727766
483	-75.38367725082904	533.250304628
484	-75.38367725082904	534.241858581
485	-75.38367725082904	535.260858694
486	-75.38367725082904	536.501034338
487	-75.38367725082904	537.532102677
488	-75.38367725082904	538.430646336
489	-75.38367725082904	539.725733687
490	-75.38367725082904	540.675522115
491	-75.38367725082904	542.122580154
492	-75.38367725082904	543.734512729
493	-75.38367725082904	544.827257026
494	-75.38367725082904	545.785636332
495	-75.38367725082904	546.899581133
496	-75.38367725082904	548.209410935
497	-75.38367725082904	549.218989679
498	-75.38367725082904	550.333498976
499	-75.38367725082904	551.276489227
500	-75.38367725082904	552.294114025
501	-75.38367725082904	553.319908609
502	-75.38367725082904	554.354038337
503	-75.38367725082904	555.225927839
504	-75.38367725082904	556.141662661
505	-75.38367725082904	557.231491539
506	-75.38367725082904	558.165470963
507	-75.38367725082904	559.264131912
508	-75.38367725082904	560.271344907
509	-75.38367725082904	561.127503237
510	-75.38367725082904	562.560263294
511	-75.38367725082904	563.775833215
512	-75.38367725082904	564.777812085
513	-75.38367725082904	565.861650755
514	-75.38367725082904	566.925567018
515	-75.38367725082904	567.96360944
516	-75.38367725082904	568.935334498
517	-75.38367725082904	569.974541262
518	-75.38367725082904	570.966661136
519	-75.38367725082904	572.00203646
520	-75.38367725082904	573.440208829
521	-75.38367725082904	574.991691085
522	-75.38367725082904	575.972395325
523	-75.38367725082904	576.865002375
524	-75.38367725082904	577.810549106
525	-75.38367725082904	578.76999297
526	-75.38367725082904	579.707817804
527	-75.38367725082904	580.577566216
528	-75.38367725082904	581.542423532
529	-75.38367725082904	582.571591118
530	-75.38367725082904	583.979193502
531	-75.38367725082904	584.861235652
532	-75.38367725082904	585.826342145
533	-75.38367725082904	586.719395659
534	-75.38367725082904	587.74876538
535	-75.38367725082904	588.809428953
536	-75.38367725082904	589.834363395
537	-75.38367725082904	590.95414217
538	-75.38367725082904	592.025498082
539	-75.38367725082904	593.178214587
540	-75.38367725082904	594.028197395
541	-75.38367725082904	594.970941322
542	-75.38367725082904	596.040908803
543	-75.38367725082904	596.894707087
544	-75.38367725082904	597.930693092
545	-75.38367725082904	599.134136342
546	-75.38367725082904	600.416153062
547	-75.38367725082904	601.457643751
548	-75.38367725082904	602.897913021
549	-75.38367725082904	604.103527582
550	-75.38367725082904	604.996022019
551	-75.38367725082904	606.018069266
552	-75.38367725082904	607.021481327
553	-75.38367725082904	608.221752285
554	-75.38367725082904	609.16540539
555	-75.38367725082904	610.151808466
556	-75.38367725082904	611.000048182
557	-75.38367725082904	611.816741448
558	-75.38367725082904	612.660687578
559	-75.38367725082904	613.670485848
560	-75.38367725082904	614.75080127
561	-75.38367725082904	615.651941037
562	-75.38367725082904	616.754671484
563	-75.38367725082904	618.466430491
564	-75.38367725082904	619.577314759
565	-75.38367725082904	620.689653885
566	-75.38367725082904	621.716210823
567	-75.38367725082904	622.976885343
568	-75.38367725082904	624.104835615
569	-75.38367725082904	626.019896464
570	-75.38367725082904	627.101000468
571	-75.38367725082904	628.027214946
572	-75.38367725082904	628.977356896
573	-75.38367725082904	629.891765724
574	-75.38367725082904	631.066079021
575	-75.38367725082904	631.974653591
576	-75.38367725082904	633.181946813
577	-75.38367725082904	634.131301036
578	-75.38367725082904	635.146785028
579	-75.38367725082904	636.177220733
580	-75.38367725082904	637.398701889
581	-75.38367725082904	638.501106468
582	-75.38367725082904	639.357265653
583	-75.38367725082904	640.379652739
584	-75.38367725082904	641.742372614
585	-75.38367725082904	642.997956128
586	-75.38367725082904	643.906003835
587	-75.38367725082904	644.921427957
588	-75.38367725082904	646.053045737
589	-75.38367725082904	647.002798813
590	-75.38367725082904	647.802268131
591	-75.38367725082904	649.052238053
592	-75.38367725082904	650.486237434
593	-75.38367725082904	651.668506978
594	-75.38367725082904	652.654192461
595	-75.38367725082904	653.686517229
596	-75.38367725082904	654.927052667
597	-75.38367725082904	655.954082299
598	-75.38367725082904	656.965456309
599	-75.38367725082904	658.269268819
600	-75.38367725082904	659.407402814
601	-75.38367725082904	660.483211397
602	-75.38367725082904	661.709268386
603	-75.38367725082904	663.313054267
604	-75.38367725082904	664.40415326
605	-75.38367725082904	665.297391233
606	-75.38367725082904	666.311789
607	-75.38367725082904	667.131873799
608	-75.38367725082904	667.985709431
609	-75.38367725082904	668.820151513
610	-75.38367725082904	669.754799778
611	-75.38367725082904	670.618216719
612	-75.38367725082904	671.690513742
613	-75.38367725082904	672.89298281
614	-75.38367725082904	674.000614388
615	-75.38367725082904	675.348519682
616	-75.38367725082904	676.632552619
617	-75.38367725082904	677.915461127
618	-75.38367725082904	679.032548001
619	-75.38367725082904	679.994726531
620	-75.38367725082904	680.916903441
621	-75.38367725082904	682.240964226
622	-75.38367725082904	683.020539076
623	-75.38367725082904	683.99547634
624	-75.38367725082904	684.905157662
625	-75.38367725082904	685.77531348
626	-75.38367725082904	686.896573628
627	-75.38367725082904	688.046609636
628	-75.38367725082904	689.398265403
629	-75.38367725082904	690.612203134
630	-75.38367725082904	691.971800609
631	-75.38367725082904	693.228098295
632	-75.38367725082904	694.43607832
633	-75.38367725082904	695.866378831
634	-75.38367725082904	696.945482869
635	-75.38367725082904	698.153804727
636	-75.38367725082904	699.345884801
637	-75.38367725082904	700.530653235
638	-75.38367725082904	701.68498739
639	-75.38367725082904	702.617425001
640	-75.38367725082904	703.886397317
641	-75.38367725082904	704.957376328
642	-75.38367725082904	706.190707039
643	-75.38367725082904	707.542206857
644	-75.38367725082904	708.712225714
645	-75.38367725082904	709.838755624
646	-75.38367725082904	710.810667707
647	-75.38367725082904	712.214191469
648	-75.38367725082904	713.497721777
649	-75.38367725082904	714.799448505
650	-75.38367725082904	716.017945819
651	-75.38367725082904	716.988963547
652	-75.38367725082904	718.154359814
653	-75.38367725082904	719.131629755
654	-75.38367725082904	720.326622682
655	-75.38367725082904	721.599769982
656	-75.38367725082904	722.775141281
657	-75.38367725082904	723.876871031
658	-75.38367725082904	725.008787025
659	-75.38367725082904	725.769208663
660	-75.38367725082904	726.783507215
661	-75.38367725082904	727.855206101
662	-75.38367725082904	729.054323549
663	-75.38367725082904	730.791604872
664	-75.38367725082904	731.87936764
665	-75.38367725082904	733.144926185
666	-75.38367725082904	734.297238421
667	-75.38367725082904	735.531839531
668	-75.38367725082904	736.522363422
669	-75.38367725082904	737.74041085
670	-75.38367725082904	738.707651021
671	-75.38367725082904	739.893590355
672	-75.38367725082904	741.008848036
673	-75.38367725082904	742.069922151
674	-75.38367725082904	743.073802058
675	-75.38367725082904	744.069171771
676	-75.38367725082904	745.121379889
677	-75.38367725082904	746.037576285
678	-75.38367725082904	746.866919378
679	-75.38367725082904	747.781009466
680	-75.38367725082904	748.829829471
681	-75.38367725082904	750.10836314
682	-75.38367725082904	751.576222546
683	-75.38367725082904	753.07778118
684	-75.38367725082904	754.017482819
685	-75.38367725082904	755.185048401
686	-75.38367725082904	756.532322488
687	-75.38367725082904	757.886880844
688	-75.38367725082904	758.704434538
689	-75.38367725082904	759.749914613
690	-75.38367725082904	760.749844194
691	-75.38367725082904	761.85667892
692	-75.38367725082904	762.9488094
693	-75.38367725082904	764.170829677
694	-75.38367725082904	765.108436981
695	-75.38367725082904	765.989510366
696	-75.38367725082904	766.928860193
697	-75.38367725082904	767.899924107
698	-75.38367725082904	769.035742531
699	-75.38367725082904	770.269873513
700	-75.38367725082904	771.125662355
701	-75.38367725082904	772.112818377
702	-75.38367725082904	773.252061976
703	-75.38367725082904	774.75736196
704	-75.38367725082904	775.929385915
705	-75.38367725082904	777.187497113
706	-75.38367725082904	778.333691987
707	-75.38367725082904	779.465571204
708	-75.38367725082904	780.493213512
709	-75.38367725082904	781.679520909
710	-75.38367725082904	782.873672795
711	-75.38367725082904	783.859933321
712	-75.38367725082904	785.080660676
713	-75.38367725082904	786.052685088
714	-75.38367725082904	787.518867258
715	-75.38367725082904	788.738490996
716	-75.38367725082904	790.067929312
717	-75.38367725082904	790.994976562
718	-75.38367725082904	792.115649406
719	-75.38367725082904	793.209012652
720	-75.38367725082904	794.277496766
721	-75.38367725082904	795.278197823
722	-75.38367725082904	797.402111098
723	-75.38367725082904	798.437562544
724	-75.38367725082904	799.52037828
725	-75.38367725082904	800.67251518
726	-75.38367725082904	801.812727259
727	-75.38367725082904	802.637653604
728	-75.38367725082904	803.544926128
729	-75.38367725082904	804.585610844
730	-75.38367725082904	805.717066118
731	-75.38367725082904	806.698103353
732	-75.38367725082904	807.600732761
733	-75.38367725082904	808.878441354
734	-75.38367725082904	809.76891045
735	-75.38367725082904	810.905047329
736	-75.38367725082904	812.055602787
737	-75.38367725082904	813.248302095
738	-75.38367725082904	814.259099351
739	-75.38367725082904	815.152248373
740	-75.38367725082904	816.131282505
741	-75.38367725082904	816.995104001
742	-75.38367725082904	818.060740835
743	-75.38367725082904	819.345196288
744	-75.38367725082904	820.402616863
745	-75.38367725082904	821.192786548
746	-75.38367725082904	822.258880395
747	-75.38367725082904	823.297901275
748	-75.38367725082904	824.363584579
749	-75.38367725082904	825.230169822
750	-75.38367725082904	826.168280895
751	-75.38367725082904	827.04354454
752	-75.38367725082904	828.238865615
753	-75.38367725082904	829.439671703
754	-75.38367725082904	830.540709804
755	-75.38367725082904	831.51164913
756	-75.38367725082904	832.592719493
757	-75.38367725082904	833.753249127
758	-75.38367725082904	835.277944656
759	-75.38367725082904	836.770172582
760	-75.38367725082904	837.973526596
761	-75.38367725082904	839.060294085
762	-75.38367725082904	839.917943481
763	-75.38367725082904	840.822197381
764	-75.38367725082904	841.997343736
765	-75.38367725082904	843.191656132
766	-75.38367725082904	844.229993061
767	-75.38367725082904	845.191925551
768	-75.38367725082904	846.140448426
769	-75.38367725082904	847.039274048
770	-75.38367725082904	848.310826222
771	-75.38367725082904	849.527123429
772	-75.38367725082904	850.467999674
773	-75.38367725082904	851.477060394
774	-75.38367725082904	852.265071312
775	-75.38367725082904	853.339766584
776	-75.38367725082904	854.573076197
777	-75.38367725082904	855.675634444
778	-75.38367725082904	856.645838216
779	-75.38367725082904	857.650878189
780	-75.38367725082904	858.364083787
781	-75.38367725082904	859.179703657
782	-75.38367725082904	860.022826422
783	-75.38367725082904	860.968196392
784	-75.38367725082904	862.003520968
785	-75.38367725082904	863.109423137
786	-75.38367725082904	864.294239753
787	-75.38367725082904	865.326035093
788	-75.38367725082904	866.631266254
789	-75.38367725082904	867.664255017
790	-75.38367725082904	868.747583932
791	-75.38367725082904	869.988086869
792	-75.38367725082904	871.318180341
793	-75.38367725082904	872.104128855
794	-75.38367725082904	872.908818614
795	-75.38367725082904	873.860457618
796	-75.38367725082904	874.738507817
797	-75.38367725082904	875.863657565
798	-75.38367725082904	876.960352473
799	-75.38367725082904	878.316152719
800	-75.38367725082904	879.149315564
801	-75.38367725082904	879.89727383
802	-75.38367725082904	881.001796977
803	-75.38367725082904	882.277333974
804	-75.38367725082904	883.525004576
805	-75.38367725082904	884.670821409
806	-75.38367725082904	885.955141155
807	-75.38367725082904	886.874503002
808	-75.38367725082904	887.738293708
809	-75.38367725082904	888.905890081
810	-75.38367725082904	890.055610485
811	-75.38367725082904	891.065769119
812	-75.38367725082904	892.011632309
813	-75.38367725082904	893.044942949
814	-75.38367725082904	894.080908427
815	-75.38367725082904	895.049486566
816	-75.38367725082904	895.936404758
817	-75.38367725082904	897.228883172
818	-75.38367725082904	898.334919907
819	-75.38367725082904	899.148347369
820	-75.38367725082904	900.063371725
821	-75.38367725082904	901.20847182
822	-75.38367725082904	902.549955268
823	-75.38367725082904	903.534110626
824	-75.38367725082904	904.590868918
825	-75.38367725082904	905.54377547
826	-75.38367725082904	906.484856986
827	-75.38367725082904	907.353346687
828	-75.38367725082904	908.434784257
829	-75.38367725082904	909.515442083
830	-75.38367725082904	911.048089012
831	-75.38367725082904	912.826699373
832	-75.38367725082904	914.10467596
833	-75.38367725082904	915.532581357
834	-75.38367725082904	916.613234906
835	-75.38367725082904	917.881057419
836	-75.38367725082904	919.302105625
837	-75.38367725082904	920.376523496
838	-75.38367725082904	921.180234511
839	-75.38367725082904	922.213149718
840	-75.38367725082904	923.238136618
841	-75.38367725082904	924.305566152
842	-75.38367725082904	925.533664732
843	-75.38367725082904	926.717554207
844	-75.38367725082904	927.891175
845	-75.38367725082904	928.681552237
846	-75.38367725082904	929.935320243
847	-75.38367725082904	931.2672928
848	-75.38367725082904	932.584660895
849	-75.38367725082904	933.736286328
850	-75.38367725082904	935.013899699
851	-75.38367725082904	936.265855618
852	-75.38367725082904	937.514992197
853	-75.38367725082904	938.467462833
854	-75.38367725082904	939.606776852
855	-75.38367725082904	940.748715203
856	-75.38367725082904	941.497467469
857	-75.38367725082904	942.575688556
858	-75.38367725082904	943.582478465
859	-75.38367725082904	944.51102733
860	-75.38367725082904	945.357258241
861	-75.38367725082904	946.389482939
862	-75.38367725082904	947.314427873
863	-75.38367725082904	948.460390676
864	-75.38367725082904	949.439410268
865	-75.38367725082904	950.266224536
866	-75.38367725082904	951.049468034
867	-75.38367725082904	951.782994608
868	-75.38367725082904	952.931402988
869	-75.38367725082904	954.227950899
870	-75.38367725082904	955.393318942
871	-75.38367725082904	957.532140025
872	-75.38367725082904	958.722182213
873	-75.38367725082904	960.128112778
874	-75.38367725082904	961.235961316
875	-75.38367725082904	962.497789345
876	-75.38367725082904	964.023944864
877	-75.38367725082904	965.269544794
878	-75.38367725082904	966.596730261
879	-75.38367725082904	967.646966921
880	-75.38367725082904	968.837574176
881	-75.38367725082904	970.076907638
882	-75.38367725082904	971.457006841
883	-75.38367725082904	972.56656597
884	-75.38367725082904	973.475437612
885	-75.38367725082904	974.445640528
886	-75.38367725082904	975.659657517
887	-75.38367725082904	976.731754115
888	-75.38367725082904	978.327720311
889	-75.38367725082904	979.261122981
890	-75.38367725082904	980.508271852
891	-75.38367725082904	981.523936596
892	-75.38367725082904	982.341776244
893	-75.38367725082904	983.613427918
894	-75.38367725082904	984.870322315
895	-75.38367725082904	986.295887338
896	-75.38367725082904	987.3252582
897	-75.38367725082904	988.327956658
898	-75.38367725082904	989.351233536
899	-75.38367725082904	990.539558291
900	-75.38367725082904	991.439626943
901	-75.38367725082904	992.541898951
902	-75.38367725082904	993.304238733
903	-75.38367725082904	994.134239833
904	-75.38367725082904	995.164066282
905	-75.38367725082904	996.260653138
906	-75.38367725082904	997.479272759
907	-75.38367725082904	998.802135275
908	-75.38367725082904	999.799254638
909	-75.38367725082904	1000.868586065
910	-75.38367725082904	1001.769518565
911	-75.38367725082904	1002.897226789
912	-75.38367725082904	1003.96145552
913	-75.38367725082904	1005.077327873
914	-75.38367725082904	1006.127549994
915	-75.38367725082904	1007.185778254
916	-75.38367725082904	1008.461900274
917	-75.38367725082904	1009.550535444
918	-75.38367725082904	1010.758031371
919	-75.38367725082904	1012.065817871
920	-75.38367725082904	1013.525267152
921	-75.38367725082904	1014.639266692
922	-75.38367725082904	1015.685226873
923	-75.38367725082904	1016.672000007
924	-75.38367725082904	1017.783910059
925	-75.38367725082904	1019.085973204
926	-75.38367725082904	1020.044192569
927	-75.38367725082904	1021.124003081
928	-75.38367725082904	1022.467927829
929	-75.38367725082904	1023.688164529
930	-75.38367725082904	1024.847845139
931	-75.38367725082904	1025.909491162
932	-75.38367725082904	1027.010279231
933	-75.38367725082904	1028.118042809
934	-75.38367725082904	1029.369316202
935	-75.38367725082904	1030.383740483
936	-75.38367725082904	1031.451696594
937	-75.38367725082904	1032.455701374
938	-75.38367725082904	1033.448256308
939	-75.38367725082904	1034.492460282
940	-75.38367725082904	1035.413593731
941	-75.38367725082904	1036.55902226
942	-75.38367725082904	1037.683724973
943	-75.38367725082904	1038.732736565
944	-75.38367725082904	1039.727629878
945	-75.38367725082904	1040.749113771
946	-75.38367725082904	1041.978166576
947	-75.38367725082904	1043.646697503
948	-75.38367725082904	1044.680133301
949	-75.38367725082904	1045.611424815
950	-75.38367725082904	1046.927901406
951	-75.38367725082904	1048.02734267
952	-75.38367725082904	1049.148556061
953	-75.38367725082904	1050.20598519
954	-75.38367725082904	1051.103939835
955	-75.38367725082904	1052.087547804
956	-75.38367725082904	1053.054969583
957	-75.38367725082904	1053.852480558
958	-75.38367725082904	1054.658107436
959	-75.38367725082904	1055.44501103
960	-75.38367725082904	1056.357270215
961	-75.38367725082904	1057.790546871
962	-75.38367725082904	1058.762441562
963	-75.38367725082904	1059.65429196
964	-75.38367725082904	1060.659096728
965	-75.38367725082904	1061.725302333
966	-75.38367725082904	1062.709891896
967	-75.38367725082904	1063.623935228
968	-75.38367725082904	1064.511920259
969	-75.38367725082904	1065.660995485
970	-75.38367725082904	1066.78029843
971	-75.38367725082904	1068.049697539
972	-75.38367725082904	1069.151985798
973	-75.38367725082904	1070.20254747
974	-75.38367725082904	1071.25578736
975	-75.38367725082904	1072.312852703
976	-75.38367725082904	1073.30321922
977	-75.38367725082904	1074.177910957
978	-75.38367725082904	1075.37107241
979	-75.38367725082904	1076.354366485
980	-75.38367725082904	1077.881014085
981	-75.38367725082904	1078.698316322
982	-75.38367725082904	1079.773689273
983	-75.38367725082904	1081.003417192
984	-75.38367725082904	1082.00011632
985	-75.38367725082904	1083.129897781
986	-75.38367725082904	1084.319712461
987	-75.38367725082904	1085.331143776
988	-75.38367725082904	1086.521406631
989	-75.38367725082904	1087.530062511
990	-75.38367725082904	1088.480117791
991	-75.38367725082904	1089.730130478
992	-75.38367725082904	1090.89046824
993	-75.38367725082904	1091.810654307
994	-75.38367725082904	1092.710309851
995	-75.38367725082904	1093.691025494
996	-75.38367725082904	1094.562544369
997	-75.38367725082904	1095.47378461
998	-75.38367725082904	1096.500455873
999	-75.38367725082904	1097.435638128
1000	-75.38367725082904	1098.439762365
1001	-75.38367725082904	1099.756600746
1002	-75.38367725082904	1100.738163132
1003	-75.38367725082904	1101.749905205
1004	-75.38367725082904	1102.656841312
1005	-75.38367725082904	1103.686032277
1006	-75.38367725082904	1104.630783012
1007	-75.38367725082904	1105.485256694
1008	-75.38367725082904	1106.477641139
1009	-75.38367725082904	1107.647707607
1010	-75.38367725082904	1108.689324025
1011	-75.38367725082904	1109.899816625
1012	-75.38367725082904	1111.013932485
1013	-75.38367725082904	1112.06195621
1014	-75.38367725082904	1113.223454894
1015	-75.38367725082904	1114.329356207
1016	-75.38367725082904	1115.360589618
1017	-75.38367725082904	1116.646163513
1018	-75.38367725082904	1117.739462042
1019	-75.38367725082904	1118.810136853
1020	-75.38367725082904	1119.779238148
1021	-75.38367725082904	1120.89233079
1022	-75.38367725082904	1122.007751262
1023	-75.38367725082904	1122.947779909
1024	-75.38367725082904	1123.805363162
1025	-75.38367725082904	1124.767216679
1026	-75.38367725082904	1125.591483306
1027	-75.38367725082904	1126.830769156
1028	-75.38367725082904	1127.96769804
1029	-75.38367725082904	1129.228511118
1030	-75.38367725082904	1130.002776861
1031	-75.38367725082904	1130.780029867
1032	-75.38367725082904	1131.78742333
1033	-75.38367725082904	1132.716639326
1034	-75.38367725082904	1133.472114217
1035	-75.38367725082904	1134.243340809
1036	-75.38367725082904	1135.128616262
1037	-75.38367725082904	1135.941342096
1038	-75.38367725082904	1136.714938997
1039	-75.38367725082904	1137.787690182
1040	-75.38367725082904	1138.644424982
1041	-75.38367725082904	1139.610307798
1042	-75.38367725082904	1140.6063378
1043	-75.38367725082904	1141.455063323
1044	-75.38367725082904	1142.441358347
1045	-75.38367725082904	1143.371309327
1046	-75.38367725082904	1144.375355162
1047	-75.38367725082904	1145.223604285
1048	-75.38367725082904	1146.257783335
1049	-75.38367725082904	1147.254443405
1050	-75.38367725082904	1148.244306723
1051	-75.38367725082904	1149.374574562
1052	-75.38367725082904	1150.348531086
1053	-75.38367725082904	1151.336568063
1054	-75.38367725082904	1152.174961897
1055	-75.38367725082904	1152.97372531
1056	-75.38367725082904	1153.799016866
1057	-75.38367725082904	1154.903432816
1058	-75.38367725082904	1155.906570611
1059	-75.38367725082904	1156.872461411
1060	-75.38367725082904	1157.841164423
1061	-75.38367725082904	1158.909100292
1062	-75.38367725082904	1159.747006037
1063	-75.38367725082904	1160.669054938
1064	-75.38367725082904	1161.502001393
1065	-75.38367725082904	1162.495507131
1066	-75.38367725082904	1163.386728601
1067	-75.38367725082904	1164.320044601
1068	-75.38367725082904	1165.102680269
1069	-75.38367725082904	1166.398678511
1070	-75.38367725082904	1167.258352962
1071	-75.38367725082904	1168.276838188
1072	-75.38367725082904	1169.293528717
1073	-75.38367725082904	1170.090596649
1074	-75.38367725082904	1171.136556545
1075	-75.38367725082904	1172.08792727
1076	-75.38367725082904	1173.079811367
1077	-75.38367725082904	1174.087477385
1078	-75.38367725082904	1175.334141588
1079	-75.38367725082904	1176.639454572
1080	-75.38367725082904	1177.570754924
1081	-75.38367725082904	1178.699632907
1082	-75.38367725082904	1179.580493323
1083	-75.38367725082904	1180.507041651
1084	-75.38367725082904	1181.604076397
1085	-75.38367725082904	1182.755963836
1086	-75.38367725082904	1183.864265965
1087	-75.38367725082904	1184.843191189
1088	-75.38367725082904	1186.316069471
1089	-75.38367725082904	1187.611427951
1090	-75.38367725082904	1188.686630128
1091	-75.38367725082904	1189.684830871
1092	-75.38367725082904	1190.760689631
1093	-75.38367725082904	1191.584817985
1094	-75.38367725082904	1192.719836707
1095	-75.38367725082904	1193.901664064
1096	-75.38367725082904	1194.941542806
1097	-75.38367725082904	1195.877421842
1098	-75.38367725082904	1196.813912414
1099	-75.38367725082904	1197.77490864
1100	-75.38367725082904	1198.604584158
1101	-75.38367725082904	1199.627791757
1102	-75.38367725082904	1200.671514769
1103	-75.38367725082904	1201.706008283
1104	-75.38367725082904	1202.732587173
1105	-75.38367725082904	1203.804658968
1106	-75.38367725082904	1204.96879795
1107	-75.38367725082904	1206.036744368
1108	-75.38367725082904	1207.295325979
1109	-75.38367725082904	1208.545197542
1110	-75.38367725082904	1209.912053058
1111	-75.38367725082904	1210.983288373
1112	-75.38367725082904	1212.054623188
1113	-75.38367725082904	1213.414279963
1114	-75.38367725082904	1214.307483155
1115	-75.38367725082904	1215.531437827
1116	-75.38367725082904	1216.550203589
1117	-75.38367725082904	1217.614050573
1118	-75.38367725082904	1218.52195402
1119	-75.38367725082904	1219.210337791
1120	-75.38367725082904	1220.093472154
1121	-75.38367725082904	1220.959132821
1122	-75.38367725082904	1222.115324679
1123	-75.38367725082904	1222.972423549
1124	-75.38367725082904	1224.079039605
1125	-75.38367725082904	1225.116211336
1126	-75.38367725082904	1226.038135079
1127	-75.38367725082904	1226.876583652
1128	-75.38367725082904	1228.130838891
1129	-75.38367725082904	1229.178824983
1130	-75.38367725082904	1230.260887774
1131	-75.38367725082904	1231.219309274
1132	-75.38367725082904	1232.263482457
1133	-75.38367725082904	1233.091081316
1134	-75.38367725082904	1234.624088041
1135	-75.38367725082904	1235.686716513
1136	-75.38367725082904	1236.74760788
1137	-75.38367725082904	1238.033615695
1138	-75.38367725082904	1239.442560608
1139	-75.38367725082904	1240.568557099
1140	-75.38367725082904	1241.792289964
1141	-75.38367725082904	1242.897737115
1142	-75.38367725082904	1244.036849569
1143	-75.38367725082904	1245.285725282
1144	-75.38367725082904	1246.621222229
1145	-75.38367725082904	1247.513854368
1146	-75.38367725082904	1248.300424113
1147	-75.38367725082904	1249.208011956
1148	-75.38367725082904	1250.090204923
1149	-75.38367725082904	1250.978650959
1150	-75.38367725082904	1251.719828724
1151	-75.38367725082904	1252.55913687
1152	-75.38367725082904	1253.278170454
1153	-75.38367725082904	1254.070052726
1154	-75.38367725082904	1254.973132875
1155	-75.38367725082904	1255.872569748
1156	-75.38367725082904	1256.754820305
1157	-75.38367725082904	1257.680854885
1158	-75.38367725082904	1258.657852842
1159	-75.38367725082904	1259.541385773
1160	-75.38367725082904	1260.895297241
1161	-75.38367725082904	1262.155699207
1162	-75.38367725082904	1263.359199762
1163	-75.38367725082904	1264.555532653
1164	-75.38367725082904	1265.55425256
1165	-75.38367725082904	1266.539962846
1166	-75.38367725082904	1267.592820988
1167	-75.38367725082904	1269.016774634
1168	-75.38367725082904	1270.102965938
1169	-75.38367725082904	1271.009428212
1170	-75.38367725082904	1271.854677243
1171	-75.38367725082904	1272.804726251
1172	-75.38367725082904	1274.072690174
1173	-75.38367725082904	1275.424539808
1174	-75.38367725082904	1276.433486203
1175	-75.38367725082904	1277.502895462
1176	-75.38367725082904	1278.66699282
1177	-75.38367725082904	1279.887502359
1178	-75.38367725082904	1281.069372481
1179	-75.38367725082904	1282.03793608
1180	-75.38367725082904	1283.322195955
1181	-75.38367725082904	1284.283232665
1182	-75.38367725082904	1285.650978544
1183	-75.38367725082904	1286.862468418
1184	-75.38367725082904	1288.136406012
1185	-75.38367725082904	1289.41762303
1186	-75.38367725082904	1290.66491388
1187	-75.38367725082904	1292.188277713
1188	-75.38367725082904	1293.390757615
1189	-75.38367725082904	1294.649132816
1190	-75.38367725082904	1295.645522612
1191	-75.38367725082904	1296.566496976
1192	-75.38367725082904	1297.740580484
1193	-75.38367725082904	1299.101410155
1194	-75.38367725082904	1300.138823364
1195	-75.38367725082904	1301.493989265
1196	-75.38367725082904	1302.622248869
1197	-75.38367725082904	1303.716847733
1198	-75.38367725082904	1305.2940858
1199	-75.38367725082904	1306.663176489
1200	-75.38367725082904	1307.611110066
1201	-75.38367725082904	1308.588924545
1202	-75.38367725082904	1309.644252497
1203	-75.38367725082904	1310.507882407
1204	-75.38367725082904	1311.554937652
1205	-75.38367725082904	1312.561274254
1206	-75.38367725082904	1313.611173928
1207	-75.38367725082904	1314.631914569
1208	-75.38367725082904	1315.624223178
1209	-75.38367725082904	1316.642827004
1210	-75.38367725082904	1318.02971298
1211	-75.38367725082904	1318.992558355
1212	-75.38367725082904	1320.228076913
1213	-75.38367725082904	1321.406836038
1214	-75.38367725082904	1322.622844726
1215	-75.38367725082904	1323.544652148
1216	-75.38367725082904	1324.693828869
1217	-75.38367725082904	1325.742348095
1218	-75.38367725082904	1326.689649893
1219	-75.38367725082904	1327.613904032
1220	-75.38367725082904	1328.514804602
1221	-75.38367725082904	1329.630929268
1222	-75.38367725082904	1330.99842369
1223	-75.38367725082904	1332.353501781
1224	-75.38367725082904	1334.057718789
1225	-75.38367725082904	1335.15154418
1226	-75.38367725082904	1336.249642344
1227	-75.38367725082904	1337.449625352
1228	-75.38367725082904	1338.834040663
1229	-75.38367725082904	1339.873557045
1230	-75.38367725082904	1341.047047832
1231	-75.38367725082904	1342.411712935
1232	-75.38367725082904	1343.404093959
1233	-75.38367725082904	1344.523193629
1234	-75.38367725082904	1345.770788395
1235	-75.38367725082904	1347.012960584
1236	-75.38367725082904	1348.023823412
1237	-75.38367725082904	1348.967045164
1238	-75.38367725082904	1349.829085934
1239	-75.38367725082904	1350.970178683
1240	-75.38367725082904	1351.914217527
1241	-75.38367725082904	1353.294840741
1242	-75.38367725082904	1354.268018091
1243	-75.38367725082904	1355.395327176
1244	-75.38367725082904	1356.601137315
1245	-75.38367725082904	1357.714647342
1246	-75.38367725082904	1358.908221903
1247	-75.38367725082904	1359.959060976
1248	-75.38367725082904	1360.800409573
1249	-75.38367725082904	1361.654889527
1250	-75.38367725082904	1362.607776978
1251	-75.38367725082904	1363.803263695
1252	-75.38367725082904	1364.990214845
1253	-75.38367725082904	1365.859940734
1254	-75.38367725082904	1366.896094662
1255	-75.38367725082904	1368.031581801
1256	-75.38367725082904	1369.470308118
1257	-75.38367725082904	1370.465449181
1258	-75.38367725082904	1371.44062935
1259	-75.38367725082904	1372.844153967
1260	-75.38367725082904	1374.319855581
1261	-75.38367725082904	1375.655539837
1262	-75.38367725082904	1376.673551514
1263	-75.38367725082904	1378.041977353
1264	-75.38367725082904	1379.117449234
1265	-75.38367725082904	1380.385445373
1266	-75.38367725082904	1381.772014034
1267	-75.38367725082904	1382.973733293
1268	-75.38367725082904	1384.005021727
1269	-75.38367725082904	1385.072497162
1270	-75.38367725082904	1386.666908715
1271	-75.38367725082904	1387.92894002
1272	-75.38367725082904	1388.913103932
1273	-75.38367725082904	1389.887792019
1274	-75.38367725082904	1390.801820526
1275	-75.38367725082904	1391.834425546
1276	-75.38367725082904	1393.326298525
1277	-75.38367725082904	1394.162280139
1278	-75.38367725082904	1395.049443516
1279	-75.38367725082904	1396.030014614
1280	-75.38367725082904	1396.98563445
1281	-75.38367725082904	1398.271038711
1282	-75.38367725082904	1399.332071772
1283	-75.38367725082904	1400.620047338
1284	-75.38367725082904	1401.812226911
1285	-75.38367725082904	1402.929293828
1286	-75.38367725082904	1403.936938178
1287	-75.38367725082904	1405.02036374
1288	-75.38367725082904	1406.444420306
1289	-75.38367725082904	1407.399202522
1290	-75.38367725082904	1408.424930108
1291	-75.38367725082904	1409.616414896
1292	-75.38367725082904	1410.688561672
1293	-75.38367725082904	1411.802892497
1294	-75.38367725082904	1412.794618079
1295	-75.38367725082904	1413.713404312
1296	-75.38367725082904	1414.549904235
1297	-75.38367725082904	1415.57121992
1298	-75.38367725082904	1416.412363816
1299	-75.38367725082904	1417.820654712
1300	-75.38367725082904	1418.916265961
1301	-75.38367725082904	1420.092601462
1302	-75.38367725082904	1421.031632549
1303	-75.38367725082904	1422.115409353
1304	-75.38367725082904	1423.119540432
1305	-75.38367725082904	1424.007386621
1306	-75.38367725082904	1425.10763956
1307	-75.38367725082904	1426.371508326
1308	-75.38367725082904	1427.735484346
1309	-75.38367725082904	1428.85309466
1310	-75.38367725082904	1430.089825742
1311	-75.38367725082904	1430.955425684
1312	-75.38367725082904	1431.862254309
1313	-75.38367725082904	1432.861742557
1314	-75.38367725082904	1433.910926918
1315	-75.38367725082904	1435.197746409
1316	-75.38367725082904	1436.288714257
1317	-75.38367725082904	1437.797743045
1318	-75.38367725082904	1438.967755059
1319	-75.38367725082904	1440.296246562
1320	-75.38367725082904	1441.405591298
1321	-75.38367725082904	1442.998791467
1322	-75.38367725082904	1444.116884454
1323	-75.38367725082904	1445.386122482
1324	-75.38367725082904	1446.62771364
1325	-75.38367725082904	1447.886268167
1326	-75.38367725082904	1449.196702663
1327	-75.38367725082904	1450.188528315
1328	-75.38367725082904	1451.568132302
1329	-75.38367725082904	1452.702204782
1330	-75.38367725082904	1453.73384959
1331	-75.38367725082904	1454.630781301
1332	-75.38367725082904	1455.465440343
1333	-75.38367725082904	1456.483947236
1334	-75.38367725082904	1457.86711353
1335	-75.38367725082904	1458.937717637
1336	-75.38367725082904	1460.119072871
1337	-75.38367725082904	1461.152825128
1338	-75.38367725082904	1462.045787696
1339	-75.38367725082904	1463.13265725
1340	-75.38367725082904	1464.204479014
1341	-75.38367725082904	1465.147102628
1342	-75.38367725082904	1466.187726618
1343	-75.38367725082904	1467.3093611
1344	-75.38367725082904	1468.424229621
1345	-75.38367725082904	1469.526868551
1346	-75.38367725082904	1470.751300192
1347	-75.38367725082904	1472.402635395
1348	-75.38367725082904	1473.435317962
1349	-75.38367725082904	1474.437406595
1350	-75.38367725082904	1475.406988566
1351	-75.38367725082904	1476.633101149
1352	-75.38367725082904	1477.795194263
1353	-75.38367725082904	1478.670513503
1354	-75.38367725082904	1480.010855131
1355	-75.38367725082904	1481.081174709
1356	-75.38367725082904	1481.799850779
1357	-75.38367725082904	1482.955968226
1358	-75.38367725082904	1483.805545054
1359	-75.38367725082904	1484.950087212
1360	-75.38367725082904	1486.116284321
1361	-75.38367725082904	1487.561537115
1362	-75.38367725082904	1488.75464554
1363	-75.38367725082904	1490.102709635
1364	-75.38367725082904	1491.335785182
1365	-75.38367725082904	1492.67458015
1366	-75.38367725082904	1493.6580775
1367	-75.38367725082904	1495.161700534
1368	-75.38367725082904	1496.213098971
1369	-75.38367725082904	1497.281566549
1370	-75.38367725082904	1498.268522716
1371	-75.38367725082904	1499.602213278
1372	-75.38367725082904	1500.727987962
1373	-75.38367725082904	1502.00085273
1374	-75.38367725082904	1503.278118281
1375	-75.38367725082904	1504.767665994
1376	-75.38367725082904	1506.639626772
1377	-75.38367725082904	1507.878340429
1378	-75.38367725082904	1509.05322763
1379	-75.38367725082904	1510.152521498
1380	-75.38367725082904	1511.111660876
1381	-75.38367725082904	1512.668983378
1382	-75.38367725082904	1513.789208617
1383	-75.38367725082904	1515.208172466
1384	-75.38367725082904	1516.639306321
1385	-75.38367725082904	1517.705267026
1386	-75.38367725082904	1518.884751443
1387	-75.38367725082904	1519.879525014
1388	-75.38367725082904	1521.016733009
1389	-75.38367725082904	1522.353972764
1390	-75.38367725082904	1523.635264192
1391	-75.38367725082904	1524.551634784
1392	-75.38367725082904	1526.034065866
1393	-75.38367725082904	1526.916526826
1394	-75.38367725082904	1528.042763655
1395	-75.38367725082904	1528.831063378
1396	-75.38367725082904	1529.730186358
1397	-75.38367725082904	1530.70569781
1398	-75.38367725082904	1531.800003307
1399	-75.38367725082904	1532.987778107
1400	-75.38367725082904	1534.003406358
1401	-75.38367725082904	1535.265829959
1402	-75.38367725082904	1536.521904128
1403	-75.38367725082904	1537.481785904
1404	-75.38367725082904	1538.525551965
1405	-75.38367725082904	1539.796641139
1406	-75.38367725082904	1540.979020732
1407	-75.38367725082904	1542.41574252
1408	-75.38367725082904	1543.520156474
1409	-75.38367725082904	1544.677408898
1410	-75.38367725082904	1545.781770679
1411	-75.38367725082904	1546.673159218
1412	-75.38367725082904	1547.516125749
1413	-75.38367725082904	1548.4787975
1414	-75.38367725082904	1549.490616549
1415	-75.38367725082904	1550.579318717
1416	-75.38367725082904	1551.896818812
1417	-75.38367725082904	1553.257795309
1418	-75.38367725082904	1554.822442851
1419	-75.38367725082904	1556.107593944
1420	-75.38367725082904	1557.397784442
1421	-75.38367725082904	1558.395692103
1422	-75.38367725082904	1559.437907228
1423	-75.38367725082904	1560.381609085
1424	-75.38367725082904	1561.360644072
1425	-75.38367725082904	1562.481278428
1426	-75.38367725082904	1563.999062881
1427	-75.38367725082904	1565.158999794
1428	-75.38367725082904	1566.564531791
1429	-75.38367725082904	1567.655092802
1430	-75.38367725082904	1568.947372217
1431	-75.38367725082904	1570.269404241
1432	-75.38367725082904	1571.432125142
1433	-75.38367725082904	1572.483824644
1434	-75.38367725082904	1573.761308295
1435	-75.38367725082904	1574.816222569
1436	-75.38367725082904	1575.964353832
1437	-75.38367725082904	1577.295544365
1438	-75.38367725082904	1578.425001098
1439	-75.38367725082904	1579.470535056
1440	-75.38367725082904	1580.446596179
1441	-75.38367725082904	1581.41627993
1442	-75.38367725082904	1582.584808291
1443	-75.38367725082904	1583.804891893
1444	-75.38367725082904	1584.92444373
1445	-75.38367725082904	1585.928249511
1446	-75.38367725082904	1586.738209889
1447	-75.38367725082904	1587.808520344
1448	-75.38367725082904	1588.67549104
1449	-75.38367725082904	1589.692256265
1450	-75.38367725082904	1590.287835297
1451	-75.38367725082904	1591.046837429
1452	-75.38367725082904	1591.930072717
1453	-75.38367725082904	1593.184744201
1454	-75.38367725082904	1594.346251153
1455	-75.38367725082904	1595.37318271
1456	-75.38367725082904	1597.098624456
1457	-75.38367725082904	1598.601037816
1458	-75.38367725082904	1600.022837256
1459	-75.38367725082904	1600.827249043
1460	-75.38367725082904	1601.815283739
1461	-75.38367725082904	1603.308106381
1462	-75.38367725082904	1604.606025617
1463	-75.38367725082904	1605.861433225
1464	-75.38367725082904	1607.247991053
1465	-75.38367725082904	1608.33053509
1466	-75.38367725082904	1609.626271041
1467	-75.38367725082904	1610.890792683
1468	-75.38367725082904	1612.125527219
1469	-75.38367725082904	1613.563536797
1470	-75.38367725082904	1614.920816135
1471	-75.38367725082904	1616.330453837
1472	-75.38367725082904	1618.098701433
1473	-75.38367725082904	1619.396650889
1474	-75.38367725082904	1620.306326795
1475	-75.38367725082904	1621.780993785
1476	-75.38367725082904	1622.778898881
1477	-75.38367725082904	1623.676534501
1478	-75.38367725082904	1625.021786097
1479	-75.38367725082904	1626.505603044
1480	-75.38367725082904	1627.681329575
1481	-75.38367725082904	1628.945384225
1482	-75.38367725082904	1630.358937472
1483	-75.38367725082904	1631.314787382
1484	-75.38367725082904	1632.759900763
1485	-75.38367725082904	1634.138650594
1486	-75.38367725082904	1635.168261794
1487	-75.38367725082904	1636.071351921
1488	-75.38367725082904	1636.899786689
1489	-75.38367725082904	1637.799765535
1490	-75.38367725082904	1638.86956937
1491	-75.38367725082904	1640.003617902
1492	-75.38367725082904	1641.323895428
1493	-75.38367725082904	1642.454750855
1494	-75.38367725082904	1643.361530729
1495	-75.38367725082904	1644.216293786
1496	-75.38367725082904	1645.186919218
1497	-75.38367725082904	1646.342672309
1498	-75.38367725082904	1647.773421851
1499	-75.38367725082904	1648.856961168
1500	-75.38367725082904	1650.105737097
1501	-75.38367725082904	1651.021031156
1502	-75.38367725082904	1652.20822521
1503	-75.38367725082904	1653.400262519
1504	-75.38367725082904	1654.508549253
1505	-75.38367725082904	1655.535894774
1506	-75.38367725082904	1656.664083673
1507	-75.38367725082904	1657.797102999
1508	-75.38367725082904	1659.053004113
1509	-75.38367725082904	1660.236346484
1510	-75.38367725082904	1662.018473821
1511	-75.38367725082904	1663.071922403
1512	-75.38367725082904	1664.132681484
1513	-75.38367725082904	1665.301054466
1514	-75.38367725082904	1667.758862434
1515	-75.38367725082904	1669.208732115
1516	-75.38367725082904	1670.10961786
1517	-75.38367725082904	1671.196839226
1518	-75.38367725082904	1672.550139727
1519	-75.38367725082904	1673.94284086
1520	-75.38367725082904	1675.171853751
1521	-75.38367725082904	1676.340864499
1522	-75.38367725082904	1677.379288097
1523	-75.38367725082904	1678.500612107
1524	-75.38367725082904	1679.736726805
1525	-75.38367725082904	1681.022731199
1526	-75.38367725082904	1682.389770034
1527	-75.38367725082904	1683.64996844
1528	-75.38367725082904	1684.758827937
1529	-75.38367725082904	1685.925728384
1530	-75.38367725082904	1687.143166271
1531	-75.38367725082904	1688.0835473
1532	-75.38367725082904	1689.057086725
1533	-75.38367725082904	1690.387103791
1534	-75.38367725082904	1691.144230259
1535	-75.38367725082904	1692.382728668
1536	-75.38367725082904	1693.530972546
1537	-75.38367725082904	1694.311231917
1538	-75.38367725082904	1695.295263828
1539	-75.38367725082904	1696.327539559
1540	-75.38367725082904	1697.524364529
1541	-75.38367725082904	1698.682582298
1542	-75.38367725082904	1699.772142898
1543	-75.38367725082904	1700.731047641
1544	-75.38367725082904	1701.896320175
1545	-75.38367725082904	1703.006020143
1546	-75.38367725082904	1703.847833735
1547	-75.38367725082904	1704.864676507
1548	-75.38367725082904	1705.793662714
1549	-75.38367725082904	1706.701416199
1550	-75.38367725082904	1707.711150607
1551	-75.38367725082904	1708.609347586
1552	-75.38367725082904	1710.102013709
1553	-75.38367725082904	1711.24135082
1554	-75.38367725082904	1712.384814164
1555	-75.38367725082904	1713.422430078
1556	-75.38367725082904	1714.267987871
1557	-75.38367725082904	1715.373015072
1558	-75.38367725082904	1716.622725554
1559	-75.38367725082904	1717.570680228
1560	-75.38367725082904	1718.642745181
1561	-75.38367725082904	1719.744861525
1562	-75.38367725082904	1720.874333653
1563	-75.38367725082904	1722.280193228
1564	-75.38367725082904	1723.271667924
1565	-75.38367725082904	1724.223715759
1566	-75.38367725082904	1725.445346592
1567	-75.38367725082904	1726.409518816
1568	-75.38367725082904	1727.402667041
1569	-75.38367725082904	1728.228033863
1570	-75.38367725082904	1729.542981185
1571	-75.38367725082904	1730.491927717
1572	-75.38367725082904	1731.648325701
1573	-75.38367725082904	1732.698561221
1574	-75.38367725082904	1733.644366822
1575	-75.38367725082904	1734.661309663
1576	-75.38367725082904	1736.345800412
1577	-75.38367725082904	1737.3464014
1578	-75.38367725082904	1738.548414025
1579	-75.38367725082904	1739.583592345
1580	-75.38367725082904	1740.545305024
1581	-75.38367725082904	1741.584578217
1582	-75.38367725082904	1742.762150761
1583	-75.38367725082904	1744.064003503
1584	-75.38367725082904	1745.752734524
1585	-75.38367725082904	1746.908901578
1586	-75.38367725082904	1748.005261495
1587	-75.38367725082904	1749.020407075
1588	-75.38367725082904	1750.409777686
1589	-75.38367725082904	1751.705677568
1590	-75.38367725082904	1752.6757673
1591	-75.38367725082904	1753.614554913
1592	-75.38367725082904	1754.351196759
1593	-75.38367725082904	1755.376746443
1594	-75.38367725082904	1756.888943533
1595	-75.38367725082904	1758.187969237
1596	-75.38367725082904	1759.574137619
1597	-75.38367725082904	1761.021071925
1598	-75.38367725082904	1762.127776932
1599	-75.38367725082904	1763.173447738
1600	-75.38367725082904	1764.910833976
1601	-75.38367725082904	1766.157595683
1602	-75.38367725082904	1767.128551545
1603	-75.38367725082904	1768.380570756
1604	-75.38367725082904	1769.545694754
1605	-75.38367725082904	1770.71245978
1606	-75.38367725082904	1772.038724092
1607	-75.38367725082904	1773.113268833
1608	-75.38367725082904	1774.396718173
1609	-75.38367725082904	1775.607428587
1610	-75.38367725082904	1776.770206508
1611	-75.38367725082904	1778.354150095
1612	-75.38367725082904	1779.316406172
1613	-75.38367725082904	1780.45602325
1614	-75.38367725082904	1781.474830922
1615	-75.38367725082904	1782.501142675
1616	-75.38367725082904	1783.758018542
1617	-75.38367725082904	1784.681332426
1618	-75.38367725082904	1786.037021483
1619	-75.38367725082904	1787.17481279
1620	-75.38367725082904	1788.119234522
1621	-75.38367725082904	1789.236218189
1622	-75.38367725082904	1790.312765177
1623	-75.38367725082904	1791.324303119
1624	-75.38367725082904	1792.440280104
1625	-75.38367725082904	1793.747155428
1626	-75.38367725082904	1795.05173856
1627	-75.38367725082904	1796.073786093
1628	-75.38367725082904	1797.051148691
1629	-75.38367725082904	1798.521463651
1630	-75.38367725082904	1799.698407838
1631	-75.38367725082904	1800.891474924
1632	-75.38367725082904	1802.055566009
1633	-75.38367725082904	1803.726192411
1634	-75.38367725082904	1805.08227462
1635	-75.38367725082904	1806.267447039
1636	-75.38367725082904	1807.626341745
1637	-75.38367725082904	1808.710245989
1638	-75.38367725082904	1810.199747517
1639	-75.38367725082904	1811.42784068
1640	-75.38367725082904	1812.269563041
1641	-75.38367725082904	1813.331274921
1642	-75.38367725082904	1814.754582533
1643	-75.38367725082904	1815.76494929
1644	-75.38367725082904	1816.793266141
1645	-75.38367725082904	1817.755330632
1646	-75.38367725082904	1819.007967937
1647	-75.38367725082904	1819.852586899
1648	-75.38367725082904	1820.783645488
1649	-75.38367725082904	1821.81361021
1650	-75.38367725082904	1822.84144667
1651	-75.38367725082904	1823.946608438
1652	-75.38367725082904	1824.84329639
1653	-75.38367725082904	1825.692548206
1654	-75.38367725082904	1826.738390356
1655	-75.38367725082904	1827.829719138
1656	-75.38367725082904	1829.053396409
1657	-75.38367725082904	1830.443067513
1658	-75.38367725082904	1831.850753145
1659	-75.38367725082904	1832.717733819
1660	-75.38367725082904	1833.827748821
1661	-75.38367725082904	1834.987138345
1662	-75.38367725082904	1835.753897726
1663	-75.38367725082904	1837.014356427
1664	-75.38367725082904	1838.097791113
1665	-75.38367725082904	1839.186240114
1666	-75.38367725082904	1840.667406213
1667	-75.38367725082904	1842.313123261
1668	-75.38367725082904	1843.295264968
1669	-75.38367725082904	1844.333748722
1670	-75.38367725082904	1845.392845678
1671	-75.38367725082904	1846.768237902
1672	-75.38367725082904	1847.610050924
1673	-75.38367725082904	1848.667883468
1674	-75.38367725082904	1849.595208404
1675	-75.38367725082904	1850.844309916
1676	-75.38367725082904	1851.994809494
1677	-75.38367725082904	1853.0434573
1678	-75.38367725082904	1854.229235554
1679	-75.38367725082904	1855.308690548
1680	-75.38367725082904	1856.553525843
1681	-75.38367725082904	1857.883938626
1682	-75.38367725082904	1859.210967859
1683	-75.38367725082904	1860.69355831
1684	-75.38367725082904	1862.081331228
1685	-75.38367725082904	1863.07178299
1686	-75.38367725082904	1864.01549283
1687	-75.38367725082904	1865.168018034
1688	-75.38367725082904	1866.369495815
1689	-75.38367725082904	1867.749878976
1690	-75.38367725082904	1869.610025551
1691	-75.38367725082904	1870.522925351
1692	-75.38367725082904	1871.700714286
1693	-75.38367725082904	1872.691338818
1694	-75.38367725082904	1873.613769466
1695	-75.38367725082904	1874.432225497
1696	-75.38367725082904	1875.441600681
1697	-75.38367725082904	1877.080032034
1698	-75.38367725082904	1878.067165532
1699	-75.38367725082904	1879.162869438
1700	-75.38367725082904	1880.436127927
1701	-75.38367725082904	1881.439425378
1702	-75.38367725082904	1882.305209493
1703	-75.38367725082904	1883.19982934
1704	-75.38367725082904	1884.216312888
1705	-75.38367725082904	1885.310616959
1706	-75.38367725082904	1886.528654124
1707	-75.38367725082904	1887.636913773
1708	-75.38367725082904	1888.692268809
1709	-75.38367725082904	1889.519490768
1710	-75.38367725082904	1890.547397648
1711	-75.38367725082904	1891.867403191
1712	-75.38367725082904	1893.282541301
1713	-75.38367725082904	1894.355609515
1714	-75.38367725082904	1895.566895259
1715	-75.38367725082904	1896.615229456
1716	-75.38367725082904	1897.511117421
1717	-75.38367725082904	1898.282564964
1718	-75.38367725082904	1899.0465931
1719	-75.38367725082904	1900.139880224
1720	-75.38367725082904	1901.349586236
1721	-75.38367725082904	1902.427841535
1722	-75.38367725082904	1903.55714403
1723	-75.38367725082904	1904.756738449
1724	-75.38367725082904	1905.963688127
1725	-75.38367725082904	1906.708047878
1726	-75.38367725082904	1907.630908741
1727	-75.38367725082904	1908.895257897
1728	-75.38367725082904	1909.948797425
1729	-75.38367725082904	1911.278306731
1730	-75.38367725082904	1912.494231599
1731	-75.38367725082904	1913.296781693
1732	-75.38367725082904	1914.079701034
1733	-75.38367725082904	1915.313094181
1734	-75.38367725082904	1916.335798011
1735	-75.38367725082904	1917.276171627
1736	-75.38367725082904	1918.197532015
1737	-75.38367725082904	1919.029472927
1738	-75.38367725082904	1919.947344563
1739	-75.38367725082904	1920.859461198
1740	-75.38367725082904	1921.642336634
1741	-75.38367725082904	1922.42574378
1742	-75.38367725082904	1923.451460247
1743	-75.38367725082904	1924.313555186
1744	-75.38367725082904	1925.069045473
1745	-75.38367725082904	1925.998739294
1746	-75.38367725082904	1926.982740414
1747	-75.38367725082904	1928.174602387
1748	-75.38367725082904	1928.971392918
1749	-75.38367725082904	1930.046429168
1750	-75.38367725082904	1931.010642732
1751	-75.38367725082904	1932.025941125
1752	-75.38367725082904	1933.878451333
1753	-75.38367725082904	1934.885009742
1754	-75.38367725082904	1936.16349637
1755	-75.38367725082904	1937.765162828
1756	-75.38367725082904	1939.047847819
1757	-75.38367725082904	1940.280307838
1758	-75.38367725082904	1941.213080439
1759	-75.38367725082904	1942.406304614
1760	-75.38367725082904	1943.484120006
1761	-75.38367725082904	1944.387804564
1762	-75.38367725082904	1945.3908708
1763	-75.38367725082904	1946.424816639
1764	-75.38367725082904	1947.385383221
1765	-75.38367725082904	1948.491693651
1766	-75.38367725082904	1949.394407448
1767	-75.38367725082904	1950.381012944
1768	-75.38367725082904	1951.266408424
1769	-75.38367725082904	1952.248357404
1770	-75.38367725082904	1953.318095952
1771	-75.38367725082904	1954.405647747
1772	-75.38367725082904	1955.391809344
1773	-75.38367725082904	1956.520725245
1774	-75.38367725082904	1957.459905153
1775	-75.38367725082904	1958.366235141
1776	-75.38367725082904	1959.582212468
1777	-75.38367725082904	1960.626425279
1778	-75.38367725082904	1961.723084551
1779	-75.38367725082904	1963.016928872
1780	-75.38367725082904	1963.972823258
1781	-75.38367725082904	1964.873807076
1782	-75.38367725082904	1965.841189226
1783	-75.38367725082904	1966.656514875
1784	-75.38367725082904	1967.667085762
1785	-75.38367725082904	1968.693920101
1786	-75.38367725082904	1969.593094398
1787	-75.38367725082904	1970.549613435
1788	-75.38367725082904	1971.533104228
1789	-75.38367725082904	1972.515825825
1790	-75.38367725082904	1973.703697843
1791	-75.38367725082904	1974.607354176
1792	-75.38367725082904	1975.623682916
1793	-75.38367725082904	1976.608945312
1794	-75.38367725082904	1977.8381515
1795	-75.38367725082904	1979.905057023
1796	-75.38367725082904	1980.861242494
1797	-75.38367725082904	1981.800920184
1798	-75.38367725082904	1982.730869169
1799	-75.38367725082904	1984.105048869
1800	-75.38367725082904	1984.979395066
1801	-75.38367725082904	1986.372265833
1802	-75.38367725082904	1987.407209802
1803	-75.38367725082904	1989.179975356
1804	-75.38367725082904	1990.347215356
1805	-75.38367725082904	1991.665127989
1806	-75.38367725082904	1992.75792674
1807	-75.38367725082904	1994.093764095
1808	-75.38367725082904	1995.10560196
1809	-75.38367725082904	1996.196068604
1810	-75.38367725082904	1997.261249565
1811	-75.38367725082904	1998.579769458
1812	-75.38367725082904	1999.668774686
1813	-75.38367725082904	2000.932323286
1814	-75.38367725082904	2001.94745119
1815	-75.38367725082904	2003.100393778
1816	-75.38367725082904	2004.178163839
1817	-75.38367725082904	2005.074299555
1818	-75.38367725082904	2006.08551277
1819	-75.38367725082904	2006.994659532
1820	-75.38367725082904	2007.956316617
1821	-75.38367725082904	2009.114075662
1822	-75.38367725082904	2010.05514834
1823	-75.38367725082904	2011.29872578
1824	-75.38367725082904	2012.645384339
1825	-75.38367725082904	2013.801937131
1826	-75.38367725082904	2015.080930094
1827	-75.38367725082904	2015.941301612
1828	-75.38367725082904	2016.831399509
1829	-75.38367725082904	2018.018495204
1830	-75.38367725082904	2019.107934352
1831	-75.38367725082904	2020.333473032
1832	-75.38367725082904	2021.137892517
1833	-75.38367725082904	2022.246169842
1834	-75.38367725082904	2023.197421967
1835	-75.38367725082904	2024.297544046
1836	-75.38367725082904	2025.247504104
1837	-75.38367725082904	2026.465746254
1838	-75.38367725082904	2027.509994703
1839	-75.38367725082904	2028.466145677
1840	-75.38367725082904	2029.516477846
1841	-75.38367725082904	2030.810105207
1842	-75.38367725082904	2032.071169458
1843	-75.38367725082904	2033.169905387
1844	-75.38367725082904	2034.405981312
1845	-75.38367725082904	2035.839357182
1846	-75.38367725082904	2036.995319251
1847	-75.38367725082904	2038.011900587
1848	-75.38367725082904	2039.200519564
1849	-75.38367725082904	2040.289629708
1850	-75.38367725082904	2041.226757761
1851	-75.38367725082904	2042.645139154
1852	-75.38367725082904	2043.744769153
1853	-75.38367725082904	2044.772775532
1854	-75.38367725082904	2045.639629052
1855	-75.38367725082904	2046.514375243
1856	-75.38367725082904	2047.681543399
1857	-75.38367725082904	2048.783086124
1858	-75.38367725082904	2049.864452135
1859	-75.38367725082904	2050.974209122
1860	-75.38367725082904	2051.992768188
1861	-75.38367725082904	2052.946548282
1862	-75.38367725082904	2054.247864184
1863	-75.38367725082904	2055.36886261
1864	-75.38367725082904	2056.131270531
1865	-75.38367725082904	2056.992349378
1866	-75.38367725082904	2058.13081922
1867	-75.38367725082904	2059.374601361
1868	-75.38367725082904	2060.57216046
1869	-75.38367725082904	2061.85763343
1870	-75.38367725082904	2063.098430304
1871	-75.38367725082904	2064.009352661
1872	-75.38367725082904	2065.002493188
1873	-75.38367725082904	2066.297594794
1874	-75.38367725082904	2067.356931233
1875	-75.38367725082904	2068.597802517
1876	-75.38367725082904	2069.708759485
1877	-75.38367725082904	2070.55338643
1878	-75.38367725082904	2071.659980819
1879	-75.38367725082904	2072.554496034
1880	-75.38367725082904	2073.875934482
1881	-75.38367725082904	2074.830294182
1882	-75.38367725082904	2075.650059671
1883	-75.38367725082904	2076.477245138
1884	-75.38367725082904	2077.490307787
1885	-75.38367725082904	2078.502001107
1886	-75.38367725082904	2079.407105456
1887	-75.38367725082904	2080.330043295
1888	-75.38367725082904	2081.378409994
1889	-75.38367725082904	2082.422360229
1890	-75.38367725082904	2083.418824151
1891	-75.38367725082904	2084.430458741
1892	-75.38367725082904	2085.255565553
1893	-75.38367725082904	2086.109848219
1894	-75.38367725082904	2087.453525501
1895	-75.38367725082904	2089.018159928
1896	-75.38367725082904	2090.064791516
1897	-75.38367725082904	2091.118939445
1898	-75.38367725082904	2092.985733379
1899	-75.38367725082904	2094.376877303
1900	-75.38367725082904	2095.506174096
1901	-75.38367725082904	2096.584059907
1902	-75.38367725082904	2097.704185647
1903	-75.38367725082904	2099.052915732
1904	-75.38367725082904	2100.186830268
1905	-75.38367725082904	2101.210440711
1906	-75.38367725082904	2102.252950343
1907	-75.38367725082904	2103.328011397
1908	-75.38367725082904	2104.287825889
1909	-75.38367725082904	2105.553462552
1910	-75.38367725082904	2106.687723197
1911	-75.38367725082904	2107.848335224
1912	-75.38367725082904	2108.988690707
1913	-75.38367725082904	2110.293885376
1914	-75.38367725082904	2111.276933696
1915	-75.38367725082904	2112.36482932
1916	-75.38367725082904	2113.74655273
1917	-75.38367725082904	2115.089376712
1918	-75.38367725082904	2116.208447587
1919	-75.38367725082904	2117.22494653
1920	-75.38367725082904	2118.324070764
1921	-75.38367725082904	2119.748467452
1922	-75.38367725082904	2121.071535809
1923	-75.38367725082904	2121.987358441
1924	-75.38367725082904	2123.177137769
1925	-75.38367725082904	2124.427511676
1926	-75.38367725082904	2125.589930373
1927	-75.38367725082904	2126.581118545
1928	-75.38367725082904	2127.815018597
1929	-75.38367725082904	2128.77456196
1930	-75.38367725082904	2129.811351943
1931	-75.38367725082904	2131.21061006
1932	-75.38367725082904	2132.336409548
1933	-75.38367725082904	2133.350336901
1934	-75.38367725082904	2134.522768262
1935	-75.38367725082904	2135.500474974
1936	-75.38367725082904	2136.709843715
1937	-75.38367725082904	2137.913982606
1938	-75.38367725082904	2138.807896548
1939	-75.38367725082904	2139.788447119
1940	-75.38367725082904	2140.793623655
1941	-75.38367725082904	2142.121168631
1942	-75.38367725082904	2142.998768659
1943	-75.38367725082904	2143.916963312
1944	-75.38367725082904	2144.995021893
1945	-75.38367725082904	2145.949989708
1946	-75.38367725082904	2146.68156136
1947	-75.38367725082904	2147.938965799
1948	-75.38367725082904	2148.901889862
1949	-75.38367725082904	2149.989992183
1950	-75.38367725082904	2151.035354227
1951	-75.38367725082904	2152.067034672
1952	-75.38367725082904	2153.059029387
1953	-75.38367725082904	2154.014557992
1954	-75.38367725082904	2154.898100901
1955	-75.38367725082904	2155.848085477
1956	-75.38367725082904	2156.679407155
1957	-75.38367725082904	2157.983789577
1958	-75.38367725082904	2159.251745802
1959	-75.38367725082904	2160.375648528
1960	-75.38367725082904	2161.420346577
1961	-75.38367725082904	2162.336764781
1962	-75.38367725082904	2163.3720694
1963	-75.38367725082904	2164.315743603
1964	-75.38367725082904	2165.114049433
1965	-75.38367725082904	2165.904733151
1966	-75.38367725082904	2166.883310554
1967	-75.38367725082904	2167.760973019
1968	-75.38367725082904	2168.949527278
1969	-75.38367725082904	2169.903985907
1970	-75.38367725082904	2170.87981724
1971	-75.38367725082904	2171.959061832
1972	-75.38367725082904	2173.07119141
1973	-75.38367725082904	2174.184711415
1974	-75.38367725082904	2175.209061974
1975	-75.38367725082904	2176.582609325
1976	-75.38367725082904	2177.640092623
1977	-75.38367725082904	2178.904346557
1978	-75.38367725082904	2180.404525314
1979	-75.38367725082904	2181.466972463
1980	-75.38367725082904	2182.554735517
1981	-75.38367725082904	2183.594785888
1982	-75.38367725082904	2184.590821877
1983	-75.38367725082904	2185.641709702
1984	-75.38367725082904	2186.544144958
1985	-75.38367725082904	2187.553888489
1986	-75.38367725082904	2188.588035893
1987	-75.38367725082904	2189.356953185
1988	-75.38367725082904	2190.360650059
1989	-75.38367725082904	2191.121344537
1990	-75.38367725082904	2192.275464012
1991	-75.38367725082904	2193.397867405
1992	-75.38367725082904	2194.600876735
1993	-75.38367725082904	2195.549163549
1994	-75.38367725082904	2196.652581654
1995	-75.38367725082904	2197.730788486
1996	-75.38367725082904	2198.786474522
1997	-75.38367725082904	2199.712725777
1998	-75.38367725082904	2200.975763765
1999	-75.38367725082904	2202.120973623
2000	-75.38367725082904	2202.971992765
2001	-75.38367725082904	2204.127517777
2002	-75.38367725082904	2204.910668904
2003	-75.38367725082904	2205.77967606
2004	-75.38367725082904	2206.746754295
2005	-75.38367725082904	2207.582747883
2006	-75.38367725082904	2208.391403649
2007	-75.38367725082904	2209.345755366
2008	-75.38367725082904	2210.355073245
2009	-75.38367725082904	2211.300451197
2010	-75.38367725082904	2212.293255593
2011	-75.38367725082904	2213.36308024
2012	-75.38367725082904	2214.461668774
2013	-75.38367725082904	2215.579560196
2014	-75.38367725082904	2216.669730052
2015	-75.38367725082904	2217.555380125
2016	-75.38367725082904	2218.481109079
2017	-75.38367725082904	2219.688317912
2018	-75.38367725082904	2220.733062433
2019	-75.38367725082904	2221.738968821
2020	-75.38367725082904	2222.876715652
2021	-75.38367725082904	2223.873155056
2022	-75.38367725082904	2224.957254876
2023	-75.38367725082904	2225.947316623
2024	-75.38367725082904	2227.393246812
2025	-75.38367725082904	2228.426324811
2026	-75.38367725082904	2229.41155157
2027	-75.38367725082904	2230.481383344
2028	-75.38367725082904	2231.537658679
2029	-75.38367725082904	2233.021929787
2030	-75.38367725082904	2234.421167376
2031	-75.38367725082904	2235.747908944
2032	-75.38367725082904	2236.998739294
2033	-75.38367725082904	2238.552666271
2034	-75.38367725082904	2240.104647735
2035	-75.38367725082904	2244.119435231
2036	-75.38367725082904	2245.263067639
2037	-75.38367725082904	2246.366650245
2038	-75.38367725082904	2247.355744082
2039	-75.38367725082904	2248.48626965
2040	-75.38367725082904	2249.502112296
2041	-75.38367725082904	2250.568824806
2042	-75.38367725082904	2251.825824691
2043	-75.38367725082904	2252.761998519
2044	-75.38367725082904	2253.909307843
2045	-75.38367725082904	2254.816046093
2046	-75.38367725082904	2255.623310577
2047	-75.38367725082904	2256.615377992
2048	-75.38367725082904	2257.2875693
2049	-75.38367725082904	2258.13330699
2050	-75.38367725082904	2258.995390525
2051	-75.38367725082904	2259.717725552
2052	-75.38367725082904	2260.706457028
2053	-75.38367725082904	2261.511990964
2054	-75.38367725082904	2262.61725052
2055	-75.38367725082904	2263.77706142
2056	-75.38367725082904	2265.069971473
2057	-75.38367725082904	2265.904185476
2058	-75.38367725082904	2266.687867171
2059	-75.38367725082904	2267.799678865
2060	-75.38367725082904	2269.069529
2061	-75.38367725082904	2269.976652418
2062	-75.38367725082904	2271.181483528
2063	-75.38367725082904	2272.064733356
2064	-75.38367725082904	2273.031787072
2065	-75.38367725082904	2273.996036274
2066	-75.38367725082904	2274.956569499
2067	-75.38367725082904	2275.974381607
2068	-75.38367725082904	2277.066778653
2069	-75.38367725082904	2278.008871985
2070	-75.38367725082904	2278.851223843
2071	-75.38367725082904	2279.870799285
2072	-75.38367725082904	2281.158591248
2073	-75.38367725082904	2282.242495206
2074	-75.38367725082904	2282.962262349
2075	-75.38367725082904	2284.446055347
2076	-75.38367725082904	2285.499692949
2077	-75.38367725082904	2286.695331909
2078	-75.38367725082904	2287.587779019
2079	-75.38367725082904	2288.524553265
2080	-75.38367725082904	2289.614859113
2081	-75.38367725082904	2290.459811641
2082	-75.38367725082904	2291.273846078
2083	-75.38367725082904	2292.351402885
2084	-75.38367725082904	2293.395312636
2085	-75.38367725082904	2294.814950458
2086	-75.38367725082904	2295.863136689
2087	-75.38367725082904	2296.93325898
2088	-75.38367725082904	2298.027812227
2089	-75.38367725082904	2299.071940364
2090	-75.38367725082904	2299.942491899
2091	-75.38367725082904	2300.834149001
2092	-75.38367725082904	2301.926332793
2093	-75.38367725082904	2303.621710888
2094	-75.38367725082904	2304.468660247
2095	-75.38367725082904	2305.314048692
2096	-75.38367725082904	2306.048668618
2097	-75.38367725082904	2307.012189677
2098	-75.38367725082904	2308.188916334
2099	-75.38367725082904	2309.257584337
2100	-75.38367725082904	2310.680339142
2101	-75.38367725082904	2311.81900171
2102	-75.38367725082904	2312.789755152
2103	-75.38367725082904	2313.901954579
2104	-75.38367725082904	2314.878545415
2105	-75.38367725082904	2315.878126035
2106	-75.38367725082904	2316.874903851
2107	-75.38367725082904	2317.966041331
2108	-75.38367725082904	2319.191642448
2109	-75.38367725082904	2320.064285751
2110	-75.38367725082904	2321.217265402
2111	-75.38367725082904	2322.520309001
2112	-75.38367725082904	2323.737884306
2113	-75.38367725082904	2324.860134601
2114	-75.38367725082904	2325.945778516
2115	-75.38367725082904	2327.180335436
2116	-75.38367725082904	2328.102695665
2117	-75.38367725082904	2329.476214791
2118	-75.38367725082904	2330.610342865
2119	-75.38367725082904	2331.313935222
2120	-75.38367725082904	2332.490422111
2121	-75.38367725082904	2333.546878484
2122	-75.38367725082904	2334.574665052
2123	-75.38367725082904	2335.78628322
2124	-75.38367725082904	2336.720571976
2125	-75.38367725082904	2337.732469998
2126	-75.38367725082904	2339.081977832
2127	-75.38367725082904	2340.039753013
2128	-75.38367725082904	2341.254308268
2129	-75.38367725082904	2342.483628781
2130	-75.38367725082904	2343.440258721
2131	-75.38367725082904	2344.455955967
2132	-75.38367725082904	2345.447414127
2133	-75.38367725082904	2346.714258467
2134	-75.38367725082904	2347.961201782
2135	-75.38367725082904	2348.993292769
2136	-75.38367725082904	2350.169994053
2137	-75.38367725082904	2351.194990931
2138	-75.38367725082904	2352.273205461
2139	-75.38367725082904	2353.327458591
2140	-75.38367725082904	2354.603649605
2141	-75.38367725082904	2355.863669539
2142	-75.38367725082904	2357.004914245
2143	-75.38367725082904	2357.866787663
2144	-75.38367725082904	2358.929397604
2145	-75.38367725082904	2360.172273702
2146	-75.38367725082904	2361.337006544
2147	-75.38367725082904	2362.360829101
2148	-75.38367725082904	2363.375121096
2149	-75.38367725082904	2364.339844986
2150	-75.38367725082904	2365.631718421
2151	-75.38367725082904	2366.693999928
2152	-75.38367725082904	2367.58265038
2153	-75.38367725082904	2368.466574466
2154	-75.38367725082904	2369.676553317
2155	-75.38367725082904	2370.760206674
2156	-75.38367725082904	2371.801337854
2157	-75.38367725082904	2372.686697127
2158	-75.38367725082904	2373.726541086
2159	-75.38367725082904	2374.660571828
2160	-75.38367725082904	2375.412562529
2161	-75.38367725082904	2376.084196184
2162	-75.38367725082904	2376.940670119
2163	-75.38367725082904	2377.743102466
2164	-75.38367725082904	2378.945989489
2165	-75.38367725082904	2379.774536872
2166	-75.38367725082904	2380.72585799
2167	-75.38367725082904	2381.672226375
2168	-75.38367725082904	2382.733593571
2169	-75.38367725082904	2383.545295901
2170	-75.38367725082904	2384.51571036
2171	-75.38367725082904	2385.430712194
2172	-75.38367725082904	2386.945850646
2173	-75.38367725082904	2387.853208415
2174	-75.38367725082904	2389.136313926
2175	-75.38367725082904	2390.354996838
2176	-75.38367725082904	2391.389175033
2177	-75.38367725082904	2392.614495897
2178	-75.38367725082904	2393.765084997
2179	-75.38367725082904	2394.778363465
2180	-75.38367725082904	2396.072770286
2181	-75.38367725082904	2396.955490401
2182	-75.38367725082904	2398.331015481
2183	-75.38367725082904	2399.530524656
2184	-75.38367725082904	2400.572727807
2185	-75.38367725082904	2401.655296648
2186	-75.38367725082904	2403.097442437
2187	-75.38367725082904	2403.966215242
2188	-75.38367725082904	2404.835549975
2189	-75.38367725082904	2405.939315615
2190	-75.38367725082904	2407.4688276
2191	-75.38367725082904	2408.894650352
2192	-75.38367725082904	2410.20461244
2193	-75.38367725082904	2411.191953205
2194	-75.38367725082904	2412.155755087
2195	-75.38367725082904	2413.101985484
2196	-75.38367725082904	2414.580878206
2197	-75.38367725082904	2415.541589334
2198	-75.38367725082904	2416.528160903
2199	-75.38367725082904	2417.522454369
2200	-75.38367725082904	2418.319112899
2201	-75.38367725082904	2419.539985939
2202	-75.38367725082904	2420.673865407
2203	-75.38367725082904	2421.801791731
2204	-75.38367725082904	2422.882401374
2205	-75.38367725082904	2424.389592702
2206	-75.38367725082904	2425.297399501
2207	-75.38367725082904	2426.147894062
2208	-75.38367725082904	2427.202270925
2209	-75.38367725082904	2428.41330065
2210	-75.38367725082904	2429.547612042
2211	-75.38367725082904	2430.551909049
2212	-75.38367725082904	2431.683733526
2213	-75.38367725082904	2432.818666434
2214	-75.38367725082904	2433.827619957
2215	-75.38367725082904	2435.193788955
2216	-75.38367725082904	2436.509035346
2217	-75.38367725082904	2437.766645341
2218	-75.38367725082904	2438.849160299
2219	-75.38367725082904	2439.915520142
2220	-75.38367725082904	2440.904868287
2221	-75.38367725082904	2442.189216828
2222	-75.38367725082904	2443.067902512
2223	-75.38367725082904	2443.967717996
2224	-75.38367725082904	2444.836663
2225	-75.38367725082904	2446.111472996
2226	-75.38367725082904	2447.171581197
2227	-75.38367725082904	2448.365441997
2228	-75.38367725082904	2449.733181889
2229	-75.38367725082904	2450.612415247
2230	-75.38367725082904	2451.663770635
2231	-75.38367725082904	2452.712665336
2232	-75.38367725082904	2453.864967878
2233	-75.38367725082904	2454.841654222
2234	-75.38367725082904	2455.91020733
2235	-75.38367725082904	2457.295231896
2236	-75.38367725082904	2458.14936118
2237	-75.38367725082904	2459.305314695
2238	-75.38367725082904	2460.267577614
2239	-75.38367725082904	2461.361970351
2240	-75.38367725082904	2462.148723984
2241	-75.38367725082904	2463.124411628
2242	-75.38367725082904	2464.224778037
2243	-75.38367725082904	2465.576519619
2244	-75.38367725082904	2467.023647791
2245	-75.38367725082904	2467.819501488
2246	-75.38367725082904	2468.686653507
2247	-75.38367725082904	2469.546338222
2248	-75.38367725082904	2470.445924772
2249	-75.38367725082904	2471.628650759
2250	-75.38367725082904	2472.685589518
2251	-75.38367725082904	2473.761025762
2252	-75.38367725082904	2474.9845659
2253	-75.38367725082904	2476.114392691
2254	-75.38367725082904	2477.34856986
2255	-75.38367725082904	2478.675208222
2256	-75.38367725082904	2479.734738528
2257	-75.38367725082904	2480.6641903
2258	-75.38367725082904	2481.567905648
2259	-75.38367725082904	2482.763851375
2260	-75.38367725082904	2483.804530388
2261	-75.38367725082904	2484.857180694
2262	-75.38367725082904	2485.947218834
2263	-75.38367725082904	2487.103808405
2264	-75.38367725082904	2487.908292892
2265	-75.38367725082904	2488.786862826
2266	-75.38367725082904	2489.950711863
2267	-75.38367725082904	2491.170256629
2268	-75.38367725082904	2492.186446525
2269	-75.38367725082904	2493.350652505
2270	-75.38367725082904	2494.221028704
2271	-75.38367725082904	2495.135251648
2272	-75.38367725082904	2495.981954397
2273	-75.38367725082904	2496.979468052
2274	-75.38367725082904	2498.007659745
2275	-75.38367725082904	2499.222194758
2276	-75.38367725082904	2500.451528385
2277	-75.38367725082904	2501.585789316
2278	-75.38367725082904	2502.763774683
2279	-75.38367725082904	2503.723921885
2280	-75.38367725082904	2504.706309347
2281	-75.38367725082904	2505.724969338
2282	-75.38367725082904	2506.553743944
2283	-75.38367725082904	2507.651983517
2284	-75.38367725082904	2508.833022861
2285	-75.38367725082904	2509.941590702
2286	-75.38367725082904	2511.118263476
2287	-75.38367725082904	2511.97748291
2288	-75.38367725082904	2513.194535058
2289	-75.38367725082904	2514.038221464
2290	-75.38367725082904	2514.888063433
2291	-75.38367725082904	2515.753817898
2292	-75.38367725082904	2516.828574752
2293	-75.38367725082904	2518.334412432
2294	-75.38367725082904	2519.414916019
2295	-75.38367725082904	2520.336934414
2296	-75.38367725082904	2521.387282548
2297	-75.38367725082904	2522.646047193
2298	-75.38367725082904	2524.028478218
2299	-75.38367725082904	2525.491005993
2300	-75.38367725082904	2526.477971569
2301	-75.38367725082904	2527.551339992
2302	-75.38367725082904	2528.64812043
2303	-75.38367725082904	2530.245402642
2304	-75.38367725082904	2531.351068464
2305	-75.38367725082904	2532.297831996
2306	-75.38367725082904	2533.491266288
2307	-75.38367725082904	2534.481448062
2308	-75.38367725082904	2535.416675077
2309	-75.38367725082904	2536.474239057
2310	-75.38367725082904	2537.465311194
2311	-75.38367725082904	2538.423802258
2312	-75.38367725082904	2539.469141209
2313	-75.38367725082904	2540.523167685
2314	-75.38367725082904	2541.823949027
2315	-75.38367725082904	2542.793601702
2316	-75.38367725082904	2543.932473533
2317	-75.38367725082904	2545.035907033
2318	-75.38367725082904	2546.158838428
2319	-75.38367725082904	2547.378181344
2320	-75.38367725082904	2548.174154212
2321	-75.38367725082904	2549.322865652
2322	-75.38367725082904	2550.371148246
2323	-75.38367725082904	2551.336263862
2324	-75.38367725082904	2552.505615588
2325	-75.38367725082904	2553.663996718
2326	-75.38367725082904	2554.859818141
2327	-75.38367725082904	2555.914336983
2328	-75.38367725082904	2557.457089519
2329	-75.38367725082904	2558.412455902
2330	-75.38367725082904	2559.630612523
2331	-75.38367725082904	2560.749696798
2332	-75.38367725082904	2561.866756302
2333	-75.38367725082904	2562.845562924
2334	-75.38367725082904	2563.643804322
2335	-75.38367725082904	2564.427229144
2336	-75.38367725082904	2565.376626131
2337	-75.38367725082904	2566.231593605
2338	-75.38367725082904	2567.297744186
2339	-75.38367725082904	2568.107558592
2340	-75.38367725082904	2568.939135148
2341	-75.38367725082904	2570.484799681
2342	-75.38367725082904	2571.635022429
2343	-75.38367725082904	2572.915182016
2344	-75.38367725082904	2573.712940456
2345	-75.38367725082904	2574.799426268
2346	-75.38367725082904	2575.947705783
2347	-75.38367725082904	2577.033231382
2348	-75.38367725082904	2578.168205059
2349	-75.38367725082904	2579.107138642
2350	-75.38367725082904	2580.190148816
2351	-75.38367725082904	2581.489823119
2352	-75.38367725082904	2582.401298567
2353	-75.38367725082904	2583.704178805
2354	-75.38367725082904	2584.774547705
2355	-75.38367725082904	2585.803317294
2356	-75.38367725082904	2586.782372237
2357	-75.38367725082904	2587.714334873
2358	-75.38367725082904	2588.729079034
2359	-75.38367725082904	2589.568975053
2360	-75.38367725082904	2590.449672393
2361	-75.38367725082904	2591.476884773
2362	-75.38367725082904	2592.408660384
2363	-75.38367725082904	2593.383755023
2364	-75.38367725082904	2594.468300453
2365	-75.38367725082904	2595.302519303
2366	-75.38367725082904	2596.406767044
2367	-75.38367725082904	2597.271474057
2368	-75.38367725082904	2598.202228445
2369	-75.38367725082904	2599.259770473
2370	-75.38367725082904	2600.307978086
2371	-75.38367725082904	2601.247661478
2372	-75.38367725082904	2602.241680109
2373	-75.38367725082904	2603.211846533
2374	-75.38367725082904	2603.762703568
2375	-75.38367725082904	2604.576314348
2376	-75.38367725082904	2605.662886829
2377	-75.38367725082904	2606.957948807
2378	-75.38367725082904	2607.865164026
2379	-75.38367725082904	2608.87543727
2380	-75.38367725082904	2609.903484134
2381	-75.38367725082904	2611.057715083
2382	-75.38367725082904	2612.200756196
2383	-75.38367725082904	2613.209783274
2384	-75.38367725082904	2614.075925188
2385	-75.38367725082904	2614.967777297
2386	-75.38367725082904	2616.371286804
2387	-75.38367725082904	2617.39809748
2388	-75.38367725082904	2618.689018115
2389	-75.38367725082904	2619.811642174
2390	-75.38367725082904	2620.743658694
2391	-75.38367725082904	2621.517888799
2392	-75.38367725082904	2622.47613981
2393	-75.38367725082904	2623.601630821
2394	-75.38367725082904	2624.7056961
2395	-75.38367725082904	2626.123093332
2396	-75.38367725082904	2627.323959005
2397	-75.38367725082904	2628.439362941
2398	-75.38367725082904	2629.436444957
2399	-75.38367725082904	2630.598520965
2400	-75.38367725082904	2631.603248471
2401	-75.38367725082904	2632.754138064
2402	-75.38367725082904	2633.605048869
2403	-75.38367725082904	2634.439176772
2404	-75.38367725082904	2635.769044446
2405	-75.38367725082904	2636.703446386
2406	-75.38367725082904	2637.948912605
2407	-75.38367725082904	2639.290075603
2408	-75.38367725082904	2640.320668682
2409	-75.38367725082904	2641.580142367
2410	-75.38367725082904	2642.458870816
2411	-75.38367725082904	2643.483359078
2412	-75.38367725082904	2644.517889369
2413	-75.38367725082904	2645.635012165
2414	-75.38367725082904	2647.016027675
2415	-75.38367725082904	2648.943300439
2416	-75.38367725082904	2650.022463777
2417	-75.38367725082904	2651.071030329
2418	-75.38367725082904	2652.002301886
2419	-75.38367725082904	2653.002410509
2420	-75.38367725082904	2654.466078109
2421	-75.38367725082904	2655.589426034
2422	-75.38367725082904	2656.858255801
2423	-75.38367725082904	2657.959413358
2424	-75.38367725082904	2659.018611524
2425	-75.38367725082904	2660.229088158
2426	-75.38367725082904	2661.363607957
2427	-75.38367725082904	2662.272329068
2428	-75.38367725082904	2663.280505412
2429	-75.38367725082904	2664.425925673
2430	-75.38367725082904	2665.242467266
2431	-75.38367725082904	2666.048470189
2432	-75.38367725082904	2666.987811748
2433	-75.38367725082904	2668.193419467
2434	-75.38367725082904	2669.37860101
2435	-75.38367725082904	2670.301906341
2436	-75.38367725082904	2671.219992941
2437	-75.38367725082904	2672.19903363
2438	-75.38367725082904	2673.014730761
2439	-75.38367725082904	2673.780919945
2440	-75.38367725082904	2674.613293921
2441	-75.38367725082904	2675.565158438
2442	-75.38367725082904	2676.553751356
2443	-75.38367725082904	2677.697520896
2444	-75.38367725082904	2679.206427378
2445	-75.38367725082904	2680.274969081
2446	-75.38367725082904	2681.447615121
2447	-75.38367725082904	2683.391328668
2448	-75.38367725082904	2684.606667089
2449	-75.38367725082904	2685.559921746
2450	-75.38367725082904	2686.515560398
2451	-75.38367725082904	2687.674512011
2452	-75.38367725082904	2688.904318902
2453	-75.38367725082904	2690.031454077
2454	-75.38367725082904	2691.008179195
2455	-75.38367725082904	2692.407180437
2456	-75.38367725082904	2693.493334109
2457	-75.38367725082904	2694.630066844
2458	-75.38367725082904	2695.757117345
2459	-75.38367725082904	2696.843501661
2460	-75.38367725082904	2698.398045592
2461	-75.38367725082904	2699.543773759
2462	-75.38367725082904	2700.809435795
2463	-75.38367725082904	2701.870808694
2464	-75.38367725082904	2703.239631105
2465	-75.38367725082904	2704.304008943
2466	-75.38367725082904	2705.370978327
2467	-75.38367725082904	2706.349752164
2468	-75.38367725082904	2707.33815093
2469	-75.38367725082904	2708.50536071
2470	-75.38367725082904	2709.485753906
2471	-75.38367725082904	2710.410746736
2472	-75.38367725082904	2711.441678798
2473	-75.38367725082904	2712.407443583
2474	-75.38367725082904	2713.413704349
2475	-75.38367725082904	2714.633215474
2476	-75.38367725082904	2715.588670237
2477	-75.38367725082904	2716.731746702
2478	-75.38367725082904	2717.990348556
2479	-75.38367725082904	2719.347290622
2480	-75.38367725082904	2720.397629063
2481	-75.38367725082904	2721.291063469
2482	-75.38367725082904	2722.190779739
2483	-75.38367725082904	2723.183009376
2484	-75.38367725082904	2724.388753372
2485	-75.38367725082904	2725.513827854
2486	-75.38367725082904	2726.507423398
2487	-75.38367725082904	2727.620026241
2488	-75.38367725082904	2728.594496798
2489	-75.38367725082904	2729.460045422
2490	-75.38367725082904	2730.516733009
2491	-75.38367725082904	2731.47603803
2492	-75.38367725082904	2732.419311669
2493	-75.38367725082904	2733.354409535
2494	-75.38367725082904	2734.588485779
2495	-75.38367725082904	2735.410214457
2496	-75.38367725082904	2736.360006306
2497	-75.38367725082904	2737.442978847
2498	-75.38367725082904	2738.721938169
2499	-75.38367725082904	2739.783504934
2500	-75.38367725082904	2740.819088095
2501	-75.38367725082904	2742.010106176
