1	-206.042860223829	12.790918614
2	-205.72871668324626	27.498944562
3	-205.81594770596257	38.348542059
4	-206.14560712288903	49.115780597
5	-206.14560712288903	59.437487385
6	-206.14560712288903	70.327679622
7	-206.14560712288903	81.681039861
8	-206.14560712288903	90.360533057
9	-206.14560712288903	102.603665296
10	-206.14560712288903	115.62534882
11	-206.14560712288903	129.539052068
12	-206.14560712288903	143.411681893
13	-206.14560712288903	154.698491368
14	-206.14560712288903	165.346865389
15	-206.14560712288903	173.731833179
16	-206.14560712288903	187.008184921
17	-206.14560712288903	198.248499237
18	-206.14560712288903	211.64353902
19	-206.14560712288903	222.15657063
20	-206.14560712288903	232.66759343
21	-206.14560712288903	242.954441109
22	-206.14560712288903	254.41918286
23	-206.33084737580597	264.668071257
24	-206.33084737580597	274.913244523
25	-206.33084737580597	285.50557398
26	-206.33084737580597	296.320253921
27	-206.33084737580597	307.084484946
28	-206.33084737580597	318.931240571
29	-206.33084737580597	329.886640183
30	-206.33084737580597	340.283964183
31	-206.33084737580597	351.52674689
32	-206.33084737580597	363.31858723
33	-206.6869064121008	374.994390669
34	-206.6869064121008	387.9195418
35	-206.6869064121008	398.969935693
36	-206.6869064121008	413.099371698
37	-206.6869064121008	425.137745514
38	-206.6869064121008	437.871556712
39	-206.6869064121008	449.322753103
40	-206.6869064121008	460.449476672
41	-206.6869064121008	472.125769056
42	-206.6869064121008	483.520581045
43	-206.6869064121008	494.267362557
44	-206.6869064121008	503.992352208
45	-206.6869064121008	515.578812892
46	-206.6869064121008	526.615197284
47	-206.6869064121008	539.45501815
48	-206.6869064121008	551.206695675
49	-206.6869064121008	561.336056129
50	-206.6869064121008	571.202880474
51	-206.6869064121008	581.502624056
52	-206.6869064121008	592.862354557
53	-206.6869064121008	604.373391327
54	-206.6869064121008	615.261829917
55	-206.6869064121008	626.054215367
56	-206.6869064121008	635.945459336
57	-206.6869064121008	649.046892017
58	-206.6869064121008	657.959813808
59	-206.6869064121008	671.391103415
60	-206.6869064121008	681.398836453
61	-206.6869064121008	693.628300739
62	-206.6869064121008	703.753843996
63	-206.6869064121008	715.768431965
64	-206.6869064121008	726.715110955
65	-206.6869064121008	736.207490247
66	-206.6869064121008	746.286484177
67	-206.6869064121008	757.203751168
68	-206.6869064121008	770.492617635
69	-206.6869064121008	783.791907339
70	-206.6869064121008	796.062655166
71	-206.6869064121008	805.912667482
72	-206.6869064121008	816.571149419
73	-206.6869064121008	827.808837399
74	-206.6869064121008	839.43409128
75	-206.6869064121008	852.970953784
76	-206.6869064121008	867.177321879
77	-206.6869064121008	876.464727497
78	-206.6869064121008	888.762263838
79	-206.6869064121008	899.940584135
80	-206.6869064121008	912.805904581
81	-206.6869064121008	922.264067663
82	-206.6869064121008	934.896151671
83	-206.6869064121008	945.683631415
84	-206.6869064121008	957.140498434
85	-206.6869064121008	968.678748517
86	-206.6869064121008	979.479666993
87	-206.6869064121008	989.095569897
88	-206.6869064121008	1001.370421446
89	-206.6869064121008	1011.151799491
90	-206.6869064121008	1022.883556548
91	-206.6869064121008	1038.070657337
92	-206.6869064121008	1052.199397984
93	-206.6869064121008	1063.407978166
94	-206.6869064121008	1076.688986723
95	-206.6869064121008	1088.274922254
96	-206.6869064121008	1097.230111463
97	-206.6869064121008	1108.108934219
98	-206.6869064121008	1120.317492733
99	-206.6869064121008	1129.68467944
100	-206.6869064121008	1141.730027929
101	-206.6869064121008	1156.219618093
102	-206.6869064121008	1167.769359964
103	-206.6869064121008	1180.490511891
104	-206.6869064121008	1192.165045497
105	-206.6869064121008	1204.306429449
106	-206.6869064121008	1217.945969949
107	-206.6869064121008	1228.224965133
108	-206.6869064121008	1241.632376806
109	-206.6869064121008	1251.399900729
110	-206.6869064121008	1263.427772621
111	-206.6869064121008	1273.930648704
112	-206.6869064121008	1286.163194346
113	-206.6869064121008	1298.648053284
114	-206.6869064121008	1311.23490598
115	-206.6869064121008	1319.259536862
116	-206.6869064121008	1329.984584103
117	-206.6869064121008	1341.568105412
118	-206.6869064121008	1353.68040808
119	-206.6869064121008	1364.871639676
120	-206.6869064121008	1376.962256255
121	-206.6869064121008	1388.526145045
122	-206.6869064121008	1401.825252285
123	-206.6869064121008	1413.379613337
124	-206.6869064121008	1423.556060245
125	-206.6869064121008	1434.282885081
126	-206.6869064121008	1445.347034168
127	-206.6869064121008	1456.184898967
128	-206.6869064121008	1466.515862649
129	-206.6869064121008	1477.478910624
130	-206.6869064121008	1487.981422065
131	-206.6869064121008	1498.495041836
132	-206.6869064121008	1510.356726979
133	-206.6869064121008	1521.354741546
134	-206.6869064121008	1530.212433301
135	-206.6869064121008	1541.1441842
136	-206.6869064121008	1549.853603715
137	-206.6869064121008	1558.453224589
138	-206.6869064121008	1570.524008225
139	-206.6869064121008	1582.192574699
140	-206.6869064121008	1593.838178694
141	-206.6869064121008	1604.564871814
142	-206.6869064121008	1615.851595759
143	-206.6869064121008	1626.271561216
144	-206.6869064121008	1638.086519415
145	-206.6869064121008	1648.539505376
146	-206.6869064121008	1657.870167992
147	-206.6869064121008	1666.487159977
148	-206.6869064121008	1677.346836594
149	-206.6869064121008	1686.866197412
150	-206.6869064121008	1696.59550746
151	-206.6869064121008	1705.764769007
152	-206.6869064121008	1714.497185499
153	-206.6869064121008	1723.795698876
154	-206.6869064121008	1732.526722372
155	-206.6869064121008	1744.143085141
156	-206.6869064121008	1754.2619967
157	-206.6869064121008	1764.311651616
158	-206.6869064121008	1774.943828852
159	-206.6869064121008	1786.498261749
160	-206.6869064121008	1796.691437438
161	-206.6869064121008	1807.905169937
162	-206.6869064121008	1817.689788708
163	-206.6869064121008	1827.144368089
164	-206.6869064121008	1838.223604923
165	-206.6869064121008	1847.542281674
166	-206.6869064121008	1857.628665667
167	-206.6869064121008	1866.79838936
168	-206.6869064121008	1877.382289851
169	-206.6869064121008	1888.201765165
170	-206.6869064121008	1899.43635611
171	-206.6869064121008	1909.560954833
172	-206.6869064121008	1919.288335043
173	-206.6869064121008	1928.670814199
174	-206.6869064121008	1939.366125853
175	-206.6869064121008	1948.802396432
176	-206.6869064121008	1959.831291547
177	-206.6869064121008	1968.592259893
178	-206.6869064121008	1980.08366785
179	-206.6869064121008	1990.5134011
180	-206.6869064121008	2000.559860051
181	-206.6869064121008	2011.131112105
182	-206.6869064121008	2023.190117997
183	-206.6869064121008	2033.214667911
184	-206.6869064121008	2042.539077156
185	-206.6869064121008	2052.646330714
186	-206.6869064121008	2061.786148045
187	-206.6869064121008	2071.118995378
188	-206.6869064121008	2080.215638389
189	-206.6869064121008	2091.083800707
190	-206.6869064121008	2101.263198394
191	-206.6869064121008	2111.156842045
192	-206.6869064121008	2122.28557528
193	-206.6869064121008	2135.109775832
194	-206.6869064121008	2143.946173225
195	-206.6869064121008	2155.174036963
196	-206.6869064121008	2164.524722399
197	-206.6869064121008	2176.583113617
198	-206.6869064121008	2185.007742446
199	-206.6869064121008	2195.226490985
200	-206.6869064121008	2204.341705659
201	-206.6869064121008	2214.3532328
202	-206.6869064121008	2224.685062044
203	-206.6869064121008	2235.998004019
204	-206.6869064121008	2244.644956249
205	-206.6869064121008	2254.305258831
206	-206.6869064121008	2264.447046769
207	-206.6869064121008	2276.99873815
208	-206.6869064121008	2287.969059583
209	-206.6869064121008	2300.219269416
210	-206.6869064121008	2311.473496015
211	-206.6869064121008	2322.761496351
212	-206.6869064121008	2335.28461478
213	-206.6869064121008	2347.091577079
214	-206.6869064121008	2362.001256434
215	-206.6869064121008	2372.642547729
216	-206.6869064121008	2383.142470467
217	-206.6869064121008	2393.478994728
218	-206.6869064121008	2402.857786694
219	-206.6869064121008	2413.643187207
220	-206.6869064121008	2425.977071733
221	-206.6869064121008	2434.882708092
222	-206.6869064121008	2446.39705116
223	-206.6869064121008	2457.658272389
224	-206.6869064121008	2468.877854559
225	-206.6869064121008	2480.840011883
226	-206.6869064121008	2492.891500844
227	-206.6869064121008	2502.94476911
228	-206.6869064121008	2514.813056586
229	-206.6869064121008	2523.951728672
230	-206.6869064121008	2537.771302061
231	-206.6869064121008	2546.583260443
232	-206.6869064121008	2556.424112229
233	-206.6869064121008	2568.315365891
234	-206.6869064121008	2581.002602103
235	-206.6869064121008	2590.825635174
236	-206.6869064121008	2604.788508383
237	-206.6869064121008	2614.13208743
238	-206.6869064121008	2625.716559831
239	-206.6869064121008	2636.092454615
240	-206.6869064121008	2647.229804126
241	-206.6869064121008	2661.820913927
242	-206.6869064121008	2673.192050401
243	-206.6869064121008	2684.193550025
244	-206.6869064121008	2694.362088844
245	-206.6869064121008	2707.147646733
246	-206.6869064121008	2719.329440111
247	-206.6869064121008	2732.148629756
248	-206.6869064121008	2747.533766894
249	-206.6869064121008	2759.305575006
250	-206.6869064121008	2773.584523434
251	-206.6869064121008	2784.549431398
252	-206.6869064121008	2795.070616853
253	-206.6869064121008	2807.971586989
254	-206.6869064121008	2817.921933499
255	-206.6869064121008	2829.8674222
256	-206.6869064121008	2838.693811746
257	-206.6869064121008	2849.894426249
258	-206.6869064121008	2859.423853074
259	-206.6869064121008	2871.272585864
260	-206.6869064121008	2884.461840295
261	-206.6869064121008	2896.539915064
262	-206.6869064121008	2906.920182989
263	-206.6869064121008	2919.444179809
264	-206.6869064121008	2931.91310454
265	-206.6869064121008	2942.912693996
266	-206.6869064121008	2955.159189839
267	-206.6869064121008	2964.594411538
268	-206.6869064121008	2975.824830908
269	-206.6869064121008	2988.695551423
270	-206.6869064121008	2999.811356538
271	-206.6869064121008	3010.675270303
272	-206.6869064121008	3022.844957504
273	-206.6869064121008	3034.066421615
274	-206.6869064121008	3044.529274582
275	-206.6869064121008	3057.761604403
276	-206.6869064121008	3070.449579593
277	-206.6869064121008	3082.325767175
278	-206.6869064121008	3094.599056663
279	-206.6869064121008	3105.6129507
280	-206.6869064121008	3116.618299736
281	-206.6869064121008	3128.226386639
282	-206.6869064121008	3141.729926719
283	-206.6869064121008	3153.001870823
284	-206.6869064121008	3165.03766848
285	-206.6869064121008	3175.543158355
286	-206.6869064121008	3188.949143391
287	-206.6869064121008	3201.87995232
288	-206.6869064121008	3213.740059153
289	-206.6869064121008	3228.013947921
290	-206.6869064121008	3240.885272846
291	-206.6869064121008	3252.601823554
292	-206.6869064121008	3264.002707875
293	-206.6869064121008	3275.915741995
294	-206.6869064121008	3287.211716561
295	-206.6869064121008	3298.660456821
296	-206.6869064121008	3309.753847418
297	-206.6869064121008	3319.663927051
298	-206.6869064121008	3330.978219543
299	-206.6869064121008	3342.700449716
300	-206.6869064121008	3354.864820952
301	-206.6869064121008	3366.400446694
302	-206.6869064121008	3378.832421396
303	-206.6869064121008	3390.730313028
304	-206.6869064121008	3402.758819837
305	-206.6869064121008	3414.552085104
306	-206.6869064121008	3427.32088
307	-206.6869064121008	3436.901884451
308	-206.6869064121008	3448.185619698
309	-206.6869064121008	3460.973261949
310	-206.6869064121008	3473.170936792
311	-206.6869064121008	3484.736822419
312	-206.6869064121008	3495.484268783
313	-206.6869064121008	3505.793346521
314	-206.6869064121008	3517.979772765
315	-206.6869064121008	3527.80886933
316	-206.6869064121008	3539.085035473
317	-206.6869064121008	3551.95864376
318	-206.6869064121008	3563.220473391
319	-206.6869064121008	3573.505478757
320	-206.6869064121008	3584.497326053
321	-206.6869064121008	3594.353272429
322	-206.6869064121008	3605.329736899
323	-206.6869064121008	3615.115656579
324	-206.6869064121008	3627.138096186
325	-206.6869064121008	3640.321536014
326	-206.6869064121008	3649.849846959
327	-206.6869064121008	3662.567036859
328	-206.6869064121008	3672.731371603
329	-206.6869064121008	3683.507182796
330	-206.6869064121008	3694.024568445
331	-206.6869064121008	3701.715040821
332	-206.6869064121008	3712.355936113
333	-206.6869064121008	3722.663691844
334	-206.6869064121008	3735.529204448
335	-206.6869064121008	3745.921031445
336	-206.6869064121008	3755.320872017
337	-206.6869064121008	3764.886571474
338	-206.6869064121008	3774.706995315
339	-206.6869064121008	3787.064649437
340	-206.6869064121008	3796.986802462
341	-206.6869064121008	3807.728872136
342	-206.6869064121008	3818.503742501
343	-206.6869064121008	3830.427190733
344	-206.6869064121008	3841.702500722
345	-206.6869064121008	3854.958852167
346	-206.6869064121008	3865.807306985
347	-206.6869064121008	3875.784587695
348	-206.6869064121008	3886.38066735
349	-206.6869064121008	3897.455754847
350	-206.6869064121008	3905.445834241
351	-206.6869064121008	3917.827278202
352	-206.6869064121008	3929.187987449
353	-206.6869064121008	3939.424190061
354	-206.6869064121008	3947.159361754
355	-206.6869064121008	3959.337279205
356	-206.6869064121008	3973.138085923
357	-206.6869064121008	3984.814038183
358	-206.6869064121008	3997.570329473
359	-206.6869064121008	4008.680510716
360	-206.6869064121008	4020.146439051
361	-206.6869064121008	4031.70976306
362	-206.6869064121008	4042.973226311
363	-206.6869064121008	4055.26198102
364	-206.6869064121008	4066.200284359
365	-206.6869064121008	4077.476136321
366	-206.6869064121008	4087.097678493
367	-206.6869064121008	4097.667528143
368	-206.6869064121008	4110.110550448
369	-206.6869064121008	4120.019757677
370	-206.6869064121008	4132.819819145
371	-206.6869064121008	4145.80779308
372	-206.6869064121008	4156.207336294
373	-206.6869064121008	4169.473762583
374	-206.6869064121008	4179.202369006
375	-206.6869064121008	4189.657275396
376	-206.6869064121008	4199.640790946
377	-206.6869064121008	4207.743900013
378	-206.6869064121008	4219.90211082
379	-206.6869064121008	4232.446684693
380	-206.6869064121008	4245.916063017
381	-206.6869064121008	4254.521008979
382	-206.6869064121008	4264.794669382
383	-206.6869064121008	4275.796705847
384	-206.6869064121008	4285.953639694
385	-206.6869064121008	4295.414570806
386	-206.6869064121008	4306.379923525
387	-206.6869064121008	4316.816080636
388	-206.6869064121008	4327.128992106
389	-206.6869064121008	4336.066890318
390	-206.6869064121008	4346.047281178
391	-206.6869064121008	4356.687038068
392	-206.6869064121008	4366.757928046
393	-206.6869064121008	4378.253034599
394	-206.6869064121008	4387.977151846
395	-206.6869064121008	4398.079346313
396	-206.6869064121008	4410.339535482
397	-206.6869064121008	4422.486318933
398	-206.6869064121008	4434.961596535
399	-206.6869064121008	4446.401357017
400	-206.6869064121008	4456.794672233
401	-206.6869064121008	4468.331759395
402	-206.6869064121008	4481.991443596
403	-206.6869064121008	4492.979460581
404	-206.6869064121008	4503.791134434
405	-206.6869064121008	4513.328142908
406	-206.6869064121008	4525.583516463
407	-206.6869064121008	4534.92443097
408	-206.6869064121008	4545.351055211
409	-206.6869064121008	4558.100867045
410	-206.6869064121008	4570.711206233
411	-206.6869064121008	4582.559544731
412	-206.6869064121008	4593.842363099
413	-206.6869064121008	4604.827642559
414	-206.6869064121008	4614.705445229
415	-206.6869064121008	4627.297804621
416	-206.6869064121008	4637.6384805
417	-206.6869064121008	4647.947830793
418	-206.6869064121008	4659.267593202
419	-206.6869064121008	4670.482485771
420	-206.6869064121008	4682.415024969
421	-206.6869064121008	4694.159528822
422	-206.6869064121008	4706.874442203
423	-206.6869064121008	4716.250196434
424	-206.6869064121008	4727.296687031
425	-206.6869064121008	4736.783463263
426	-206.6869064121008	4748.395401574
427	-206.6869064121008	4759.582456178
428	-206.6869064121008	4770.781050181
429	-206.6869064121008	4780.50002623
430	-206.6869064121008	4793.715226421
431	-206.6869064121008	4804.95776993
432	-206.6869064121008	4815.132737742
433	-206.6869064121008	4823.158988844
434	-206.6869064121008	4834.744697151
