1	-107.27036582572339	7.920408159
2	-106.95532259535773	16.144778789
3	-108.21404657153607	22.227735935
4	-108.21404657153607	30.360559113
5	-108.32338720431528	36.020935078
6	-108.32338720431528	42.708854137
7	-108.33965304507124	47.637533863
8	-108.33965304507124	53.558127335
9	-108.33965304507124	59.758920309
10	-108.33965304507124	65.495616323
11	-108.33965304507124	71.608234561
12	-108.33965304507124	79.1025534
13	-108.33965304507124	86.284814107
14	-108.4305713326853	94.018128567
15	-108.4305713326853	101.330295037
16	-108.4305713326853	107.405265145
17	-108.4305713326853	113.178893977
18	-108.4305713326853	119.492560636
19	-108.4305713326853	124.811901899
20	-108.4305713326853	132.526443469
21	-108.4305713326853	139.683276228
22	-108.4305713326853	148.464020552
23	-108.4305713326853	155.035546098
24	-108.4305713326853	163.081511125
25	-108.4305713326853	169.580990535
26	-108.4305713326853	176.973902641
27	-108.4305713326853	183.932690493
28	-108.4305713326853	191.17024608
29	-108.4305713326853	196.645029961
30	-108.4305713326853	203.215743261
31	-108.4305713326853	210.860403734
32	-108.4305713326853	218.35151835
33	-108.4305713326853	224.687939301
34	-108.4305713326853	232.638304199
35	-108.4305713326853	240.111305929
36	-108.4305713326853	247.610180074
37	-108.4305713326853	255.785069556
38	-108.4305713326853	263.135876014
39	-108.4305713326853	270.394202462
40	-108.4305713326853	278.02172195
41	-108.4305713326853	286.689891657
42	-108.4305713326853	293.575185357
43	-108.4305713326853	301.409109415
44	-108.4305713326853	308.195156573
45	-108.4305713326853	315.242925705
46	-108.4305713326853	321.374028883
47	-108.4305713326853	327.022198635
48	-108.4305713326853	334.531841526
49	-108.4305713326853	341.985035458
50	-108.4305713326853	348.576757961
51	-108.4305713326853	355.747739881
52	-108.4305713326853	362.239474301
53	-108.4305713326853	369.872458845
54	-108.4305713326853	376.650542628
55	-108.4305713326853	384.60506569
56	-108.4305713326853	390.50484069
57	-108.4305713326853	397.905719022
58	-108.4305713326853	404.541224978
59	-108.4305713326853	411.807753999
60	-108.4305713326853	418.514144314
61	-108.4305713326853	425.005663484
62	-108.4305713326853	430.951424609
63	-108.4305713326853	438.923331275
64	-108.4305713326853	447.407160765
65	-108.4305713326853	453.514849648
66	-108.4305713326853	461.349534348
67	-108.4305713326853	467.59279647
68	-108.4305713326853	476.403505801
69	-108.4305713326853	483.815150313
70	-108.4305713326853	490.090937627
71	-108.4305713326853	497.215126877
72	-108.4305713326853	503.533033809
73	-108.4305713326853	509.930524314
74	-108.4305713326853	516.881073385
75	-108.4305713326853	521.057644093
76	-108.4305713326853	527.961848386
77	-108.4305713326853	535.256574802
78	-108.4305713326853	541.568487535
79	-108.4305713326853	547.506627688
80	-108.4305713326853	553.39596038
81	-108.4305713326853	559.191731113
82	-108.4305713326853	564.851362116
83	-108.4305713326853	569.779456819
84	-108.4305713326853	574.677519516
85	-108.4305713326853	582.40398106
86	-108.4305713326853	588.582460504
87	-108.4305713326853	594.184649548
88	-108.4305713326853	600.832233138
89	-108.4305713326853	607.165881505
90	-108.4305713326853	612.606920256
91	-108.4305713326853	619.387597867
92	-108.4305713326853	624.878495808
93	-108.4305713326853	631.216424076
94	-108.4305713326853	637.283804288
95	-108.4305713326853	642.981717765
96	-108.4305713326853	648.68419225
97	-108.4305713326853	654.137545267
98	-108.4305713326853	659.542248197
99	-108.4305713326853	666.543503771
100	-108.4305713326853	672.903246931
101	-108.4305713326853	679.734287216
102	-108.4305713326853	687.867153159
103	-108.4305713326853	696.054835016
104	-108.4305713326853	703.679633808
105	-108.4305713326853	709.802333703
106	-108.4305713326853	716.703473471
107	-108.4305713326853	722.489955975
108	-108.4305713326853	729.524639079
109	-108.4305713326853	735.7699063
110	-108.4305713326853	741.534219534
111	-108.4305713326853	747.788497011
112	-108.4305713326853	753.816086291
113	-108.4305713326853	761.362374336
114	-108.4305713326853	767.906484511
115	-108.4305713326853	773.994676068
116	-108.4305713326853	780.311710312
117	-108.4305713326853	787.768927271
118	-108.4305713326853	794.898196124
119	-108.4305713326853	803.13096576
120	-108.4305713326853	809.283053623
121	-108.4305713326853	816.099365713
122	-108.4305713326853	822.756609014
123	-108.4305713326853	829.484460984
124	-108.4305713326853	835.984755776
125	-108.4305713326853	842.004925079
126	-108.4305713326853	847.313417768
127	-108.4305713326853	852.979384233
128	-108.4305713326853	858.06103249
129	-108.4305713326853	864.65254288
130	-108.4305713326853	870.199817936
131	-108.4305713326853	875.976380148
132	-108.4305713326853	881.78888389
133	-108.4305713326853	889.044384441
134	-108.4305713326853	894.976685204
135	-108.4305713326853	900.744608072
136	-108.4305713326853	905.90120648
137	-108.4305713326853	912.763251527
138	-108.4305713326853	919.717766036
139	-108.4305713326853	926.137528731
140	-108.4305713326853	933.640434171
141	-108.4305713326853	938.02079766
142	-108.4305713326853	944.053291207
143	-108.4305713326853	951.664807253
144	-108.4305713326853	959.558535882
145	-108.4305713326853	965.429353984
146	-108.4305713326853	971.315004057
147	-108.4305713326853	978.099304131
148	-108.4305713326853	985.749345271
149	-108.4305713326853	992.115128531
150	-108.4305713326853	999.419346451
151	-108.4305713326853	1005.951132668
152	-108.4305713326853	1012.206992158
153	-108.4305713326853	1019.161321923
154	-108.4305713326853	1025.350062636
155	-108.4305713326853	1031.335744698
156	-108.4305713326853	1037.168356161
157	-108.4305713326853	1042.229197636
158	-108.4305713326853	1048.842839377
159	-108.4305713326853	1054.76773841
160	-108.4305713326853	1061.220938328
161	-108.4305713326853	1067.555128098
162	-108.4305713326853	1074.75396558
163	-108.4305713326853	1081.579874944
164	-108.4305713326853	1088.013764847
165	-108.4305713326853	1094.620041921
166	-108.4305713326853	1100.869672576
167	-108.4305713326853	1108.456259597
168	-108.4305713326853	1115.068009139
169	-108.4305713326853	1120.74639336
170	-108.4305713326853	1126.604597558
171	-108.4305713326853	1132.98937865
172	-108.4305713326853	1140.073748745
173	-108.4305713326853	1146.057829407
174	-108.4305713326853	1151.700524125
175	-108.4305713326853	1158.884368555
176	-108.4305713326853	1163.900064375
177	-108.4305713326853	1170.243238743
178	-108.4305713326853	1178.776849877
179	-108.4305713326853	1186.281036265
180	-108.4305713326853	1193.172979891
181	-108.4305713326853	1198.366312688
182	-108.4305713326853	1205.906330843
183	-108.4305713326853	1212.398853276
184	-108.4305713326853	1218.709985124
185	-108.4305713326853	1225.940691216
186	-108.4305713326853	1232.88895009
187	-108.4305713326853	1239.558706086
188	-108.4305713326853	1247.963674442
189	-108.4305713326853	1254.281573676
190	-108.4305713326853	1260.922668136
191	-108.4305713326853	1266.303046735
192	-108.4305713326853	1271.477837573
193	-108.4305713326853	1276.865338791
194	-108.4305713326853	1284.363763051
195	-108.4305713326853	1289.009133705
196	-108.4305713326853	1295.73395194
197	-108.4305713326853	1300.67079632
198	-108.4305713326853	1305.200025203
199	-108.4305713326853	1311.73325573
200	-108.4305713326853	1318.743858548
201	-108.4305713326853	1324.995161876
202	-108.4305713326853	1332.024155267
203	-108.4305713326853	1340.406346809
204	-108.4305713326853	1347.029367155
205	-108.4305713326853	1353.024858035
206	-108.4305713326853	1358.676637421
207	-108.4305713326853	1366.879256166
208	-108.4305713326853	1373.045866954
209	-108.4305713326853	1379.297998779
210	-108.4305713326853	1384.434911696
211	-108.4305713326853	1391.865246134
212	-108.4305713326853	1397.944110689
213	-108.4305713326853	1405.110856328
214	-108.4305713326853	1411.917527522
215	-108.4305713326853	1418.221011028
216	-108.4305713326853	1423.662607147
217	-108.4305713326853	1429.510324562
218	-108.4305713326853	1435.087020086
219	-108.4305713326853	1440.751891772
220	-108.4305713326853	1446.040041248
221	-108.4305713326853	1452.631159627
222	-108.4305713326853	1459.74486238
223	-108.4305713326853	1466.314298723
224	-108.4305713326853	1472.058591761
225	-108.4305713326853	1478.635895686
226	-108.4305713326853	1484.890690047
227	-108.4305713326853	1492.63501017
228	-108.4305713326853	1497.635631399
229	-108.4305713326853	1503.621597704
230	-108.4305713326853	1510.309108787
231	-108.4305713326853	1516.706346695
232	-108.4305713326853	1523.069379323
233	-108.4305713326853	1527.918915097
234	-108.4305713326853	1534.571527827
235	-108.4305713326853	1542.338414361
236	-108.4305713326853	1550.49056352
237	-108.4305713326853	1558.632421189
238	-108.4305713326853	1567.300293538
239	-108.4305713326853	1576.020240578
240	-108.4305713326853	1582.061636614
241	-108.4305713326853	1588.958486503
242	-108.4305713326853	1595.233035348
243	-108.4305713326853	1602.136677141
244	-108.4305713326853	1608.733013966
245	-108.4305713326853	1615.108677889
246	-108.4305713326853	1621.258051898
247	-108.4305713326853	1627.492277818
248	-108.4305713326853	1632.894321919
249	-108.4305713326853	1638.057478451
250	-108.47814746315056	1644.622166476
251	-108.47814746315056	1649.787405369
252	-108.47814746315056	1655.817014002
253	-108.47814746315056	1662.370294946
254	-108.47814746315056	1669.865794379
255	-108.47814746315056	1676.534169072
256	-108.47814746315056	1683.844222961
257	-108.47814746315056	1689.50405952
258	-108.47814746315056	1695.760145948
259	-108.47814746315056	1702.368950136
260	-108.47814746315056	1709.090344051
261	-108.47814746315056	1715.715100648
262	-108.47814746315056	1724.513141907
263	-108.47814746315056	1732.051962077
264	-108.47814746315056	1738.023414011
265	-108.47814746315056	1744.868423844
266	-108.47814746315056	1751.293475404
267	-108.47814746315056	1757.504687592
268	-108.47814746315056	1766.320602539
269	-108.47814746315056	1775.028384705
270	-108.47814746315056	1781.892723941
271	-108.47814746315056	1788.542784467
272	-108.47814746315056	1799.678452644
273	-108.47814746315056	1807.055790952
274	-108.47814746315056	1814.691320856
275	-108.47814746315056	1822.697151694
276	-108.47814746315056	1829.670555127
277	-108.47814746315056	1835.428851355
278	-108.47814746315056	1841.927545033
279	-108.47814746315056	1849.024623399
280	-108.47814746315056	1855.572336936
281	-108.47814746315056	1861.165741807
282	-108.47814746315056	1868.575320209
283	-108.47814746315056	1874.905269706
284	-108.47814746315056	1879.965407842
285	-108.47814746315056	1885.489272594
286	-108.47814746315056	1891.199003694
287	-108.47814746315056	1897.423242039
288	-108.47814746315056	1902.309902787
289	-108.47814746315056	1909.543000002
290	-108.47814746315056	1916.395975776
291	-108.47814746315056	1922.431218814
292	-108.47814746315056	1927.858144612
293	-108.47814746315056	1933.302770189
294	-108.47814746315056	1939.878404006
295	-108.47814746315056	1945.082834268
296	-108.47814746315056	1951.304907859
297	-108.47814746315056	1957.352345706
298	-108.47814746315056	1962.892348181
299	-108.47814746315056	1968.896177626
300	-108.47814746315056	1975.23416776
301	-108.47814746315056	1980.779062812
302	-108.47814746315056	1988.115621182
303	-108.47814746315056	1993.85660565
304	-108.47814746315056	2002.424510728
305	-108.47814746315056	2010.181369774
306	-108.47814746315056	2016.420612574
307	-108.47814746315056	2023.862062153
308	-108.47814746315056	2030.370994008
309	-108.47814746315056	2035.64590949
310	-108.47814746315056	2042.114151213
311	-108.47814746315056	2048.646064299
312	-108.47814746315056	2055.083840381
313	-108.47814746315056	2061.84398975
314	-108.47814746315056	2069.562108738
315	-108.47814746315056	2075.714597449
316	-108.47814746315056	2081.67232616
317	-108.47814746315056	2088.461993501
318	-108.47814746315056	2093.133096587
319	-108.47814746315056	2099.697145136
320	-108.47814746315056	2107.35404803
321	-108.47814746315056	2114.115315556
322	-108.47814746315056	2119.821653698
323	-108.47814746315056	2124.728244836
324	-108.47814746315056	2130.744352339
325	-108.47814746315056	2137.848073503
326	-108.47814746315056	2143.767506339
327	-108.47814746315056	2149.226831032
328	-108.47814746315056	2156.312710724
329	-108.47814746315056	2161.697833079
330	-108.47814746315056	2167.951593958
331	-108.47814746315056	2174.498007161
332	-108.47814746315056	2181.384927633
333	-108.47814746315056	2188.496775249
334	-108.47814746315056	2195.058367388
335	-108.47814746315056	2201.12350815
336	-108.47814746315056	2206.97252761
337	-108.47814746315056	2212.117138762
338	-108.47814746315056	2218.664649309
339	-108.47814746315056	2224.972094831
340	-108.47814746315056	2232.104221513
341	-108.47814746315056	2238.002751487
342	-108.47814746315056	2244.114635881
343	-108.47814746315056	2251.973837639
344	-108.47814746315056	2257.639771887
345	-108.47814746315056	2264.068556529
346	-108.47814746315056	2270.672612399
347	-108.47814746315056	2277.540990627
348	-108.47814746315056	2284.450257701
349	-108.47814746315056	2289.574141896
350	-108.47814746315056	2296.21110271
351	-108.47814746315056	2302.609118937
352	-108.47814746315056	2309.09896857
353	-108.47814746315056	2315.011090622
354	-108.47814746315056	2321.154500082
355	-108.47814746315056	2328.413045771
356	-108.47814746315056	2334.799610156
357	-108.47814746315056	2341.204703671
358	-108.47814746315056	2348.602563664
359	-108.47814746315056	2354.60970453
360	-108.47814746315056	2359.725215948
361	-108.47814746315056	2367.051873127
362	-108.47814746315056	2374.20345608
363	-108.47814746315056	2381.101788766
364	-108.47814746315056	2387.750143547
365	-108.47814746315056	2393.760005679
366	-108.47814746315056	2399.955756398
367	-108.47814746315056	2408.559538859
368	-108.47814746315056	2415.527188717
369	-108.47814746315056	2421.159131225
370	-108.47814746315056	2427.235311861
371	-108.47814746315056	2433.767295366
372	-108.47814746315056	2439.08234732
373	-108.47814746315056	2446.621762206
374	-108.47814746315056	2451.58856247
375	-108.47814746315056	2458.867570829
376	-108.47814746315056	2464.921031954
377	-108.47814746315056	2470.844157673
378	-108.47814746315056	2477.582213608
379	-108.47814746315056	2483.159586812
380	-108.47814746315056	2488.720116959
381	-108.47814746315056	2495.624881185
382	-108.47814746315056	2501.936300697
383	-108.47814746315056	2508.202457664
384	-108.47814746315056	2515.486612909
385	-108.47814746315056	2522.575449643
386	-108.47814746315056	2529.904968642
387	-108.47814746315056	2536.06132101
388	-108.47814746315056	2542.833124356
389	-108.47814746315056	2549.575479294
390	-108.47814746315056	2556.180158104
391	-108.47814746315056	2563.747273174
392	-108.47814746315056	2569.793470557
393	-108.47814746315056	2576.12362333
394	-108.47814746315056	2583.108990643
395	-108.47814746315056	2590.66735575
396	-108.47814746315056	2598.917952034
397	-108.47814746315056	2604.525004006
398	-108.47814746315056	2609.142994927
399	-108.47814746315056	2616.027708166
400	-108.47814746315056	2621.927383097
401	-108.47814746315056	2628.400752318
402	-108.47814746315056	2634.828621508
403	-108.47814746315056	2641.430092389
404	-108.47814746315056	2647.553680082
405	-108.47814746315056	2654.141133803
406	-108.47814746315056	2660.911600036
407	-108.47814746315056	2667.787250275
408	-108.47814746315056	2674.510462265
409	-108.47814746315056	2679.668390373
410	-108.47814746315056	2686.544593133
411	-108.47814746315056	2694.393701829
412	-108.47814746315056	2701.259005838
413	-108.47814746315056	2707.717776584
414	-108.47814746315056	2713.09731899
415	-108.47814746315056	2718.217102611
416	-108.47814746315056	2723.434200375
417	-108.47814746315056	2729.182917574
418	-108.47814746315056	2735.952385107
419	-108.47814746315056	2742.625945458
420	-108.47814746315056	2748.517748816
421	-108.47814746315056	2755.738596482
422	-108.47814746315056	2762.598606495
423	-108.47814746315056	2769.705634804
424	-108.47814746315056	2775.810005138
425	-108.47814746315056	2781.891912265
426	-108.47814746315056	2788.618374664
427	-108.47814746315056	2795.194968123
428	-108.47814746315056	2801.012694302
429	-108.47814746315056	2808.123503874
430	-108.47814746315056	2814.834826965
431	-108.47814746315056	2822.37218458
432	-108.47814746315056	2829.60084623
433	-108.47814746315056	2837.244203232
434	-108.47814746315056	2844.20653543
435	-108.47814746315056	2851.172711613
436	-108.47814746315056	2858.455887829
437	-108.47814746315056	2865.935864781
438	-108.47814746315056	2873.579822771
439	-108.47814746315056	2878.608030145
440	-108.47814746315056	2885.080073943
441	-108.47814746315056	2892.235886905
442	-108.47814746315056	2898.635547295
443	-108.47814746315056	2906.265058767
444	-108.47814746315056	2912.433568597
445	-108.47814746315056	2919.090059238
446	-108.47814746315056	2925.674815926
447	-108.47814746315056	2933.117803612
448	-108.47814746315056	2940.677282314
449	-108.47814746315056	2946.62459067
450	-108.47814746315056	2953.117115098
451	-108.47814746315056	2961.581802781
452	-108.47814746315056	2967.915505317
453	-108.47814746315056	2975.693902139
454	-108.47814746315056	2982.933448
455	-108.47814746315056	2988.863647301
456	-108.47814746315056	2996.040761122
457	-108.47814746315056	3003.088661114
458	-108.47814746315056	3009.402646799
459	-108.47814746315056	3017.183515141
460	-108.47814746315056	3024.881166897
461	-108.47814746315056	3031.274204447
462	-108.47814746315056	3037.911587777
463	-108.47814746315056	3043.322584545
464	-108.47814746315056	3049.715464719
465	-108.47814746315056	3055.445943873
466	-108.47814746315056	3062.398123424
467	-108.47814746315056	3068.565367985
468	-108.47814746315056	3075.008970914
469	-108.47814746315056	3082.344027383
470	-108.47814746315056	3088.691045736
471	-108.47814746315056	3094.278593825
472	-108.47814746315056	3102.305380267
473	-108.47814746315056	3109.202582823
474	-108.47814746315056	3115.16469578
475	-108.47814746315056	3122.745129803
476	-108.47814746315056	3129.617153872
477	-108.47814746315056	3135.798791638
478	-108.47814746315056	3142.220906397
479	-108.47814746315056	3149.312803951
480	-108.47814746315056	3155.823547038
481	-108.47814746315056	3162.490612842
482	-108.47814746315056	3168.780680177
483	-108.47814746315056	3174.910818011
484	-108.47814746315056	3180.260912008
485	-108.47814746315056	3186.711438271
486	-108.47814746315056	3191.525346409
487	-108.47814746315056	3199.113746373
488	-108.47814746315056	3205.252754195
489	-108.47814746315056	3209.947961801
490	-108.47814746315056	3217.170828822
491	-108.47814746315056	3222.828209541
492	-108.47814746315056	3229.719504852
493	-108.47814746315056	3236.061847587
494	-108.47814746315056	3242.514074464
495	-108.47814746315056	3248.557460205
496	-108.47814746315056	3254.938612847
497	-108.47814746315056	3260.987920656
498	-108.47814746315056	3267.264336042
499	-108.47814746315056	3275.220821153
500	-108.47814746315056	3281.008592588
501	-108.47814746315056	3289.727734509
502	-108.47814746315056	3297.418943037
503	-108.47814746315056	3303.828417378
504	-108.47814746315056	3311.052151383
505	-108.47814746315056	3317.556154168
506	-108.47814746315056	3323.485798667
507	-108.47814746315056	3329.980038819
508	-108.47814746315056	3336.994541787
509	-108.47814746315056	3343.261190264
510	-108.47814746315056	3349.76541286
511	-108.47814746315056	3356.418280182
512	-108.47814746315056	3363.532542869
513	-108.47814746315056	3370.446935161
514	-108.47814746315056	3377.898810797
515	-108.47814746315056	3385.685693579
516	-108.47814746315056	3392.360230964
517	-108.47814746315056	3400.520270513
518	-108.47814746315056	3406.947481695
519	-108.47814746315056	3413.971941448
520	-108.47814746315056	3418.915703746
521	-108.47814746315056	3427.282034966
522	-108.47814746315056	3433.878885538
523	-108.47814746315056	3440.553808376
524	-108.47814746315056	3447.128962372
525	-108.47814746315056	3454.150340778
526	-108.47814746315056	3461.024490543
527	-108.47814746315056	3467.990062887
528	-108.47814746315056	3473.845172339
529	-108.47814746315056	3482.302074834
530	-108.47814746315056	3489.77829105
531	-108.47814746315056	3496.912327608
532	-108.47814746315056	3504.485636731
533	-108.47814746315056	3510.895600016
534	-108.47814746315056	3517.630984862
535	-108.47814746315056	3524.324942025
536	-108.47814746315056	3531.420379649
537	-108.47814746315056	3537.751163915
538	-108.47814746315056	3546.101679003
539	-108.47814746315056	3552.673479099
540	-108.47814746315056	3560.100327065
541	-108.47814746315056	3569.834579214
542	-108.47814746315056	3576.477463523
543	-108.47814746315056	3582.81900171
544	-108.47814746315056	3589.858668624
545	-108.47814746315056	3596.485115856
546	-108.47814746315056	3604.516221542
547	-108.47814746315056	3610.978406344
548	-108.47814746315056	3617.363185441
549	-108.47814746315056	3625.237009623
550	-108.47814746315056	3631.921155402
551	-108.47814746315056	3638.635569818
552	-108.47814746315056	3645.783369227
553	-108.47814746315056	3651.783235801
554	-108.47814746315056	3658.749796867
555	-108.47814746315056	3665.891082628
556	-108.47814746315056	3672.863557495
557	-108.47814746315056	3679.487668059
558	-108.47814746315056	3685.480534606
559	-108.47814746315056	3691.370304639
560	-108.47814746315056	3696.801034509
561	-108.47814746315056	3701.377356839
562	-108.47814746315056	3706.345085099
563	-108.47814746315056	3712.739103103
564	-108.47814746315056	3718.091983654
565	-108.47814746315056	3724.808659187
566	-108.47814746315056	3732.042973488
567	-108.47814746315056	3738.41228912
568	-108.47814746315056	3745.687045517
569	-108.47814746315056	3752.635712653
570	-108.47814746315056	3758.313381561
571	-108.47814746315056	3763.539592788
572	-108.47814746315056	3770.419636397
573	-108.47814746315056	3776.668836838
574	-108.47814746315056	3781.463614572
575	-108.47814746315056	3786.812610369
576	-108.47814746315056	3793.148975156
577	-108.47814746315056	3800.378017413
578	-108.47814746315056	3805.572072365
579	-108.47814746315056	3812.098189966
580	-108.47814746315056	3819.549133614
581	-108.47814746315056	3825.662465453
582	-108.47814746315056	3830.442066247
583	-108.47814746315056	3837.709116428
584	-108.47814746315056	3842.855860117
585	-108.47814746315056	3848.366767991
586	-108.47814746315056	3855.991038495
587	-108.47814746315056	3861.229014602
588	-108.47814746315056	3867.751234049
589	-108.47814746315056	3873.19568087
590	-108.47814746315056	3879.485074801
591	-108.47814746315056	3885.828443036
592	-108.47814746315056	3892.66718127
593	-108.47814746315056	3899.438656182
594	-108.47814746315056	3905.244585834
595	-108.47814746315056	3911.692150778
596	-108.47814746315056	3917.667982397
597	-108.47814746315056	3924.338390128
598	-108.47814746315056	3928.763194793
599	-108.47814746315056	3935.056388519
600	-108.47814746315056	3939.914041336
601	-108.47814746315056	3946.292561948
602	-108.47814746315056	3952.563173581
603	-108.47814746315056	3958.011847844
604	-108.47814746315056	3964.159317394
605	-108.47814746315056	3970.229849941
606	-108.47814746315056	3976.653100248
607	-108.47814746315056	3981.860279146
608	-108.47814746315056	3989.116688591
609	-108.47814746315056	3994.524477714
610	-108.47814746315056	4002.502655409
611	-108.47814746315056	4010.440184026
612	-108.47814746315056	4016.74730482
613	-108.47814746315056	4024.014782079
614	-108.47814746315056	4030.387420536
615	-108.47814746315056	4036.022190652
616	-108.47814746315056	4042.187721771
617	-108.47814746315056	4050.720789221
618	-108.47814746315056	4056.605489061
619	-108.47814746315056	4062.998358117
620	-108.47814746315056	4069.51072427
621	-108.47814746315056	4076.029666509
622	-108.47814746315056	4081.644625976
623	-108.47814746315056	4087.92700135
624	-108.47814746315056	4094.503117554
625	-108.47814746315056	4100.88634714
626	-108.47814746315056	4107.835111494
627	-108.47814746315056	4114.893408463
628	-108.47814746315056	4121.700050577
629	-108.47814746315056	4129.525291385
630	-108.47814746315056	4136.62745363
631	-108.47814746315056	4143.939403425
632	-108.47814746315056	4151.540267046
633	-108.47814746315056	4160.079744084
634	-108.47814746315056	4167.231555401
635	-108.47814746315056	4175.188482699
636	-108.47814746315056	4181.475840457
637	-108.47814746315056	4188.052612102
638	-108.47814746315056	4194.496386945
639	-108.47814746315056	4201.853310765
640	-108.47814746315056	4210.026591435
641	-108.47814746315056	4216.950984987
642	-108.47814746315056	4222.658441856
643	-108.47814746315056	4229.425352624
644	-108.47814746315056	4234.690356368
645	-108.47814746315056	4241.40967334
646	-108.47814746315056	4248.22540896
647	-108.47814746315056	4254.635654207
648	-108.47814746315056	4260.918046972
649	-108.47814746315056	4267.163300792
650	-108.47814746315056	4273.656847014
651	-108.47814746315056	4278.470034708
652	-108.47814746315056	4283.994731092
653	-108.47814746315056	4291.472468595
654	-108.47814746315056	4297.883047978
655	-108.47814746315056	4305.724282535
656	-108.47814746315056	4313.0036715
657	-108.47814746315056	4319.967298616
658	-108.47814746315056	4327.447598016
659	-108.47814746315056	4334.337942238
660	-108.47814746315056	4340.752508155
661	-108.47814746315056	4347.15398719
662	-108.47814746315056	4353.780709257
663	-108.47814746315056	4362.151844959
664	-108.47814746315056	4369.212082309
665	-108.47814746315056	4374.939251468
666	-108.47814746315056	4381.249730154
667	-108.47814746315056	4387.829526126
668	-108.47814746315056	4394.447266446
669	-108.47814746315056	4401.521415469
670	-108.47814746315056	4408.541529178
671	-108.47814746315056	4416.024510785
672	-108.47814746315056	4422.164091941
673	-108.47814746315056	4428.304134957
674	-108.47814746315056	4435.280750026
675	-108.47814746315056	4443.650806059
676	-108.47814746315056	4449.16658912
677	-108.47814746315056	4456.558494828
678	-108.47814746315056	4463.400037576
679	-108.47814746315056	4471.466039051
680	-108.47814746315056	4479.064911542
681	-108.47814746315056	4485.963900811
682	-108.47814746315056	4491.798310106
683	-108.47814746315056	4497.772602762
684	-108.47814746315056	4503.442020631
685	-108.47814746315056	4510.077613542
686	-108.47814746315056	4517.020777418
687	-108.47814746315056	4523.127737588
688	-108.47814746315056	4530.081703282
689	-108.47814746315056	4536.868265044
690	-108.47814746315056	4544.164456867
691	-108.47814746315056	4550.659560868
692	-108.47814746315056	4557.931232213
693	-108.47814746315056	4565.055676913
694	-108.47814746315056	4572.92137892
695	-108.47814746315056	4580.434237153
696	-108.47814746315056	4586.663769779
697	-108.47814746315056	4593.071832882
698	-108.47814746315056	4599.571529822
699	-108.47814746315056	4605.470398209
700	-108.47814746315056	4613.195090716
701	-108.47814746315056	4620.035272688
702	-108.47814746315056	4625.572873777
703	-108.47814746315056	4632.424918704
704	-108.47814746315056	4639.193830865
705	-108.47814746315056	4646.212969536
706	-108.47814746315056	4652.101608298
707	-108.47814746315056	4659.468705008
708	-108.47814746315056	4664.981346852
709	-108.47814746315056	4671.375534489
710	-108.47814746315056	4679.160243394
711	-108.47814746315056	4685.659587953
712	-108.47814746315056	4692.152043102
713	-108.47814746315056	4699.087454862
714	-108.47814746315056	4705.735493184
715	-108.47814746315056	4712.312413081
716	-108.47814746315056	4718.552166208
717	-108.47814746315056	4725.80400096
718	-108.47814746315056	4731.59597646
719	-108.47814746315056	4737.650942337
720	-108.47814746315056	4743.506149293
721	-108.47814746315056	4751.324303689
722	-108.47814746315056	4757.66005808
723	-108.47814746315056	4764.244915694
724	-108.47814746315056	4770.566653495
725	-108.47814746315056	4777.970959568
726	-108.47814746315056	4787.25776908
727	-108.47814746315056	4795.169505964
728	-108.47814746315056	4802.011628033
729	-108.47814746315056	4810.253283053
730	-108.47814746315056	4816.706064447
731	-108.47814746315056	4821.947184052
732	-108.47814746315056	4828.34179164
733	-108.47814746315056	4835.106608358
734	-108.47814746315056	4841.691385859
735	-108.47814746315056	4849.080818336
736	-108.47814746315056	4855.235526825
737	-108.47814746315056	4862.577931427
738	-108.47814746315056	4868.578523577
739	-108.47814746315056	4875.204493839
740	-108.47814746315056	4881.243379012
741	-108.47814746315056	4887.471390922
742	-108.47814746315056	4894.779079348
743	-108.47814746315056	4902.351311368
744	-108.47814746315056	4907.875234565
745	-108.47814746315056	4914.27411179
746	-108.49596039129797	4920.526436341
747	-108.49596039129797	4927.939736421
748	-108.49596039129797	4933.721327203
749	-108.49596039129797	4939.862749811
750	-108.49596039129797	4947.904768503
751	-108.49596039129797	4954.170943146
752	-108.49596039129797	4961.382732944
753	-108.49596039129797	4968.986565297
754	-108.49596039129797	4975.798141898
755	-108.49596039129797	4982.276827639
756	-108.49596039129797	4989.611828229
757	-108.49596039129797	4995.734410094
758	-108.49596039129797	5003.810616959
759	-108.49596039129797	5009.068385184
760	-108.49596039129797	5015.481888824
761	-108.49596039129797	5021.215368356
762	-108.49596039129797	5027.821709577
763	-108.49596039129797	5034.51219766
764	-108.49596039129797	5040.178603461
765	-108.49596039129797	5047.437632393
766	-108.49596039129797	5054.223341424
767	-108.49596039129797	5060.302344537
768	-108.49596039129797	5068.432171043
769	-108.49596039129797	5075.01767583
770	-108.49596039129797	5082.472996313
771	-108.49596039129797	5089.809513342
772	-108.49596039129797	5096.526230785
773	-108.49596039129797	5104.382667657
774	-108.49596039129797	5111.320103331
775	-108.49596039129797	5117.660746023
776	-108.49596039129797	5122.995299579
777	-108.49596039129797	5130.656411099
778	-108.49596039129797	5136.585796158
779	-108.49596039129797	5144.736460808
780	-108.49596039129797	5152.308328472
781	-108.49596039129797	5159.972774791
782	-108.49596039129797	5166.879566639
783	-108.49596039129797	5174.591445102
784	-108.49596039129797	5181.235918836
785	-108.49596039129797	5188.909816459
786	-108.49596039129797	5195.865302584
787	-108.49596039129797	5203.424497613
788	-108.49596039129797	5211.468521404
789	-108.49596039129797	5217.57156546
790	-108.49596039129797	5224.256966243
791	-108.49596039129797	5231.372374455
792	-108.49596039129797	5238.044127567
793	-108.49596039129797	5244.461003068
794	-108.49596039129797	5251.246646812
795	-108.49596039129797	5258.861117621
796	-108.49596039129797	5265.108412748
797	-108.49596039129797	5271.911162695
798	-108.49596039129797	5278.428540312
799	-108.49596039129797	5283.900724949
800	-108.49596039129797	5291.06451497
801	-108.49596039129797	5297.027488925
802	-108.49596039129797	5301.703419872
803	-108.49596039129797	5309.10399714
804	-108.49596039129797	5316.364636878
805	-108.49596039129797	5323.029511415
806	-108.49596039129797	5329.792316763
807	-108.49596039129797	5337.540075745
808	-108.49596039129797	5345.575952557
809	-108.49596039129797	5351.945899398
810	-108.49596039129797	5360.249015697
811	-108.49596039129797	5365.93719049
812	-108.49596039129797	5371.381846858
813	-108.49596039129797	5377.501133267
814	-108.49596039129797	5382.603263011
815	-108.49596039129797	5388.43700261
816	-108.49596039129797	5394.573063653
817	-108.49596039129797	5401.977677347
818	-108.49596039129797	5408.058525048
819	-108.49596039129797	5413.922600852
820	-108.49596039129797	5419.705181212
821	-108.49596039129797	5425.774991034
822	-108.49596039129797	5431.95813298
823	-108.49596039129797	5437.941879222
824	-108.49596039129797	5445.062412368
825	-108.49596039129797	5450.937340167
826	-108.49596039129797	5457.123853405
827	-108.49596039129797	5462.496466488
828	-108.49596039129797	5468.661051364
829	-108.49596039129797	5475.25497939
830	-108.49596039129797	5482.514999324
831	-108.49596039129797	5489.708436183
832	-108.49596039129797	5496.209082216
833	-108.49596039129797	5502.176795936
834	-108.49596039129797	5508.35488565
835	-108.49596039129797	5514.978393515
836	-108.49596039129797	5521.31543142
837	-108.49596039129797	5528.155002141
838	-108.49596039129797	5532.929504516
839	-108.49596039129797	5538.005852505
840	-108.49596039129797	5543.983657006
841	-108.49596039129797	5550.105268965
842	-108.49596039129797	5555.790906095
843	-108.49596039129797	5562.128799581
844	-108.49596039129797	5567.897782446
845	-108.49596039129797	5573.15835034
846	-108.49596039129797	5578.869328177
847	-108.49596039129797	5585.997023285
848	-108.49596039129797	5591.691901887
849	-108.49596039129797	5597.939268574
850	-108.49596039129797	5604.07304056
851	-108.49596039129797	5610.730201468
852	-108.49596039129797	5615.933123558
853	-108.49596039129797	5622.305663941
854	-108.49596039129797	5628.659585387
855	-108.49596039129797	5633.431343687
856	-108.49596039129797	5639.300632805
857	-108.49596039129797	5644.795280363
858	-108.49596039129797	5650.55530942
859	-108.49596039129797	5656.133853239
860	-108.49596039129797	5663.367713663
861	-108.49596039129797	5668.663125457
862	-108.49596039129797	5674.736920672
863	-108.49596039129797	5679.448444473
864	-108.49596039129797	5685.596257567
865	-108.49596039129797	5693.411824409
866	-108.49596039129797	5700.239805871
867	-108.49596039129797	5705.517195154
868	-108.49596039129797	5711.065271337
869	-108.49596039129797	5717.903294543
870	-108.49596039129797	5724.185693009
871	-108.49596039129797	5730.242589289
872	-108.49596039129797	5737.060414967
873	-108.49596039129797	5743.470310969
874	-108.49596039129797	5748.873782558
875	-108.49596039129797	5755.390379004
876	-108.49596039129797	5761.417199944
877	-108.49596039129797	5766.577127734
878	-108.49596039129797	5773.872977439
879	-108.49596039129797	5779.743420921
880	-108.49596039129797	5785.260003684
881	-108.49596039129797	5792.345679245
882	-108.49596039129797	5798.328169057
883	-108.49596039129797	5805.225378454
884	-108.49596039129797	5810.183314146
885	-108.49596039129797	5815.72360229
886	-108.49596039129797	5821.981475716
887	-108.49596039129797	5826.81767144
888	-108.49596039129797	5834.243812362
889	-108.49596039129797	5840.039906396
890	-108.49596039129797	5845.43330431
891	-108.49596039129797	5850.849694574
892	-108.49596039129797	5857.314764859
893	-108.49596039129797	5861.780587805
894	-108.49596039129797	5866.973629802
895	-108.49596039129797	5873.33004358
896	-108.49596039129797	5880.134006907
897	-108.49596039129797	5886.702407487
898	-108.49596039129797	5892.769694471
899	-108.49596039129797	5900.503866793
900	-108.49596039129797	5907.305824166
901	-108.49596039129797	5914.506622841
902	-108.49596039129797	5920.629846463
903	-108.49596039129797	5927.057297983
904	-108.49596039129797	5932.692551342
905	-108.49596039129797	5938.126207179
906	-108.49596039129797	5945.659826865
907	-108.49596039129797	5951.414230927
908	-108.49596039129797	5956.714970073
909	-108.49596039129797	5962.51567957
910	-108.49596039129797	5969.361103651
911	-108.49596039129797	5976.448686522
912	-108.49596039129797	5982.103775618
913	-108.49596039129797	5986.801657449
914	-108.49596039129797	5994.77155645
915	-108.49596039129797	6000.838674941
916	-108.49596039129797	6007.827242771
917	-108.49596039129797	6012.330293327
918	-108.49596039129797	6018.009067562
919	-108.49596039129797	6024.29674577
920	-108.49596039129797	6030.424143236
921	-108.49596039129797	6037.304098749
922	-108.49596039129797	6043.588468102
923	-108.49596039129797	6050.783473003
924	-108.49596039129797	6058.166572584
925	-108.49596039129797	6063.249214126
926	-108.49596039129797	6067.678036971
927	-108.49596039129797	6072.785032778
928	-108.49596039129797	6078.782804732
929	-108.49596039129797	6084.975449016
930	-108.49596039129797	6091.857284185
931	-108.49596039129797	6098.04879007
932	-108.49596039129797	6104.947806708
933	-108.49596039129797	6111.397098779
934	-108.49596039129797	6117.246483736
935	-108.49596039129797	6123.801859299
936	-108.49596039129797	6130.3578789
937	-108.49596039129797	6135.184358463
938	-108.49596039129797	6141.897500198
939	-108.49596039129797	6147.744711848
940	-108.49596039129797	6154.41561337
941	-108.49596039129797	6160.450894896
942	-108.49596039129797	6166.311465698
943	-108.49596039129797	6173.541187915
944	-108.49596039129797	6179.425030178
945	-108.49596039129797	6184.961190378
946	-108.49596039129797	6190.020133381
947	-108.49596039129797	6196.864393689
948	-108.49596039129797	6203.293002425
949	-108.49596039129797	6208.869205014
950	-108.49596039129797	6213.92760861
951	-108.49596039129797	6220.144822409
952	-108.49596039129797	6227.06428404
953	-108.49596039129797	6232.414380888
954	-108.49596039129797	6239.217343519
955	-108.49596039129797	6245.229309964
956	-108.49596039129797	6250.707290656
957	-108.49596039129797	6256.656154225
958	-108.49596039129797	6262.451774425
959	-108.49596039129797	6269.394346152
960	-108.49596039129797	6276.557699117
961	-108.49596039129797	6283.805717254
962	-108.49596039129797	6289.674739235
963	-108.49596039129797	6295.352087977
964	-108.49596039129797	6302.754184535
965	-108.49596039129797	6308.703682733
966	-108.49596039129797	6315.100229561
967	-108.49596039129797	6319.952751458
968	-108.49596039129797	6325.430496089
969	-108.49596039129797	6330.63313137
970	-108.49596039129797	6339.632744206
971	-108.49596039129797	6345.049943579
972	-108.49596039129797	6351.138574188
973	-108.49596039129797	6357.039080181
974	-108.49596039129797	6362.308356982
975	-108.49596039129797	6367.900883464
976	-108.49596039129797	6373.727654112
977	-108.49596039129797	6379.444419451
978	-108.49596039129797	6385.277926124
979	-108.49596039129797	6391.756167681
980	-108.49596039129797	6398.146046338
981	-108.49596039129797	6402.915377023
982	-108.49596039129797	6409.189690662
983	-108.49596039129797	6415.100046813
984	-108.49596039129797	6421.158460673
985	-108.49596039129797	6429.340336781
986	-108.49596039129797	6435.747129484
987	-108.49596039129797	6441.991536562
988	-108.49596039129797	6450.398632895
989	-108.49596039129797	6458.285624643
990	-108.49596039129797	6463.896009703
991	-108.49596039129797	6469.993709299
992	-108.49596039129797	6475.660904538
993	-108.49596039129797	6481.420234819
994	-108.49596039129797	6487.469365296
995	-108.49596039129797	6494.216435765
996	-108.49596039129797	6502.196276441
997	-108.49596039129797	6509.835920033
998	-108.49596039129797	6515.845173195
999	-108.49596039129797	6521.554689616
1000	-108.49596039129797	6527.861528733
1001	-108.49596039129797	6535.973857881
1002	-108.49596039129797	6541.694190374
1003	-108.49596039129797	6547.755559851
1004	-108.49596039129797	6553.724537698
1005	-108.49596039129797	6560.665311593
1006	-108.49596039129797	6567.796287332
1007	-108.49596039129797	6574.76031102
1008	-108.49596039129797	6581.400737208
1009	-108.49596039129797	6587.712096279
1010	-108.49596039129797	6593.43802868
1011	-108.49596039129797	6599.509927135
1012	-108.49596039129797	6604.832012471
1013	-108.49596039129797	6611.322056827
1014	-108.49596039129797	6617.619018132
1015	-108.49596039129797	6623.676827297
1016	-108.49596039129797	6630.236122967
1017	-108.49596039129797	6636.699492353
1018	-108.49596039129797	6642.149037022
1019	-108.49596039129797	6647.552926566
1020	-108.49596039129797	6653.87799432
1021	-108.49596039129797	6659.3279176
1022	-108.49596039129797	6665.429847489
1023	-108.49596039129797	6670.871044185
1024	-108.49596039129797	6678.174716142
1025	-108.49596039129797	6684.833954278
1026	-108.49596039129797	6692.163672561
1027	-108.49596039129797	6698.810621236
1028	-108.49596039129797	6704.992799549
1029	-108.49596039129797	6711.324249521
1030	-108.49596039129797	6718.278279076
1031	-108.49596039129797	6724.111141997
1032	-108.49596039129797	6730.306676326
1033	-108.49596039129797	6737.539206194
1034	-108.49596039129797	6742.972953263
1035	-108.49596039129797	6749.228886593
1036	-108.49596039129797	6756.675690039
1037	-108.49596039129797	6763.265274017
1038	-108.49596039129797	6769.614485634
1039	-108.49596039129797	6775.924464257
1040	-108.49596039129797	6781.432106041
1041	-108.49596039129797	6789.165209242
1042	-108.49596039129797	6796.440531276
1043	-108.49596039129797	6803.516232376
1044	-108.49596039129797	6809.706382047
1045	-108.49596039129797	6816.026425793
1046	-108.49596039129797	6821.021127234
1047	-108.49596039129797	6826.08659586
1048	-108.49596039129797	6831.563478637
1049	-108.49596039129797	6836.80066046
1050	-108.49596039129797	6842.404691811
1051	-108.49596039129797	6848.400796794
1052	-108.49596039129797	6853.671030386
1053	-108.49596039129797	6861.121239335
1054	-108.49596039129797	6868.383232722
1055	-108.49596039129797	6874.985260971
1056	-108.49596039129797	6884.350065487
1057	-108.49596039129797	6890.341120803
1058	-108.49596039129797	6897.045740655
1059	-108.49596039129797	6905.364855549
1060	-108.49596039129797	6910.11347667
1061	-108.49596039129797	6917.005445954
1062	-108.49596039129797	6924.602597021
1063	-108.49596039129797	6930.555908983
1064	-108.49596039129797	6936.150945473
1065	-108.49596039129797	6942.353090954
1066	-108.49596039129797	6949.000095223
1067	-108.49596039129797	6954.642732636
1068	-108.49596039129797	6960.622330978
1069	-108.49596039129797	6966.744175292
1070	-108.49596039129797	6974.054952477
1071	-108.49596039129797	6980.780180399
1072	-108.49596039129797	6988.048577101
1073	-108.49596039129797	6994.432197557
1074	-108.49596039129797	7000.599616314
1075	-108.49596039129797	7006.876804888
1076	-108.49596039129797	7014.560870269
1077	-108.49596039129797	7020.843414136
1078	-108.49596039129797	7027.50881639
1079	-108.49596039129797	7033.491606411
1080	-108.49596039129797	7040.794422501
1081	-108.49596039129797	7048.373965306
1082	-108.49596039129797	7056.201530809
1083	-108.49596039129797	7061.722499243
1084	-108.49596039129797	7067.736369577
1085	-108.49596039129797	7074.942489618
1086	-108.49596039129797	7082.830815627
1087	-108.49596039129797	7089.126784789
1088	-108.49596039129797	7095.45683122
1089	-108.49596039129797	7101.765965381
1090	-108.49596039129797	7108.044273537
1091	-108.49596039129797	7114.551890803
1092	-108.49596039129797	7121.010692909
1093	-108.49596039129797	7126.452272778
1094	-108.49596039129797	7132.372608521
1095	-108.49596039129797	7138.265909787
1096	-108.49596039129797	7144.186255224
1097	-108.49596039129797	7149.243713147
1098	-108.49596039129797	7154.976874224
1099	-108.49596039129797	7160.831243845
1100	-108.49596039129797	7166.810669702
1101	-108.49596039129797	7173.445648796
1102	-108.49596039129797	7178.820723991
1103	-108.49596039129797	7185.426722808
1104	-108.49596039129797	7192.468512281
1105	-108.49596039129797	7198.516043641
1106	-108.49596039129797	7205.482122035
1107	-108.49596039129797	7212.158679914
1108	-108.49596039129797	7219.34906137
1109	-108.49596039129797	7226.42898307
1110	-108.49596039129797	7231.433853695
1111	-108.49596039129797	7238.402840096
1112	-108.49596039129797	7245.088486919
1113	-108.49596039129797	7251.388289517
1114	-108.49596039129797	7257.686451942
1115	-108.49596039129797	7264.660988357
1116	-108.49596039129797	7271.194003064
1117	-108.49596039129797	7278.3287843
1118	-108.49596039129797	7283.611608703
1119	-108.49596039129797	7289.753728948
1120	-108.49596039129797	7296.038401076
1121	-108.49596039129797	7302.632755039
1122	-108.49596039129797	7308.625187951
1123	-108.49596039129797	7314.675450556
1124	-108.49596039129797	7320.149143079
1125	-108.49596039129797	7326.057669182
1126	-108.49596039129797	7332.38649197
1127	-108.49596039129797	7338.860557117
1128	-108.49596039129797	7343.84784799
1129	-108.49596039129797	7349.235326971
1130	-108.49596039129797	7356.580432882
1131	-108.49596039129797	7362.065192365
1132	-108.49596039129797	7368.842656059
1133	-108.49596039129797	7374.353826794
1134	-108.49596039129797	7381.286634462
1135	-108.49596039129797	7387.300758533
1136	-108.49596039129797	7393.100642954
1137	-108.49596039129797	7398.837727559
1138	-108.49596039129797	7405.402685572
1139	-108.49596039129797	7411.911805878
1140	-108.49596039129797	7418.458327132
1141	-108.49596039129797	7426.38376101
1142	-108.49596039129797	7433.859015018
1143	-108.49596039129797	7441.10148257
1144	-108.49596039129797	7447.828497205
1145	-108.49596039129797	7455.761591968
1146	-108.49596039129797	7462.841492856
1147	-108.49596039129797	7468.767572767
1148	-108.49596039129797	7475.441665113
1149	-108.49596039129797	7482.113976447
1150	-108.49596039129797	7488.628487113
1151	-108.49596039129797	7496.723206003
1152	-108.49596039129797	7504.89780953
1153	-108.49596039129797	7511.47073491
1154	-108.49596039129797	7516.966480953
1155	-108.49596039129797	7524.093965374
1156	-108.49596039129797	7530.385286858
1157	-108.49596039129797	7538.001765331
1158	-108.49596039129797	7545.219466364
1159	-108.49596039129797	7553.413351397
1160	-108.49596039129797	7561.10787163
1161	-108.49596039129797	7568.289309257
1162	-108.49596039129797	7576.189283827
1163	-108.49596039129797	7581.941947075
1164	-108.49596039129797	7588.425508573
1165	-108.49596039129797	7595.641304862
1166	-108.49596039129797	7602.342810297
1167	-108.49596039129797	7608.600615585
1168	-108.49596039129797	7615.894925472
1169	-108.49596039129797	7622.673051166
1170	-108.49596039129797	7629.576050631
1171	-108.49596039129797	7634.85848559
1172	-108.49596039129797	7641.960008074
1173	-108.49596039129797	7647.277515297
1174	-108.49596039129797	7652.668427151
1175	-108.49596039129797	7658.056861783
1176	-108.49596039129797	7663.621114747
1177	-108.49596039129797	7669.201457538
1178	-108.49596039129797	7675.109714508
1179	-108.49596039129797	7682.09746553
1180	-108.49596039129797	7687.897644743
1181	-108.49596039129797	7693.977427601
1182	-108.49596039129797	7701.605971448
1183	-108.49596039129797	7707.847947775
1184	-108.49596039129797	7714.341964409
1185	-108.49596039129797	7719.909980106
1186	-108.49596039129797	7726.634206476
1187	-108.49596039129797	7733.865501583
1188	-108.49596039129797	7739.575435674
1189	-108.49596039129797	7746.189911899
1190	-108.49596039129797	7752.125571979
1191	-108.49596039129797	7758.327882818
1192	-108.49596039129797	7764.133727511
1193	-108.49596039129797	7770.331136933
1194	-108.49596039129797	7776.428428553
1195	-108.49596039129797	7783.208144812
1196	-108.49596039129797	7789.594758234
1197	-108.49596039129797	7795.495096304
1198	-108.49596039129797	7801.555271217
1199	-108.49596039129797	7807.844877262
1200	-108.49596039129797	7813.317055912
1201	-108.49596039129797	7820.475202691
1202	-108.49596039129797	7826.579119433
1203	-108.49596039129797	7832.252212793
1204	-108.49596039129797	7838.70076931
1205	-108.49596039129797	7845.872652142
1206	-108.49596039129797	7852.00705277
1207	-108.49596039129797	7858.715061305
1208	-108.49596039129797	7865.62301493
1209	-108.49596039129797	7873.25451639
1210	-108.49596039129797	7879.116213902
1211	-108.49596039129797	7885.008150685
1212	-108.49596039129797	7892.318276704
1213	-108.49596039129797	7897.844471282
1214	-108.49596039129797	7904.902053223
1215	-108.49596039129797	7910.419135763
1216	-108.49596039129797	7917.562150077
1217	-108.49596039129797	7923.885622704
1218	-108.49596039129797	7930.011074086
1219	-108.49596039129797	7937.403946563
1220	-108.49596039129797	7944.025860727
1221	-108.49596039129797	7949.730392769
1222	-108.49596039129797	7955.946198466
1223	-108.49596039129797	7963.186376961
1224	-108.49596039129797	7969.520836719
1225	-108.49596039129797	7975.553750786
1226	-108.49596039129797	7981.934539073
1227	-108.49596039129797	7987.979826706
1228	-108.49596039129797	7993.280089168
1229	-108.49596039129797	7999.754360441
1230	-108.49596039129797	8006.000224088
1231	-108.49596039129797	8011.633420745
1232	-108.49596039129797	8017.638551095
1233	-108.49596039129797	8023.235435309
1234	-108.49596039129797	8028.375153312
1235	-108.49596039129797	8035.41552613
1236	-108.49596039129797	8040.788186539
1237	-108.49596039129797	8046.783474429
1238	-108.49596039129797	8053.752813781
1239	-108.49596039129797	8060.657026627
1240	-108.49596039129797	8066.012149193
1241	-108.49596039129797	8071.866279047
1242	-108.49596039129797	8077.233236058
1243	-108.49596039129797	8084.843373082
1244	-108.49596039129797	8091.699143963
1245	-108.49596039129797	8099.325748854
1246	-108.49596039129797	8105.632098172
1247	-108.49596039129797	8112.37696939
1248	-108.49596039129797	8120.849795784
1249	-108.49596039129797	8127.993291629
1250	-108.49596039129797	8134.711626722
1251	-108.49596039129797	8140.85084067
1252	-108.49596039129797	8145.750906471
1253	-108.49596039129797	8152.871925995
1254	-108.49596039129797	8159.628632228
1255	-108.49596039129797	8165.094807556
1256	-108.49596039129797	8171.618701957
1257	-108.49596039129797	8179.360589333
1258	-108.49596039129797	8187.388310899
1259	-108.49596039129797	8193.455181924
1260	-108.49596039129797	8200.078727137
1261	-108.49596039129797	8207.254527794
1262	-108.49596039129797	8213.915418933
1263	-108.49596039129797	8219.035066562
1264	-108.49596039129797	8225.686240684
1265	-108.49596039129797	8232.660675319
1266	-108.49596039129797	8238.533815549
1267	-108.49596039129797	8245.853202713
1268	-108.49596039129797	8252.157829464
1269	-108.49596039129797	8259.030542332
1270	-108.49596039129797	8265.59938738
1271	-108.49596039129797	8271.845980309
1272	-108.49596039129797	8278.283775208
1273	-108.49596039129797	8285.800314635
1274	-108.49596039129797	8294.704477588
1275	-108.49596039129797	8300.3127877
1276	-108.49596039129797	8305.720445678
1277	-108.49596039129797	8311.45366691
1278	-108.49596039129797	8318.532409158
1279	-108.49596039129797	8324.970715238
1280	-108.49596039129797	8332.483168062
1281	-108.49596039129797	8339.468398527
1282	-108.49596039129797	8344.228965565
1283	-108.49596039129797	8349.354058294
1284	-108.49596039129797	8354.554452414
1285	-108.49596039129797	8360.819232925
1286	-108.49596039129797	8367.300200025
1287	-108.49596039129797	8372.986982967
1288	-108.49596039129797	8379.688895522
1289	-108.49596039129797	8385.522665627
1290	-108.49596039129797	8390.954611157
1291	-108.49596039129797	8396.49611097
1292	-108.49596039129797	8401.86475719
1293	-108.49596039129797	8407.519182862
1294	-108.49596039129797	8414.665107462
1295	-108.49596039129797	8422.37198216
1296	-108.49596039129797	8427.442129539
1297	-108.49596039129797	8433.774116636
1298	-108.49596039129797	8439.772708819
1299	-108.49596039129797	8447.006665606
1300	-108.49596039129797	8453.770129532
1301	-108.49596039129797	8459.055734217
1302	-108.49596039129797	8464.341203196
1303	-108.49596039129797	8470.800802724
1304	-108.49596039129797	8474.41512357
1305	-108.49596039129797	8479.748305516
1306	-108.49596039129797	8485.307524779
1307	-108.49596039129797	8492.16296238
1308	-108.49596039129797	8498.757645063
1309	-108.49596039129797	8505.324764979
1310	-108.49596039129797	8509.856225899
1311	-108.49596039129797	8516.179455906
1312	-108.49596039129797	8522.927051527
1313	-108.49596039129797	8528.01417596
1314	-108.49596039129797	8534.166446
1315	-108.49596039129797	8538.606545637
1316	-108.49596039129797	8543.146772199
1317	-108.49596039129797	8548.418009054
1318	-108.49596039129797	8554.62298699
1319	-108.49596039129797	8560.809321186
1320	-108.49596039129797	8566.960967146
1321	-108.49596039129797	8572.696538732
1322	-108.49596039129797	8578.635284434
1323	-108.49596039129797	8583.709407229
1324	-108.49596039129797	8588.566198763
1325	-108.49596039129797	8594.129689089
1326	-108.49596039129797	8599.487420308
1327	-108.49596039129797	8605.217322992
1328	-108.49596039129797	8610.564381829
1329	-108.49596039129797	8615.520861523
1330	-108.49596039129797	8621.285041331
1331	-108.49596039129797	8626.377581497
1332	-108.49596039129797	8633.553957483
1333	-108.49596039129797	8638.575733887
1334	-108.49596039129797	8644.388043762
1335	-108.49596039129797	8649.316369394
1336	-108.49596039129797	8654.956238785
1337	-108.49596039129797	8658.706964789
1338	-108.49596039129797	8663.299594761
1339	-108.49596039129797	8668.626445236
1340	-108.49596039129797	8673.45855179
1341	-108.49596039129797	8677.183169316
1342	-108.49596039129797	8680.610474011
1343	-108.49596039129797	8687.04520752
1344	-108.49596039129797	8691.633895719
1345	-108.49596039129797	8694.853336994
1346	-108.49596039129797	8697.336380183
1347	-108.49596039129797	8700.870966923
1348	-108.49596039129797	8705.069130432
1349	-108.49596039129797	8708.087961767
1350	-108.49596039129797	8711.7731875
1351	-108.49596039129797	8717.145436512
1352	-108.49596039129797	8723.448357803
1353	-108.49596039129797	8729.363553789
1354	-108.49596039129797	8734.560117324
1355	-108.49596039129797	8740.420396755
1356	-108.49596039129797	8746.121496779
1357	-108.49596039129797	8753.327601996
1358	-108.49596039129797	8759.098320826
1359	-108.49596039129797	8765.041122627
1360	-108.49596039129797	8770.592691839
1361	-108.49596039129797	8775.322489322
1362	-108.49596039129797	8781.372818924
1363	-108.49596039129797	8786.653269597
1364	-108.49596039129797	8791.391057824
1365	-108.49596039129797	8798.459031611
1366	-108.49596039129797	8804.264837816
1367	-108.49596039129797	8810.862626363
1368	-108.49596039129797	8816.059589606
1369	-108.49596039129797	8821.900166726
1370	-108.49596039129797	8827.982805986
1371	-108.49596039129797	8834.137602001
1372	-108.49596039129797	8840.45051714
1373	-108.49596039129797	8845.665265977
1374	-108.49596039129797	8852.412009723
1375	-108.49596039129797	8857.932796835
1376	-108.49596039129797	8863.637818961
1377	-108.49596039129797	8869.081753459
1378	-108.49596039129797	8874.270558035
1379	-108.49596039129797	8880.3919422
1380	-108.49596039129797	8886.446686555
1381	-108.49596039129797	8892.721450365
1382	-108.49596039129797	8899.297381255
1383	-108.49596039129797	8905.636634091
1384	-108.49596039129797	8911.800410143
1385	-108.49596039129797	8916.020611206
1386	-108.49596039129797	8920.600779517
1387	-108.49596039129797	8926.654253472
1388	-108.49596039129797	8931.531757707
1389	-108.49596039129797	8937.121918155
1390	-108.49596039129797	8944.48551756
1391	-108.49596039129797	8950.646952666
1392	-108.49596039129797	8955.480987912
1393	-108.49596039129797	8961.644365111
1394	-108.49596039129797	8967.096309455
1395	-108.49596039129797	8973.62053172
1396	-108.49596039129797	8979.153222555
1397	-108.49596039129797	8984.910338475
1398	-108.49596039129797	8990.388319737
1399	-108.49596039129797	8995.320089932
1400	-108.49596039129797	9001.816797613
1401	-108.49596039129797	9006.585657885
1402	-108.49596039129797	9011.612078831
1403	-108.49596039129797	9013.856765875
1404	-108.49596039129797	9016.787157048
1405	-108.49596039129797	9021.155912746
1406	-108.49596039129797	9023.791728319
1407	-108.49596039129797	9028.092273884
1408	-108.49596039129797	9031.969813186
1409	-108.49596039129797	9034.785234343
1410	-108.49596039129797	9037.216012679
1411	-108.49596039129797	9040.281581944
1412	-108.49596039129797	9042.738749295
1413	-108.49596039129797	9045.061632908
1414	-108.49596039129797	9047.736141498
1415	-108.49596039129797	9051.95171598
1416	-108.49596039129797	9055.455108084
1417	-108.49596039129797	9060.085462022
1418	-108.49596039129797	9065.32855565
1419	-108.49596039129797	9070.500537981
1420	-108.49596039129797	9075.785876385
1421	-108.49596039129797	9079.717772878
1422	-108.49596039129797	9082.720845671
1423	-108.49596039129797	9086.731007727
1424	-108.49596039129797	9092.104788574
1425	-108.49596039129797	9097.085352544
1426	-108.49596039129797	9101.524921327
1427	-108.49596039129797	9108.461480894
1428	-108.49596039129797	9114.232864004
1429	-108.49596039129797	9119.802969473
1430	-108.49596039129797	9124.161507522
1431	-108.49596039129797	9127.190970755
1432	-108.49596039129797	9132.325158415
1433	-108.49596039129797	9135.196453202
1434	-108.49596039129797	9137.577344694
1435	-108.49596039129797	9141.024132744
1436	-108.49596039129797	9145.111733291
1437	-108.49596039129797	9149.290006609
1438	-108.49596039129797	9153.304081928
1439	-108.49596039129797	9157.435387526
1440	-108.49596039129797	9160.959718414
1441	-108.49596039129797	9163.730422704
1442	-108.49596039129797	9166.60337648
1443	-108.49596039129797	9169.522978665
1444	-108.49596039129797	9172.12859602
1445	-108.49596039129797	9174.626388502
1446	-108.49596039129797	9178.099244546
1447	-108.49596039129797	9180.972658471
1448	-108.49596039129797	9184.258770062
1449	-108.49596039129797	9189.954955271
1450	-108.49596039129797	9194.006712077
1451	-108.49596039129797	9198.904406142
1452	-108.49596039129797	9205.194087168
1453	-108.49596039129797	9210.569030077
1454	-108.49596039129797	9215.768076251
1455	-108.49596039129797	9220.441529121
1456	-108.49596039129797	9225.899016353
1457	-108.49596039129797	9232.493054997
1458	-108.49596039129797	9238.001934679
1459	-108.49596039129797	9242.934085481
1460	-108.49596039129797	9249.541233246
1461	-108.49596039129797	9255.660902257
1462	-108.49596039129797	9260.940459716
1463	-108.49596039129797	9267.904588606
1464	-108.49596039129797	9274.085995727
1465	-108.49596039129797	9280.627670875
1466	-108.49596039129797	9287.273515648
1467	-108.49596039129797	9293.944148607
1468	-108.49596039129797	9300.250248749
1469	-108.49596039129797	9306.320361631
1470	-108.49596039129797	9311.107471067
1471	-108.49596039129797	9314.491107203
1472	-108.49596039129797	9317.698889085
1473	-108.49596039129797	9320.236431443
1474	-108.49596039129797	9326.559899794
1475	-108.49596039129797	9330.447848047
1476	-108.49596039129797	9333.282391909
1477	-108.49596039129797	9337.44963362
1478	-108.49596039129797	9340.909706696
1479	-108.49596039129797	9343.819918872
1480	-108.49596039129797	9346.595810818
1481	-108.49596039129797	9352.398956482
1482	-108.49596039129797	9357.591774961
1483	-108.49596039129797	9363.254064794
1484	-108.49596039129797	9369.097023057
1485	-108.49596039129797	9372.842197335
1486	-108.49596039129797	9376.380142253
1487	-108.49596039129797	9381.44522571
1488	-108.49596039129797	9388.56808355
1489	-108.49596039129797	9392.360496391
1490	-108.49596039129797	9397.614877929
1491	-108.49596039129797	9403.41838909
1492	-108.49596039129797	9409.777018085
1493	-108.49596039129797	9413.194769124
1494	-108.49596039129797	9419.204790626
1495	-108.49596039129797	9424.468894313
1496	-108.49596039129797	9430.425482059
1497	-108.49596039129797	9434.560242482
1498	-108.49596039129797	9438.559323324
1499	-108.49596039129797	9442.133399647
1500	-108.49596039129797	9447.896943686
1501	-108.49596039129797	9453.249941982
1502	-108.49596039129797	9458.246511391
1503	-108.49596039129797	9463.400982108
1504	-108.49596039129797	9469.232271854
1505	-108.49596039129797	9474.43243533
1506	-108.49596039129797	9480.472195756
1507	-108.49596039129797	9485.951648697
1508	-108.49596039129797	9492.366871196
1509	-108.49596039129797	9496.753048132
1510	-108.49596039129797	9502.245766143
1511	-108.49596039129797	9506.883539203
1512	-108.49596039129797	9514.882607786
1513	-108.49596039129797	9520.199719292
1514	-108.49596039129797	9524.575429686
1515	-108.49596039129797	9528.385690843
1516	-108.49596039129797	9531.746995203
1517	-108.49596039129797	9536.857940767
1518	-108.49596039129797	9543.556488874
1519	-108.49596039129797	9549.559289682
1520	-108.49596039129797	9555.526122733
1521	-108.49596039129797	9561.725309175
1522	-108.49596039129797	9567.61175724
1523	-108.49596039129797	9573.966820506
1524	-108.49596039129797	9577.923682516
1525	-108.49596039129797	9582.614259265
1526	-108.49596039129797	9589.227397808
1527	-108.49596039129797	9593.040859196
1528	-108.49596039129797	9597.1720365
1529	-108.49596039129797	9602.914740683
1530	-108.49596039129797	9609.972813849
1531	-108.49596039129797	9616.755522503
1532	-108.49596039129797	9621.921296526
1533	-108.49596039129797	9628.959109443
1534	-108.49596039129797	9636.114096759
1535	-108.49596039129797	9641.745473346
1536	-108.49596039129797	9648.691310593
1537	-108.49596039129797	9654.390622764
1538	-108.49596039129797	9659.283268017
1539	-108.49596039129797	9664.876313948
1540	-108.49596039129797	9671.139032341
1541	-108.49596039129797	9676.258790304
1542	-108.49596039129797	9682.103336281
1543	-108.49596039129797	9687.082741326
1544	-108.49596039129797	9691.07460233
1545	-108.49596039129797	9696.160928201
1546	-108.49596039129797	9700.98456362
1547	-108.49596039129797	9706.49738308
1548	-108.49596039129797	9711.779273785
1549	-108.49596039129797	9714.852883117
1550	-108.49596039129797	9717.730458057
1551	-108.49596039129797	9720.543932274
1552	-108.49596039129797	9724.221569536
1553	-108.49596039129797	9726.462739604
1554	-108.49596039129797	9728.736131805
1555	-108.49596039129797	9731.081809339
1556	-108.49596039129797	9733.782255917
1557	-108.49596039129797	9736.170443939
1558	-108.49596039129797	9738.839687042
1559	-108.49596039129797	9741.374548333
1560	-108.49596039129797	9744.321935945
1561	-108.49596039129797	9746.58409754
1562	-108.49596039129797	9750.213888409
1563	-108.49596039129797	9753.983939254
1564	-108.49596039129797	9759.179721048
1565	-108.49596039129797	9764.496410608
1566	-108.49596039129797	9771.422775903
1567	-108.49596039129797	9777.827687525
1568	-108.49596039129797	9785.377447215
1569	-108.49596039129797	9791.827923587
1570	-108.49596039129797	9797.711458513
1571	-108.49596039129797	9804.795698318
1572	-108.49596039129797	9813.005278601
1573	-108.49596039129797	9819.954552427
1574	-108.49596039129797	9826.601134465
1575	-108.49596039129797	9833.174284217
1576	-108.49596039129797	9839.286785279
1577	-108.49596039129797	9846.017700919
1578	-108.49596039129797	9851.477126537
1579	-108.49596039129797	9858.211148326
1580	-108.49596039129797	9863.561325857
1581	-108.49596039129797	9868.133271068
1582	-108.49596039129797	9874.694686446
1583	-108.49596039129797	9880.875260509
1584	-108.49596039129797	9887.063660815
1585	-108.49596039129797	9895.124040429
1586	-108.49596039129797	9900.33972553
1587	-108.49596039129797	9906.607292025
1588	-108.49596039129797	9911.983800696
1589	-108.49596039129797	9918.883115261
1590	-108.49596039129797	9925.077367217
1591	-108.49596039129797	9931.95542825
1592	-108.49596039129797	9937.969489029
1593	-108.49596039129797	9944.26286864
1594	-108.49596039129797	9950.497323494
1595	-108.49596039129797	9956.758754096
1596	-108.49596039129797	9963.668736768
1597	-108.49596039129797	9969.501991129
1598	-108.49596039129797	9975.715413687
1599	-108.49596039129797	9981.741484531
1600	-108.49596039129797	9987.097566455
1601	-108.49596039129797	9992.65793267
1602	-108.49596039129797	9999.034243767
1603	-108.49596039129797	10004.763573404
1604	-108.49596039129797	10011.591826849
1605	-108.49596039129797	10019.097298177
1606	-108.49596039129797	10025.232847183
1607	-108.49596039129797	10032.9465403
1608	-108.49596039129797	10037.384606612
1609	-108.49596039129797	10044.300226254
1610	-108.49596039129797	10050.857591236
1611	-108.49596039129797	10056.70297968
1612	-108.49596039129797	10061.885825694
1613	-108.49596039129797	10067.505055654
1614	-108.49596039129797	10071.794228349
1615	-108.49596039129797	10075.62366695
1616	-108.49596039129797	10079.884147889
1617	-108.49596039129797	10083.356633019
1618	-108.49596039129797	10088.060758226
1619	-108.49596039129797	10091.876041394
1620	-108.49596039129797	10094.944311969
1621	-108.49596039129797	10097.6461695
1622	-108.49596039129797	10101.473507494
1623	-108.49596039129797	10106.349949737
1624	-108.49596039129797	10111.631649712
1625	-108.49596039129797	10115.050187909
1626	-108.49596039129797	10121.256814285
1627	-108.49596039129797	10127.253234016
1628	-108.49596039129797	10133.517613679
1629	-108.49596039129797	10139.85212618
1630	-108.49596039129797	10146.373102027
1631	-108.49596039129797	10153.482629225
1632	-108.49596039129797	10159.807537609
1633	-108.49596039129797	10166.78912879
1634	-108.49596039129797	10174.284862289
1635	-108.49596039129797	10180.260130838
1636	-108.49596039129797	10187.541361825
1637	-108.49596039129797	10193.420436669
1638	-108.49596039129797	10201.113206966
1639	-108.49596039129797	10208.917318545
1640	-108.49596039129797	10216.163187038
1641	-108.49596039129797	10222.409806481
1642	-108.49596039129797	10229.020121121
1643	-108.49596039129797	10236.461469205
1644	-108.49596039129797	10242.401704833
1645	-108.49596039129797	10247.271605772
1646	-108.49596039129797	10253.964295387
1647	-108.49596039129797	10259.91476121
1648	-108.49596039129797	10266.721065197
1649	-108.49596039129797	10273.144682426
1650	-108.49596039129797	10279.437874156
1651	-108.49596039129797	10284.387677125
1652	-108.49596039129797	10290.563305297
1653	-108.49596039129797	10297.68991418
1654	-108.49596039129797	10304.233374901
1655	-108.49596039129797	10311.315333061
1656	-108.49596039129797	10316.473265731
1657	-108.49596039129797	10322.539713955
1658	-108.49596039129797	10330.105908441
1659	-108.49596039129797	10337.237270203
1660	-108.49596039129797	10343.815019737
1661	-108.49596039129797	10351.359788206
1662	-108.49596039129797	10357.269042451
1663	-108.49596039129797	10362.809937284
1664	-108.49596039129797	10368.52121419
1665	-108.49596039129797	10375.328477248
1666	-108.49596039129797	10381.463013584
1667	-108.49596039129797	10389.108670477
1668	-108.49596039129797	10395.244352909
1669	-108.49596039129797	10402.13768525
1670	-108.49596039129797	10407.481853187
1671	-108.49596039129797	10413.315123798
1672	-108.49596039129797	10419.470045827
1673	-108.49596039129797	10425.835423391
1674	-108.49596039129797	10431.616836272
1675	-108.49596039129797	10438.140971867
1676	-108.49596039129797	10443.117529917
1677	-108.49596039129797	10449.200634173
1678	-108.49596039129797	10456.895391609
1679	-108.49596039129797	10463.672165079
1680	-108.49596039129797	10470.171852896
1681	-108.49596039129797	10475.533246492
1682	-108.49596039129797	10483.132088194
1683	-108.49596039129797	10488.738052514
1684	-108.49596039129797	10495.297112692
1685	-108.49596039129797	10501.200029194
1686	-108.49596039129797	10508.124098875
1687	-108.49596039129797	10515.490265307
1688	-108.49596039129797	10521.156750936
1689	-108.49596039129797	10528.173911023
1690	-108.49596039129797	10534.18900557
1691	-108.49596039129797	10540.38379009
1692	-108.49596039129797	10546.24359027
1693	-108.49596039129797	10551.570889491
1694	-108.49596039129797	10557.943329804
1695	-108.49596039129797	10563.979584942
1696	-108.49596039129797	10569.756089849
1697	-108.49596039129797	10575.41940176
1698	-108.49596039129797	10581.106413921
1699	-108.49596039129797	10587.767264576
1700	-108.49596039129797	10593.184023757
1701	-108.49596039129797	10598.771370566
1702	-108.49596039129797	10605.421650048
1703	-108.49596039129797	10612.604907175
1704	-108.49596039129797	10618.842324489
1705	-108.49596039129797	10624.545940224
1706	-108.49596039129797	10630.078087661
1707	-108.49596039129797	10636.840084184
1708	-108.49596039129797	10643.891906278
1709	-108.49596039129797	10651.25318555
1710	-108.49596039129797	10658.523369535
1711	-108.49596039129797	10665.020501728
1712	-108.49596039129797	10671.326435657
1713	-108.49596039129797	10678.386544143
1714	-108.49596039129797	10684.35526198
1715	-108.49596039129797	10690.448254027
1716	-108.49596039129797	10696.883940052
1717	-108.49596039129797	10701.888137559
1718	-108.49596039129797	10707.18270489
1719	-108.49596039129797	10713.139372179
1720	-108.49596039129797	10719.756277159
1721	-108.49596039129797	10725.274505226
1722	-108.49596039129797	10731.389269115
1723	-108.49596039129797	10737.342459056
1724	-108.49596039129797	10744.229729915
1725	-108.49596039129797	10750.393932759
1726	-108.49596039129797	10756.264567542
1727	-108.49596039129797	10763.54428038
1728	-108.49596039129797	10769.949727417
1729	-108.49596039129797	10775.221663619
1730	-108.49596039129797	10782.088953055
1731	-108.49596039129797	10788.282162975
1732	-108.49596039129797	10794.377287845
1733	-108.49596039129797	10799.692393968
1734	-108.49596039129797	10805.059193604
1735	-108.49596039129797	10809.621451734
1736	-108.49596039129797	10814.844337571
1737	-108.49596039129797	10821.019526976
1738	-108.49596039129797	10826.679491544
1739	-108.49596039129797	10832.029539925
1740	-108.49596039129797	10837.070547087
1741	-108.49596039129797	10841.96702036
1742	-108.49596039129797	10846.587645023
1743	-108.49596039129797	10851.482899499
1744	-108.49596039129797	10858.215662863
1745	-108.49596039129797	10862.937193911
1746	-108.49596039129797	10868.951530666
1747	-108.49596039129797	10873.903397178
1748	-108.49596039129797	10878.762739205
1749	-108.49596039129797	10884.760576447
1750	-108.49596039129797	10891.743292912
1751	-108.49596039129797	10896.587616513
1752	-108.49596039129797	10901.365901291
1753	-108.49596039129797	10907.259074832
1754	-108.49596039129797	10914.895552404
1755	-108.49596039129797	10920.086196151
1756	-108.49596039129797	10925.08562738
1757	-108.49596039129797	10931.587253297
1758	-108.49596039129797	10938.322052551
1759	-108.49596039129797	10944.408832299
1760	-108.49596039129797	10950.386737154
1761	-108.49596039129797	10958.444316245
1762	-108.49596039129797	10964.473881544
1763	-108.49596039129797	10971.656294493
1764	-108.49596039129797	10977.462710239
1765	-108.49596039129797	10983.721931897
1766	-108.49596039129797	10988.935446541
1767	-108.51165469744672	10995.118082723
1768	-108.51165469744672	11001.057963404
1769	-108.51165469744672	11008.363751362
1770	-108.51165469744672	11014.66166005
1771	-108.51165469744672	11020.709688906
1772	-108.51165469744672	11025.593258045
1773	-108.51165469744672	11032.652624133
1774	-108.51165469744672	11038.608226863
1775	-108.51165469744672	11044.525423956
1776	-108.51165469744672	11051.370545263
1777	-108.51165469744672	11057.544038046
1778	-108.51165469744672	11063.830970436
1779	-108.51165469744672	11068.936818151
1780	-108.51165469744672	11075.197858738
1781	-108.51165469744672	11081.032955407
1782	-108.51165469744672	11088.737978103
1783	-108.51165469744672	11095.540744016
1784	-108.51165469744672	11100.393315806
1785	-108.51165469744672	11105.721288144
1786	-108.51165469744672	11111.141324534
1787	-108.51165469744672	11116.849785805
1788	-108.51165469744672	11123.615943343
1789	-108.51165469744672	11129.445061493
1790	-108.51165469744672	11136.651667057
1791	-108.51165469744672	11142.430216407
1792	-108.51165469744672	11150.302094791
1793	-108.51165469744672	11157.67332429
1794	-108.51165469744672	11162.32066412
1795	-108.51165469744672	11167.743543229
1796	-108.51165469744672	11173.075274593
1797	-108.51165469744672	11179.257326607
1798	-108.51165469744672	11185.306574261
1799	-108.51165469744672	11191.999357103
1800	-108.51165469744672	11197.937965958
1801	-108.51165469744672	11204.086907472
1802	-108.51165469744672	11211.036642017
1803	-108.51165469744672	11216.467247013
1804	-108.51165469744672	11223.506118217
1805	-108.51165469744672	11229.163090389
1806	-108.51165469744672	11235.182445451
1807	-108.51165469744672	11241.702753597
1808	-108.51165469744672	11248.15161745
1809	-108.51165469744672	11253.982012557
1810	-108.51165469744672	11259.204316507
1811	-108.51165469744672	11265.736515262
1812	-108.51165469744672	11271.49547748
1813	-108.51165469744672	11278.140168459
1814	-108.51165469744672	11284.313256402
1815	-108.51165469744672	11290.866587238
1816	-108.51165469744672	11297.844034796
1817	-108.51165469744672	11303.796602651
1818	-108.51165469744672	11311.498529746
1819	-108.51165469744672	11317.981846344
1820	-108.51165469744672	11323.776329287
1821	-108.51165469744672	11328.97061745
1822	-108.51165469744672	11335.654631228
1823	-108.51165469744672	11342.641166304
1824	-108.51165469744672	11348.845121307
1825	-108.51165469744672	11354.00950918
1826	-108.51165469744672	11359.883726228
1827	-108.51165469744672	11364.497598329
1828	-108.51165469744672	11368.374635858
1829	-108.51165469744672	11375.316744299
1830	-108.51165469744672	11382.132446563
1831	-108.51165469744672	11389.213856193
1832	-108.51165469744672	11396.134795775
1833	-108.51165469744672	11404.099501134
1834	-108.51165469744672	11411.344965928
1835	-108.51165469744672	11416.839301588
1836	-108.51165469744672	11421.724015113
1837	-108.51165469744672	11426.416226047
1838	-108.51165469744672	11432.357509983
1839	-108.51165469744672	11437.874711409
1840	-108.51165469744672	11443.164640756
1841	-108.51165469744672	11448.848278204
1842	-108.51165469744672	11455.86263349
1843	-108.51165469744672	11461.761620478
1844	-108.51165469744672	11468.416108016
1845	-108.51165469744672	11477.108053808
1846	-108.51165469744672	11482.97696403
1847	-108.51165469744672	11488.712210318
1848	-108.51165469744672	11494.685253102
1849	-108.51165469744672	11500.520496596
1850	-108.51165469744672	11506.727438007
1851	-108.51165469744672	11512.173153801
1852	-108.51165469744672	11518.268372754
1853	-108.51165469744672	11524.337023365
1854	-108.51165469744672	11530.803620639
1855	-108.51165469744672	11535.578905039
1856	-108.51165469744672	11541.584119493
1857	-108.51165469744672	11547.888826357
1858	-108.51165469744672	11554.32114166
1859	-108.51165469744672	11560.360530603
1860	-108.51165469744672	11565.752646143
1861	-108.51165469744672	11571.306029722
1862	-108.51165469744672	11578.262701572
1863	-108.51165469744672	11584.123011793
1864	-108.51165469744672	11590.047117966
1865	-108.51165469744672	11595.044987139
1866	-108.51165469744672	11599.355405955
1867	-108.51165469744672	11604.310513183
1868	-108.51165469744672	11609.481168095
1869	-108.51165469744672	11614.736413197
1870	-108.51165469744672	11617.485781846
1871	-108.51165469744672	11619.798983224
1872	-108.51165469744672	11621.964965939
1873	-108.51165469744672	11624.177035989
1874	-108.51165469744672	11626.443682756
1875	-108.51165469744672	11629.056446109
1876	-108.51165469744672	11631.869590752
1877	-108.51165469744672	11635.512205928
1878	-108.51165469744672	11639.881359624
1879	-108.51165469744672	11646.413257885
1880	-108.51165469744672	11652.35352858
1881	-108.51165469744672	11658.709039451
1882	-108.51165469744672	11663.493495475
1883	-108.51165469744672	11669.044836322
1884	-108.51165469744672	11676.017936411
1885	-108.51165469744672	11682.591684015
1886	-108.51165469744672	11688.106706147
1887	-108.51165469744672	11693.51552248
1888	-108.51165469744672	11700.057322502
1889	-108.51165469744672	11706.409984667
1890	-108.51165469744672	11712.315918653
1891	-108.51165469744672	11718.977745486
1892	-108.51165469744672	11725.879783029
1893	-108.51165469744672	11731.853971053
1894	-108.51165469744672	11737.918352027
1895	-108.51165469744672	11744.681796281
1896	-108.51165469744672	11750.197461311
1897	-108.51165469744672	11755.075062194
1898	-108.51165469744672	11761.841896841
1899	-108.51165469744672	11768.682017518
1900	-108.51165469744672	11775.074263633
1901	-108.51165469744672	11780.679045649
1902	-108.51165469744672	11786.709789546
1903	-108.51165469744672	11792.515422126
1904	-108.51165469744672	11798.252592544
1905	-108.51165469744672	11803.973747547
1906	-108.51165469744672	11809.568740987
1907	-108.51165469744672	11814.58895391
1908	-108.51165469744672	11821.110684128
1909	-108.51165469744672	11826.761083637
1910	-108.51165469744672	11832.03974275
1911	-108.51165469744672	11837.565753724
1912	-108.51165469744672	11842.385758411
1913	-108.51165469744672	11847.011542789
1914	-108.51165469744672	11852.323012193
1915	-108.51165469744672	11857.921709919
1916	-108.51165469744672	11863.171574925
1917	-108.51165469744672	11866.41549933
1918	-108.51165469744672	11868.616812039
1919	-108.51165469744672	11871.60292745
1920	-108.51165469744672	11874.066539171
1921	-108.51165469744672	11876.412447635
1922	-108.51165469744672	11879.092796185
1923	-108.51165469744672	11882.367783227
1924	-108.51165469744672	11884.9413535
1925	-108.51165469744672	11887.23393569
1926	-108.51165469744672	11890.208888064
1927	-108.51165469744672	11895.531312668
1928	-108.51165469744672	11898.430800289
1929	-108.51165469744672	11902.316723202
1930	-108.51165469744672	11905.329132975
1931	-108.51165469744672	11910.011902868
1932	-108.51165469744672	11912.387597867
1933	-108.51165469744672	11915.718182565
1934	-108.51165469744672	11918.870185183
1935	-108.51165469744672	11921.690656291
1936	-108.51165469744672	11927.192998947
1937	-108.51165469744672	11929.795047723
1938	-108.51165469744672	11934.183673085
1939	-108.51165469744672	11937.065618587
1940	-108.51165469744672	11941.925263103
1941	-108.51165469744672	11946.910109826
1942	-108.51165469744672	11950.436997478
1943	-108.51165469744672	11954.990318906
1944	-108.51165469744672	11958.27294374
1945	-108.51165469744672	11961.705929025
1946	-108.51165469744672	11966.488912799
1947	-108.51165469744672	11968.982285681
1948	-108.51165469744672	11971.33978483
1949	-108.51165469744672	11973.929685268
1950	-108.51165469744672	11976.639653571
1951	-108.51165469744672	11979.451257827
1952	-108.51165469744672	11982.510117295
1953	-108.51165469744672	11986.205663884
1954	-108.51165469744672	11991.399407508
1955	-108.51165469744672	11995.506255349
1956	-108.51165469744672	12000.90357622
1957	-108.51165469744672	12007.148489633
1958	-108.51165469744672	12012.267114614
1959	-108.51165469744672	12017.5269518
1960	-108.51165469744672	12022.348490317
1961	-108.51165469744672	12027.857402786
1962	-108.51165469744672	12033.921520328
1963	-108.51165469744672	12040.211263221
1964	-108.51165469744672	12044.674065832
1965	-108.51165469744672	12049.042543844
1966	-108.51165469744672	12053.421877272
1967	-108.51165469744672	12058.647394854
1968	-108.51165469744672	12063.935734776
1969	-108.51165469744672	12068.172132008
1970	-108.51165469744672	12073.298041829
1971	-108.51165469744672	12078.290670888
1972	-108.51165469744672	12083.42525398
1973	-108.51165469744672	12088.658333234
1974	-108.51165469744672	12093.691860548
1975	-108.51165469744672	12099.014336185
1976	-108.51165469744672	12103.63813428
1977	-108.51165469744672	12109.291099392
1978	-108.51165469744672	12113.309832368
1979	-108.51165469744672	12117.828135985
1980	-108.51165469744672	12122.309418975
1981	-108.51165469744672	12127.484138537
1982	-108.51165469744672	12132.041502664
1983	-108.51165469744672	12135.559337294
1984	-108.51165469744672	12137.788659232
1985	-108.51165469744672	12141.45782764
1986	-108.51165469744672	12144.204702816
1987	-108.51165469744672	12147.355024778
1988	-108.51165469744672	12150.182632761
1989	-108.51165469744672	12153.317477858
1990	-108.51165469744672	12156.54276394
1991	-108.51165469744672	12159.958863403
1992	-108.51165469744672	12162.455482988
1993	-108.51165469744672	12164.800490256
1994	-108.51165469744672	12167.675400378
1995	-108.51165469744672	12172.556559008
1996	-108.51165469744672	12175.243924691
1997	-108.51165469744672	12177.57448601
1998	-108.51165469744672	12180.113697621
1999	-108.51165469744672	12183.096846011
2000	-108.51165469744672	12185.582980239
2001	-108.51165469744672	12189.061606679
2002	-108.51165469744672	12192.846841307
2003	-108.51165469744672	12196.189884244
2004	-108.51165469744672	12198.74587391
2005	-108.51165469744672	12201.107405209
2006	-108.51165469744672	12204.077019111
2007	-108.51165469744672	12206.654226103
2008	-108.51165469744672	12209.426011202
2009	-108.51165469744672	12212.52838442
2010	-108.51165469744672	12216.017012691
2011	-108.51165469744672	12218.52781964
2012	-108.51165469744672	12220.603211123
2013	-108.51165469744672	12222.568606706
2014	-108.51165469744672	12224.729284591
2015	-108.51165469744672	12227.381980284
2016	-108.51165469744672	12230.330830167
2017	-108.51165469744672	12232.4835538
2018	-108.51165469744672	12236.432008822
2019	-108.51165469744672	12239.333792912
2020	-108.51165469744672	12243.44720686
2021	-108.51165469744672	12246.851341019
2022	-108.51165469744672	12249.30547378
2023	-108.51165469744672	12252.043787159
2024	-108.51165469744672	12254.237243119
2025	-108.51165469744672	12256.762092316
2026	-108.51165469744672	12259.142912248
2027	-108.51165469744672	12261.756729611
2028	-108.51165469744672	12264.864952483
2029	-108.51165469744672	12267.735694178
2030	-108.51165469744672	12270.181725577
2031	-108.51165469744672	12272.729411745
2032	-108.51165469744672	12275.591756145
2033	-108.51165469744672	12277.989583921
2034	-108.51165469744672	12280.539360433
2035	-108.51165469744672	12283.799821699
2036	-108.51165469744672	12286.361223393
2037	-108.51165469744672	12288.505427138
2038	-108.51165469744672	12292.80638581
2039	-108.51165469744672	12298.393012746
2040	-108.51165469744672	12304.020810205
2041	-108.51165469744672	12309.564698289
2042	-108.51165469744672	12314.637170077
2043	-108.51165469744672	12318.250517597
2044	-108.51165469744672	12321.173458001
2045	-108.51165469744672	12325.546126964
2046	-108.51165469744672	12328.378709917
2047	-108.51165469744672	12334.46621182
2048	-108.51165469744672	12340.04027845
2049	-108.51165469744672	12345.129635205
2050	-108.51165469744672	12350.161051364
2051	-108.51165469744672	12355.19439593
2052	-108.51165469744672	12361.567712351
2053	-108.51165469744672	12366.877675294
2054	-108.51165469744672	12372.82317755
2055	-108.51165469744672	12378.195618718
2056	-108.51165469744672	12384.886844066
2057	-108.51165469744672	12389.638643181
2058	-108.51165469744672	12392.318282976
2059	-108.51165469744672	12395.927527927
2060	-108.51165469744672	12398.645054765
2061	-108.51165469744672	12401.256011162
2062	-108.51165469744672	12403.827277268
2063	-108.51165469744672	12406.57367747
2064	-108.51165469744672	12408.788975692
2065	-108.51165469744672	12411.295157201
2066	-108.51165469744672	12413.520076646
2067	-108.51165469744672	12416.29817725
2068	-108.51165469744672	12418.541013149
2069	-108.51165469744672	12421.44615171
2070	-108.51165469744672	12423.904466583
2071	-108.51165469744672	12426.717385714
2072	-108.51165469744672	12429.118216149
2073	-108.51165469744672	12432.999968924
2074	-108.51165469744672	12435.936332058
2075	-108.51165469744672	12439.497406743
2076	-108.51165469744672	12442.156263703
2077	-108.51165469744672	12444.207047467
2078	-108.51165469744672	12447.120755808
2079	-108.51165469744672	12449.655067714
2080	-108.51165469744672	12453.371768906
2081	-108.51165469744672	12457.875953299
2082	-108.51165469744672	12460.766432658
2083	-108.51165469744672	12464.560689517
2084	-108.51165469744672	12469.215926864
2085	-108.51165469744672	12474.372511873
2086	-108.51165469744672	12480.816941017
2087	-108.51165469744672	12486.565073193
2088	-108.51165469744672	12492.307765118
2089	-108.51165469744672	12498.317094115
2090	-108.51165469744672	12503.676284754
2091	-108.51165469744672	12508.090409909
2092	-108.51165469744672	12511.553543234
2093	-108.51165469744672	12516.405644896
2094	-108.51165469744672	12521.970444965
2095	-108.51165469744672	12525.530343903
2096	-108.51165469744672	12528.903930598
2097	-108.51165469744672	12531.62894042
2098	-108.51165469744672	12534.316116512
2099	-108.51165469744672	12539.376927196
2100	-108.51165469744672	12545.359763973
2101	-108.51165469744672	12550.684360173
2102	-108.51165469744672	12555.272967118
2103	-108.51165469744672	12560.424564041
2104	-108.51165469744672	12564.686135767
2105	-108.51165469744672	12567.097995529
2106	-108.51165469744672	12569.955683413
2107	-108.51165469744672	12572.851017146
2108	-108.51165469744672	12575.414413675
2109	-108.51165469744672	12581.900012487
2110	-108.51165469744672	12584.659154603
2111	-108.51165469744672	12586.618729897
2112	-108.51165469744672	12593.149588118
2113	-108.51165469744672	12598.765518632
2114	-108.51165469744672	12603.119657038
2115	-108.51165469744672	12608.205038092
2116	-108.51165469744672	12611.524431243
2117	-108.51165469744672	12614.458447444
2118	-108.51165469744672	12616.766631372
2119	-108.51165469744672	12621.471922916
2120	-108.51165469744672	12626.29443248
2121	-108.51165469744672	12629.743180298
2122	-108.51165469744672	12633.545948777
2123	-108.51165469744672	12638.357442985
2124	-108.51165469744672	12643.112292085
2125	-108.51165469744672	12647.473506924
2126	-108.51165469744672	12652.402041534
2127	-108.51165469744672	12656.276709893
2128	-108.51165469744672	12659.613395987
2129	-108.51165469744672	12663.489033681
2130	-108.51165469744672	12667.880040188
2131	-108.51165469744672	12674.33903217
2132	-108.51165469744672	12680.069878816
2133	-108.51165469744672	12685.293779889
2134	-108.51165469744672	12691.32089391
2135	-108.51165469744672	12698.115924526
2136	-108.51165469744672	12701.900282191
2137	-108.51165469744672	12707.371757787
2138	-108.51165469744672	12712.038284755
2139	-108.51165469744672	12717.242626066
2140	-108.51165469744672	12723.844809124
2141	-108.51165469744672	12728.903674294
2142	-108.51165469744672	12734.129803128
2143	-108.51165469744672	12737.805791665
2144	-108.51165469744672	12743.42314368
2145	-108.51165469744672	12748.917392955
2146	-108.51165469744672	12755.230191489
2147	-108.51165469744672	12760.98655874
2148	-108.51165469744672	12766.940321443
2149	-108.51165469744672	12771.981289547
2150	-108.51165469744672	12776.600836251
2151	-108.51165469744672	12782.412090691
2152	-108.51165469744672	12787.477277354
2153	-108.51165469744672	12793.454986062
2154	-108.51165469744672	12798.840111553
2155	-108.51165469744672	12804.187054925
2156	-108.51165469744672	12809.118345584
2157	-108.51165469744672	12814.089014922
2158	-108.51165469744672	12821.105336818
2159	-108.51165469744672	12827.304448565
2160	-108.51165469744672	12831.993270532
2161	-108.51165469744672	12835.819036207
2162	-108.51165469744672	12841.230340596
2163	-108.51165469744672	12848.022951866
2164	-108.51165469744672	12853.512668073
2165	-108.51165469744672	12859.356814627
2166	-108.51165469744672	12864.765055916
2167	-108.51165469744672	12870.384419873
2168	-108.51165469744672	12876.162872289
2169	-108.51165469744672	12882.198277548
2170	-108.51165469744672	12887.436667334
2171	-108.51165469744672	12894.331248407
2172	-108.51165469744672	12900.751558492
2173	-108.51165469744672	12905.314024173
2174	-108.51165469744672	12911.594911617
2175	-108.51165469744672	12917.774084705
2176	-108.51165469744672	12923.193786389
2177	-108.51165469744672	12928.810115186
2178	-108.51165469744672	12933.61119417
2179	-108.51165469744672	12938.191724271
2180	-108.51165469744672	12942.706176491
2181	-108.51165469744672	12947.299005747
2182	-108.51165469744672	12953.084178793
2183	-108.51165469744672	12957.658541926
2184	-108.51165469744672	12963.112074554
2185	-108.51165469744672	12969.359123926
2186	-108.51165469744672	12975.616668349
2187	-108.51165469744672	12979.486586109
2188	-108.51165469744672	12985.815839111
2189	-108.51165469744672	12991.898175027
2190	-108.51165469744672	12998.311335408
2191	-108.51165469744672	13002.923608106
2192	-108.51165469744672	13005.871334986
2193	-108.51165469744672	13009.474147256
2194	-108.51165469744672	13015.138986725
2195	-108.51165469744672	13022.382177002
2196	-108.51165469744672	13028.601865743
2197	-108.51165469744672	13033.05322649
2198	-108.51165469744672	13036.841048102
2199	-108.51165469744672	13042.004454951
2200	-108.51165469744672	13045.652710518
2201	-108.51165469744672	13049.517629359
2202	-108.51165469744672	13052.95964999
2203	-108.51165469744672	13056.079982997
2204	-108.51165469744672	13059.544827484
2205	-108.51165469744672	13062.84927833
2206	-108.51165469744672	13065.707747099
2207	-108.51165469744672	13068.33037458
2208	-108.51165469744672	13071.266528166
2209	-108.51165469744672	13073.769473805
2210	-108.51165469744672	13077.220370412
2211	-108.51165469744672	13079.814525947
2212	-108.51165469744672	13082.745367005
2213	-108.51165469744672	13085.299946573
2214	-108.51165469744672	13087.922037497
2215	-108.51165469744672	13090.700850848
2216	-108.51165469744672	13094.027017657
2217	-108.51165469744672	13096.903495537
2218	-108.51165469744672	13099.278075231
2219	-108.51165469744672	13102.531952715
2220	-108.51165469744672	13105.563523682
2221	-108.51165469744672	13108.46683191
2222	-108.51165469744672	13111.173215097
2223	-108.51165469744672	13114.424939516
2224	-108.51165469744672	13117.234296054
2225	-108.51165469744672	13119.982000868
2226	-108.51165469744672	13122.756904661
2227	-108.51165469744672	13125.685996069
2228	-108.51165469744672	13128.108741181
2229	-108.51165469744672	13130.610444075
2230	-108.51165469744672	13134.078474255
2231	-108.51165469744672	13136.968543072
2232	-108.51165469744672	13139.336591155
2233	-108.51165469744672	13141.957633488
2234	-108.51165469744672	13144.757556112
2235	-108.51165469744672	13147.115521397
2236	-108.51165469744672	13149.610781062
2237	-108.51165469744672	13152.346250867
2238	-108.51165469744672	13154.651037274
2239	-108.51165469744672	13157.598002941
2240	-108.51165469744672	13160.440691501
2241	-108.51165469744672	13163.066918352
2242	-108.51165469744672	13165.580023766
2243	-108.51165469744672	13168.211740476
2244	-108.51165469744672	13170.585331732
2245	-108.51165469744672	13173.697224394
2246	-108.51165469744672	13176.525698221
2247	-108.51165469744672	13179.606547062
2248	-108.51165469744672	13182.832349743
2249	-108.51165469744672	13185.47732411
2250	-108.51165469744672	13189.442188839
2251	-108.51165469744672	13192.216012679
2252	-108.51165469744672	13194.896071854
2253	-108.51165469744672	13197.284791869
2254	-108.51165469744672	13199.86045163
2255	-108.51165469744672	13202.32520232
2256	-108.51165469744672	13204.749020259
2257	-108.51165469744672	13207.221572387
2258	-108.51165469744672	13209.454794475
2259	-108.51165469744672	13212.472032964
2260	-108.51165469744672	13217.885882714
2261	-108.51165469744672	13220.249844194
2262	-108.51165469744672	13225.657985128
2263	-108.51165469744672	13230.769338668
2264	-108.51165469744672	13236.417311417
2265	-108.51165469744672	13240.877104527
2266	-108.51165469744672	13246.711964563
2267	-108.51165469744672	13253.608496567
2268	-108.51165469744672	13259.129632354
2269	-108.51165469744672	13265.45807539
2270	-108.51165469744672	13270.699346953
2271	-108.51165469744672	13275.3649311
2272	-108.51165469744672	13279.156103762
2273	-108.51165469744672	13282.889583579
2274	-108.51165469744672	13286.257838644
2275	-108.51165469744672	13288.80678894
2276	-108.51165469744672	13292.844761797
2277	-108.51165469744672	13296.130862269
2278	-108.51165469744672	13298.864464679
2279	-108.51165469744672	13303.286445727
2280	-108.51165469744672	13307.416372587
2281	-108.51165469744672	13312.683987834
2282	-108.51165469744672	13318.417959732
2283	-108.51165469744672	13320.65471077
2284	-108.51165469744672	13323.177110115
2285	-108.51165469744672	13325.84196612
2286	-108.51165469744672	13328.408983116
2287	-108.51165469744672	13331.126486861
2288	-108.51165469744672	13333.596457992
2289	-108.51165469744672	13339.907076376
2290	-108.51165469744672	13345.565054377
2291	-108.51165469744672	13350.607375844
2292	-108.51165469744672	13355.86896211
2293	-108.51165469744672	13362.134053664
2294	-108.51165469744672	13367.349478754
2295	-108.51165469744672	13373.897643033
2296	-108.51165469744672	13380.047782531
2297	-108.51165469744672	13385.308607869
2298	-108.51165469744672	13389.954151863
2299	-108.51165469744672	13395.936117949
2300	-108.51165469744672	13400.613713872
2301	-108.51165469744672	13403.670625261
2302	-108.51165469744672	13406.283431664
2303	-108.51165469744672	13409.146607412
2304	-108.51165469744672	13411.795716849
2305	-108.51165469744672	13414.178023856
2306	-108.51165469744672	13417.730122781
2307	-108.51165469744672	13421.235288483
2308	-108.51165469744672	13424.811915583
2309	-108.51165469744672	13428.355531968
2310	-108.51165469744672	13433.06759147
2311	-108.51165469744672	13437.730873445
2312	-108.51165469744672	13444.192744639
2313	-108.51165469744672	13450.840871912
2314	-108.51165469744672	13456.914074407
2315	-108.51165469744672	13460.128314628
2316	-108.51165469744672	13466.32067866
2317	-108.51165469744672	13470.651408758
2318	-108.51165469744672	13475.696947848
2319	-108.51165469744672	13481.273426697
2320	-108.51165469744672	13485.21124754
2321	-108.51165469744672	13488.159363295
2322	-108.51165469744672	13491.380833332
2323	-108.51165469744672	13496.353797143
2324	-108.51165469744672	13502.389556495
2325	-108.51165469744672	13507.234304037
2326	-108.51165469744672	13512.629579326
2327	-108.51165469744672	13517.714722893
2328	-108.51165469744672	13522.508531577
2329	-108.51165469744672	13526.178957554
2330	-108.51165469744672	13529.328902901
2331	-108.51165469744672	13533.767824224
2332	-108.51165469744672	13537.612410686
2333	-108.51165469744672	13543.183611789
2334	-108.51165469744672	13547.442995953
2335	-108.51165469744672	13553.537887613
2336	-108.51165469744672	13559.012551753
2337	-108.51165469744672	13563.372931538
2338	-108.51165469744672	13568.494404084
2339	-108.51165469744672	13575.589042576
2340	-108.51165469744672	13581.592958976
2341	-108.51165469744672	13587.971092424
2342	-108.51165469744672	13592.763915237
2343	-108.51165469744672	13598.000717878
2344	-108.51165469744672	13600.964842492
2345	-108.51165469744672	13604.194724364
2346	-108.51165469744672	13606.68835298
2347	-108.51165469744672	13609.929152134
2348	-108.51165469744672	13612.761071948
2349	-108.51165469744672	13615.89146352
2350	-108.51165469744672	13618.53420699
2351	-108.51165469744672	13621.319255733
2352	-108.51165469744672	13624.31715256
2353	-108.51165469744672	13626.593440793
2354	-108.51165469744672	13629.186742457
2355	-108.51165469744672	13633.593077292
2356	-108.51165469744672	13636.899679777
2357	-108.51165469744672	13640.15177511
2358	-108.51165469744672	13643.188067881
2359	-108.51165469744672	13646.65823687
2360	-108.51165469744672	13648.764527629
2361	-108.51165469744672	13651.299083579
2362	-108.51165469744672	13654.110196895
2363	-108.51165469744672	13656.513400206
2364	-108.51165469744672	13660.022013891
2365	-108.51165469744672	13662.124035583
2366	-108.51165469744672	13664.335717328
2367	-108.51165469744672	13667.318860586
2368	-108.51165469744672	13670.274365242
2369	-108.51165469744672	13676.047014476
2370	-108.51165469744672	13679.015272449
2371	-108.51165469744672	13682.612420664
2372	-108.51165469744672	13685.362022239
2373	-108.51165469744672	13687.927457793
2374	-108.51165469744672	13690.421718187
2375	-108.51165469744672	13693.589615339
2376	-108.51165469744672	13696.395045214
2377	-108.51165469744672	13700.607411766
2378	-108.51165469744672	13704.753322682
2379	-108.51165469744672	13708.058267889
2380	-108.51165469744672	13710.914796847
2381	-108.51165469744672	13713.505052233
2382	-108.51165469744672	13716.08623692
2383	-108.51165469744672	13719.140869232
2384	-108.51165469744672	13722.302347388
2385	-108.51165469744672	13725.674508305
2386	-108.51165469744672	13728.281302832
2387	-108.51165469744672	13731.458175175
2388	-108.51165469744672	13734.937115224
2389	-108.51165469744672	13737.542983751
2390	-108.51165469744672	13740.762405354
2391	-108.51165469744672	13743.786301752
2392	-108.51165469744672	13747.087008112
2393	-108.51165469744672	13749.453945166
2394	-108.51165469744672	13751.50249946
2395	-108.51165469744672	13754.059618116
2396	-108.51165469744672	13760.211646964
2397	-108.51165469744672	13763.056379681
2398	-108.51165469744672	13765.867861914
2399	-108.51165469744672	13769.954797041
2400	-108.51165469744672	13773.204063625
2401	-108.51165469744672	13776.645754397
2402	-108.51165469744672	13779.270899298
2403	-108.51165469744672	13781.985451987
2404	-108.51165469744672	13785.145690535
2405	-108.51165469744672	13787.853457591
2406	-108.51165469744672	13790.75090248
2407	-108.51165469744672	13793.095798273
2408	-108.51165469744672	13795.022720366
2409	-108.51165469744672	13797.214159253
2410	-108.51165469744672	13799.592726906
2411	-108.51165469744672	13802.14164641
2412	-108.51165469744672	13804.774912061
2413	-108.51165469744672	13807.40009317
2414	-108.51165469744672	13810.306191088
2415	-108.51165469744672	13813.920961535
2416	-108.51165469744672	13816.596938953
2417	-108.51165469744672	13818.860613281
2418	-108.51165469744672	13821.613778874
2419	-108.51165469744672	13824.46300104
2420	-108.51165469744672	13827.808349855
2421	-108.51165469744672	13832.421595024
2422	-108.51165469744672	13836.233091228
2423	-108.51165469744672	13839.732980894
2424	-108.51165469744672	13843.399472796
2425	-108.51165469744672	13846.695936888
2426	-108.51165469744672	13849.970838401
2427	-108.51165469744672	13852.659737344
2428	-108.51165469744672	13856.415281515
2429	-108.51165469744672	13859.588582427
2430	-108.51165469744672	13861.617869754
2431	-108.51165469744672	13864.075749567
2432	-108.51165469744672	13866.512273781
2433	-108.51165469744672	13868.950715284
2434	-108.51165469744672	13871.253974418
2435	-108.51165469744672	13873.362862425
2436	-108.51165469744672	13875.859628266
2437	-108.51165469744672	13878.892886162
2438	-108.51165469744672	13881.196522196
2439	-108.51165469744672	13883.455696242
2440	-108.51165469744672	13885.603004997
2441	-108.51165469744672	13888.444537482
2442	-108.51165469744672	13891.044873955
2443	-108.51165469744672	13893.398978435
2444	-108.51165469744672	13896.747109242
2445	-108.51165469744672	13899.085417262
2446	-108.51165469744672	13901.54442578
2447	-108.51165469744672	13904.034795433
2448	-108.51165469744672	13906.646117327
2449	-108.51165469744672	13909.482125171
2450	-108.51165469744672	13912.202283754
2451	-108.51165469744672	13914.284101931
2452	-108.51165469744672	13916.597503448
2453	-108.51165469744672	13918.775401861
2454	-108.51165469744672	13921.254408053
2455	-108.51165469744672	13923.550325326
2456	-108.51165469744672	13925.69514574
2457	-108.51165469744672	13927.751837033
2458	-108.51165469744672	13929.67242737
2459	-108.51165469744672	13931.703904825
2460	-108.51165469744672	13933.610713494
2461	-108.51165469744672	13935.992477102
2462	-108.51165469744672	13938.853080405
2463	-108.51165469744672	13941.813258113
2464	-108.51165469744672	13944.44071773
2465	-108.51165469744672	13946.694978957
2466	-108.51165469744672	13949.304855971
2467	-108.51165469744672	13951.758162517
2468	-108.51165469744672	13954.583321787
2469	-108.51165469744672	13957.097758041
2470	-108.51165469744672	13960.215001149
2471	-108.51165469744672	13963.720346748
2472	-108.51165469744672	13966.758420531
2473	-108.51165469744672	13970.113358354
2474	-108.51165469744672	13973.46636948
2475	-108.51165469744672	13976.143059074
2476	-108.51165469744672	13978.920141591
2477	-108.51165469744672	13981.467664683
2478	-108.51165469744672	13984.302768764
2479	-108.51165469744672	13986.869199027
2480	-108.51165469744672	13989.55597427
2481	-108.51165469744672	13994.543938832
2482	-108.51165469744672	13997.675434875
2483	-108.51165469744672	14000.721084869
2484	-108.51165469744672	14006.23387981
2485	-108.51165469744672	14011.702533215
2486	-108.51165469744672	14016.259996556
2487	-108.51165469744672	14020.304413213
2488	-108.51165469744672	14024.959422767
2489	-108.51165469744672	14028.833545162
2490	-108.51165469744672	14035.108466346
2491	-108.51165469744672	14039.603316039
2492	-108.51165469744672	14041.626013882
2493	-108.51165469744672	14043.668853658
2494	-108.51165469744672	14046.488376529
2495	-108.51165469744672	14050.477230598
2496	-108.51165469744672	14055.598835144
2497	-108.51165469744672	14059.197110354
2498	-108.51165469744672	14063.618289705
2499	-108.51165469744672	14067.667732651
2500	-108.51165469744672	14070.622829901
2501	-108.51165469744672	14075.04258889
