4.254023
1.063559
0.170263
-1.984346
2.028996
-4.177436
-1.903943
-4.010058
1.775527
-0.383275
-1.859807
0.937513
4.148938
-0.30107
-2.546716
-0.595881
0.688167
-0.09637
2.477859
1.641048
-4.227938
-3.851741
2.223703
-0.768562
-2.847021
-2.243583
0.554357
2.278493
-2.055652
3.011836
0.378454
4.50509
3.142076
0.597708
2.369417
-3.559212
-1.732333
-0.066652
-0.937946
-0.407154
-0.394176
-0.026352
3.842066
-1.691136
-0.961089
0.124528
0.524864
-0.041007
-4.483079
-3.349665
2.118929
-1.909154
0.187095
-0.927753
-2.232999
4.347059
-2.037624
-2.445923
4.198736
-2.170984
1.794197
-0.220532
0.397419
-3.364033
1.693124
2.263595
-3.931343
-1.117802
1.974954
-2.226104
0.836829
3.22646
-4.377323
1.018624
3.189453
1.583298
2.146839
3.721024
1.513631
-6.594361
-1.622652
-2.24271
-2.334902
-2.335628
-3.187169
-0.011737
2.578547
-1.37472
0.68103
-0.463966
-0.749497
0.930213
1.847951
-2.770874
-1.772392
2.390768
1.402388
0.714207
0.099242
-2.461816
-0.032507
3.406263
-1.918445
1.600269
2.024052
-0.931484
-0.745152
1.146178
-0.207204
-0.88902
-1.277146
1.157509
-2.466212
-0.136234
-0.888932
-2.979407
0.354922
