0.0
0.0
1.0
0.0
0.0
1.0
1.0
0.0
0.0
0.0
0.0
0.0
1.0
1.0
1.0
0.0
-2.082631
-3.220001
-1.789602
-3.373149
2.430431
-3.100004
-0.908647
-1.201494
0.349335
-1.293094
-0.622469
0.593424
0.821879
1.259919
-1.517163
-0.097006
-1.515262
-0.132802
2.457223
0.52541
0.229802
2.327855
-1.10237
-0.009797
-0.990203
0.673534
2.909683
1.676497
0.823353
-0.135223
1.337013
1.805694
3.188819
1.481877
4.392253
3.895061
3.221886
2.134952
0.979116
4.986291
3.208173
2.716875
2.087466
3.812436
1.384118
5.380284
0.286503
6.122087
