1.0
0.0
0.0
0.0
0.0
0.0
0.0
0.0
0.0
0.0
0.0
0.0
0.0
1.0
1.0
1.0
2.388236
-0.386123
1.897602
0.799253
2.607149
3.440076
4.171109
0.307161
1.400554
4.648428
1.227937
3.21251
2.923169
0.487733
0.636321
2.583122
-7.40851
-7.15598
-7.466713
-9.265763
-9.498154
-6.26322
-7.631875
-8.562423
-7.216809
-9.928315
-5.303745
-8.69156
-5.486173
-6.000925
-10.966549
-11.02874
5.340433
8.382555
7.796067
8.887516
6.72789
9.126172
7.188539
6.411346
10.106128
7.893469
8.623775
9.330232
6.858345
6.331427
7.103548
8.705567
