0.0
0.0
0.0
0.0
0.0
0.0
0.0
0.0
0.0
0.0
0.0
1.0
0.0
1.0
0.0
1.0
1.433809
4.348948
1.464878
1.866414
3.549754
5.341387
3.051162
3.7722
3.591961
5.363933
5.833951
2.137071
4.586812
2.96689
3.089409
5.389835
5.986717
4.165345
3.602838
4.159135
1.990459
6.349895
6.181218
6.667668
4.324612
3.485299
5.018015
5.844322
5.727881
2.18021
3.822827
2.572797
-2.268506
-0.791968
-3.384502
-0.918922
-4.075607
-0.978939
-0.535028
-2.770437
-3.038694
-4.704561
-2.838286
-4.551607
-4.842732
-1.72113
-5.464013
-2.418525
