0.0
0.0
0.0
0.0
0.0
0.0
0.0
0.0
0.0
0.0
1.0
0.0
0.0
0.0
0.0
0.0
2.679325
3.748696
3.452314
1.541985
4.392141
1.223036
3.36387
1.90379
4.234628
2.994988
5.643675
5.307876
4.904961
5.517332
1.967329
3.426439
-1.904275
-0.085633
-1.606644
-0.771812
-0.593415
-2.282343
-3.545131
-3.462668
-3.841747
-2.248942
-2.506099
-1.918973
-2.695314
-0.159647
-0.145805
0.908304
-4.612355
0.252755
-1.672012
-0.794652
-3.586898
-2.78587
-3.017803
-0.964052
-0.788507
0.669773
-2.377721
0.06082
-4.69388
-1.498421
-3.197936
-1.806725
