0.0
0.0
0.0
0.0
1.0
0.0
0.0
0.0
0.0
0.0
0.0
0.0
0.0
0.0
0.0
1.0
0.0
0.0
-0.742806
-1.719035
-4.243724
-3.391517
0.541029
-4.153072
-5.179801
-2.210724
-1.793583
-1.158967
0.52033
-2.579095
-3.414717
-2.995523
-1.156837
-2.641074
-1.34521
-4.72682
0.736338
-0.267142
0.022616
-2.057388
-1.056529
0.197876
-0.959075
-3.818091
-0.4477
-2.63296
-0.93603
1.898367
-2.177874
-0.130156
-2.82589
1.868243
-1.689971
1.473467
2.087851
-0.030666
3.981471
0.617845
3.316312
-0.017147
1.908258
1.812178
4.058347
-0.160125
0.790139
0.85982
3.149195
1.987065
3.935272
3.376882
1.929835
2.027441
