0.504291
-1.207289
1.415251
2.236486
1.207041
2.22354
-1.333416
2.632282
1.178674
-2.370809
0.544985
-0.116372
0.53904
-1.153778
-1.624081
-0.10381
-0.672037
1.006497
-0.771818
2.857844
-0.567708
-0.692211
1.033967
1.615286
2.672472
2.201922
0.283818
-1.08314
0.125671
-0.686962
3.177964
1.07956
1.101719
1.867956
0.564007
-1.663002
1.696441
0.028279
-1.991456
-3.376678
-0.32359
-1.907736
-5.772624
-3.772883
-0.456444
-4.241037
-2.763849
-1.296036
-5.131367
-4.373878
-3.622423
-5.213468
-2.899312
-1.553191
-1.213927
0.14456
0.597008
