1.0
1.0
1.0
1.0
1.0
1.0
1.0
1.0
1.0
1.0
0.0
1.0
1.0
1.0
1.0
1.0
3.901298
4.668869
4.243356
2.165507
2.559707
-0.044673
0.070048
1.792921
2.283704
0.241657
1.528167
0.631967
3.36721
1.247654
4.085566
2.75126
2.935043
2.340116
0.37273
1.058303
2.198849
1.185449
2.496919
-0.71376
1.793347
3.220731
4.508823
0.550205
-0.065117
3.434495
4.27736
4.333465
-10.107734
-7.559929
-9.403337
-10.938433
-5.820386
-9.413922
-5.211573
-8.972484
-8.412631
-7.666892
-5.862021
-6.850124
-6.936807
-10.166513
-5.917632
-8.10816
