1.0
1.0
1.0
1.0
1.0
1.0
1.0
1.0
1.0
1.0
1.0
1.0
1.0
1.0
1.0
0.0
1.0
-18.814891
-19.315335
-21.178464
-20.719733
-22.295087
-19.85562
-18.886314
-19.33418
-20.74327
-20.46538
-20.073563
-17.893758
-21.066639
-21.615758
-22.9745
-21.905507
-21.836408
-14.04069
-14.227561
-14.886474
-10.932197
-10.990012
-11.757154
-11.46241
-9.987407
-9.301053
-12.338155
-9.110582
-12.212174
-13.169046
-8.742044
-12.971145
-10.802884
-13.542662
-1.698835
-4.331296
-2.547733
0.778379
-4.15066
-5.314673
-0.967871
-3.275116
-5.354668
-2.857873
-0.910985
-3.411215
-0.470312
-2.982659
-2.42392
-1.471244
-4.769081
