-1.464607
0.55737
-1.401857
0.075543
-1.417424
-3.354859
-4.638028
-2.354995
-2.779353
-0.363469
-1.576162
-1.417173
-2.808673
-1.157355
-3.475771
0.62935
-0.33422
0.658604
-1.186682
-3.382612
-4.94398
-6.354117
-5.66889
-3.942879
-6.017727
-4.954227
-4.083779
-3.588159
-7.384363
-6.948077
-7.622476
-5.320335
-6.717053
-3.770953
-6.084965
-4.736305
-7.613774
-5.402005
-3.103638
-4.322684
5.379334
2.15182
0.904324
1.765478
-1.380992
-0.136193
1.75496
1.692174
0.138364
4.388313
2.338383
3.098829
4.339773
-0.424242
2.080921
4.043949
0.197088
-0.147283
3.77718
3.840029
