-2.065588
0.168789
0.259251
-3.644909
-1.947003
-2.043124
-2.506386
-1.344901
-2.200533
-1.382518
0.387069
-5.046138
-1.429339
0.296005
-0.805678
-3.498872
-0.600853
-1.586297
0.731991
-4.30273
-3.168301
-3.017598
10.830157
10.365219
7.902263
9.018742
6.803131
6.975516
5.4873
8.775507
11.039951
8.913349
7.701561
8.726985
9.039372
10.155456
11.02945
8.782681
6.962862
9.082341
9.068007
6.598854
10.23788
7.718126
-5.803973
-10.175589
-10.277647
-10.015955
-6.041092
-10.164281
-8.015356
-4.623197
-10.04987
-6.928349
-6.031082
-7.780192
-9.170009
-5.912152
-7.965273
-5.897398
-8.157694
-11.456916
-8.107659
-6.581277
-7.919952
-8.121342
