1.0
1.0
1.0
1.0
1.0
1.0
0.0
1.0
1.0
1.0
1.0
0.0
1.0
0.0
1.0
1.0
1.0
-8.053368
-10.762964
-8.906205
-6.408006
-6.692006
-10.915065
-11.708192
-7.141613
-9.934425
-9.03866
-8.434976
-10.325325
-8.608604
-8.397718
-7.872379
-9.746348
-10.734833
-8.83544
-11.032078
-11.172378
-7.799219
-10.314227
-6.927226
-8.804313
-9.118133
-9.660269
-8.764241
-6.428165
-7.153265
-7.787359
-11.223939
-6.577127
-5.026223
-9.337285
-1.929278
0.645572
-1.113707
-0.032445
-0.134659
-0.416651
1.020703
2.240046
2.766147
0.482203
-0.892711
2.124055
3.89836
1.463389
1.733769
0.849567
-1.412072
