-1.513215
1.730493
2.877881
1.241485
3.341469
1.872014
4.436022
1.869287
4.104618
3.672187
-1.884625
-0.46707
1.184987
1.009837
-0.903617
1.360963
-1.460326
2.17157
3.239183
-0.853859
1.898915
-1.951406
3.23949
-0.030301
3.118335
2.588314
-0.211493
0.327379
1.433891
-2.706858
0.634886
-0.211295
-2.43859
-0.424348
-1.227132
2.995128
5.349882
0.702462
4.392332
3.102259
2.065199
1.215503
-1.754881
4.358446
0.328157
-0.16674
2.531671
0.354653
0.9631
-3.864162
-3.207121
-1.643966
0.766844
3.248916
0.71761
2.247667
-0.766622
1.244308
-2.788657
-0.567831
-3.31019
1.874278
-0.231985
0.965761
-3.367441
-2.059576
-1.829627
3.162027
-3.45342
1.727437
-0.880511
2.565318
3.49039
-0.161584
-2.572813
0.90893
-0.386492
-2.508545
-1.430521
-2.295864
0.255669
0.001219
0.315852
1.790783
-1.503046
-1.259088
4.094903
-4.08051
1.499442
-1.604243
3.445538
-1.082558
-1.831716
-0.522419
-2.515013
2.878842
3.972803
2.853955
3.426138
3.132402
-0.510132
1.587191
1.146858
-0.064511
-1.663992
-2.640688
-0.640429
1.30016
3.445436
3.464592
1.643943
-2.635171
0.436093
0.299778
-0.711549
3.450293
4.671494
-0.699333
1.856518
1.882561
5.032409
-0.397423
4.544956
1.446518
-1.025901
3.701005
-2.215801
1.506382
1.395323
-2.159257
2.727911
-1.657252
1.014738
0.415292
1.884226
0.330668
-0.468322
-0.526952
