-3.637408
-2.192125
-0.101206
-0.540323
-1.212991
-1.67711
-2.919418
3.638009
-4.022001
2.07246
-0.228327
0.152989
-4.421502
-0.225214
-4.816765
-3.286794
0.34712
0.09994
0.155965
-1.902163
-0.358914
-1.421853
2.097798
-1.990451
3.894352
-3.645558
1.788114
-1.994907
0.057711
-1.525936
0.983445
-3.831473
2.01187
1.718823
-2.483993
1.148507
0.812544
-2.144914
3.070651
-0.21906
1.648597
3.669206
-1.810302
2.121093
-2.556351
3.010294
-3.955936
1.163078
-0.689669
-1.868519
-1.208327
-4.03741
-3.27868
-1.25765
-0.618162
1.327007
0.180774
-4.341415
-1.082354
-0.872373
0.54171
-0.520267
-2.884513
1.347225
2.38656
-3.492978
-2.431037
2.986598
-2.30002
-4.345905
1.696547
-1.038512
-2.459541
-0.47944
-0.132719
1.394865
0.626449
-2.221298
0.875135
-2.206388
-0.542193
-0.255698
-3.953481
-3.143691
2.075718
-2.694539
0.021754
1.981284
1.063106
1.995038
1.315572
-4.424877
-2.458536
-1.318447
-3.431502
0.562464
0.884488
-3.095968
0.685672
-3.186071
-3.858474
-1.188818
-1.068903
2.46025
-1.524316
3.102804
-0.23267
1.248985
-2.503995
0.420053
-2.93059
-0.749704
2.621182
2.362291
1.490359
-1.065418
-1.647226
0.134642
1.270427
-1.941557
0.232507
2.880977
3.289716
-4.096323
-1.216986
1.34487
1.981081
-2.684121
-1.811496
0.497348
-3.326158
2.494119
-0.168403
-1.062686
1.034044
0.500994
-2.182188
-1.282876
-1.262159
-2.561501
2.088956
