1.0
1.0
1.0
0.0
0.0
1.0
0.0
1.0
1.0
1.0
1.0
1.0
1.0
0.0
1.0
0.0
1.0
1.0
3.173641
1.45619
0.065508
0.87589
2.684728
1.279449
2.026186
3.880405
1.156637
3.226126
3.873838
-1.195803
-1.349986
0.397099
-0.468681
2.36415
-1.395929
-0.585238
2.669775
4.572199
5.060229
0.727868
1.985352
3.101596
5.519904
5.130641
1.009007
0.983238
3.512084
0.806389
3.145818
2.671561
5.258761
4.332673
0.964534
2.937877
-0.29774
-0.032441
-4.070283
-3.25767
-4.419159
-2.377171
-2.393996
-0.709085
-0.673578
-2.242137
-2.705719
-1.790602
-2.957128
-4.796979
-1.598578
-4.537361
-4.33026
-0.39689
