1.0
1.0
1.0
1.0
0.0
1.0
0.0
0.0
0.0
1.0
1.0
1.0
1.0
1.0
1.0
1.0
0.0
-8.496801
-10.571189
-11.019338
-9.468735
-6.405963
-7.912451
-8.143265
-8.292253
-7.243873
-8.779021
-9.752226
-6.240615
-11.500549
-8.616282
-6.998569
-10.387088
-10.299828
-12.078843
-16.665508
-11.838135
-15.415667
-15.560951
-13.337991
-15.433867
-17.084174
-13.335727
-14.681649
-13.465452
-13.466851
-14.383245
-17.753339
-15.762727
-13.110586
-16.009675
-2.081031
-1.519077
-2.66107
0.460816
-2.959422
0.257589
-4.575613
-2.638727
-3.908807
-2.100701
-4.208289
-1.642396
-2.445966
-0.244341
-0.506296
-0.487829
-3.915793
