1.0
1.0
1.0
1.0
0.0
0.0
0.0
1.0
0.0
1.0
1.0
1.0
1.0
1.0
0.0
0.0
2.432307
-0.762201
0.865124
2.89038
1.894874
2.303498
-0.844853
0.498829
0.944327
1.759736
-1.374171
0.356809
0.095832
-1.922021
-1.942892
0.075381
-4.340541
-7.13138
-4.032324
-4.957089
-6.828163
-6.469661
-2.937873
-4.880447
-6.544933
-2.645162
-5.305684
-7.932676
-5.384772
-4.75246
-6.839325
-3.003851
3.689045
5.173766
7.724916
6.261586
4.681607
2.320212
6.093867
5.294717
7.099191
5.657614
7.025739
2.986075
2.769423
4.457202
2.979765
3.714056
