0.0
0.0
0.0
1.0
1.0
0.0
0.0
1.0
1.0
1.0
1.0
1.0
1.0
1.0
0.0
1.0
0.0
-16.58702
-19.900593
-20.977453
-17.73383
-18.88458
-17.925019
-18.759621
-17.048444
-20.307375
-18.922643
-21.231928
-20.081755
-16.820413
-19.038351
-19.28417
-21.262982
-16.757464
-12.893452
-15.295361
-13.811059
-10.725811
-12.868971
-14.875391
-14.532925
-13.042161
-10.928584
-12.849076
-13.360297
-15.133533
-11.562952
-10.174567
-12.087157
-11.475573
-14.12923
-6.039518
-7.295884
-8.819188
-5.910466
-4.767184
-6.050667
-9.337802
-10.316611
-5.841297
-7.385981
-6.261248
-4.808998
-8.271883
-8.075836
-9.752841
-8.168784
-8.095001
