1.0
1.0
1.0
0.0
0.0
1.0
0.0
1.0
0.0
1.0
1.0
0.0
0.0
0.0
0.0
0.0
1.0
1.0
-9.354894
-9.340597
-11.100582
-7.104549
-6.439808
-7.097874
-5.007292
-8.967903
-6.510988
-7.898099
-10.529261
-8.854202
-7.136864
-5.382856
-7.737074
-10.21181
-5.359026
-9.169331
-6.734888
-7.672924
-7.085043
-7.507917
-5.306673
-6.548313
-7.30242
-8.571798
-9.271664
-8.959976
-8.979032
-5.977408
-7.048865
-5.668014
-4.775198
-4.613637
-8.160073
-4.979862
4.006459
6.361963
2.217813
0.676118
1.601259
5.519798
1.997039
2.047839
2.3665
4.533401
4.135285
1.611878
2.995036
3.828963
3.677393
3.241184
4.350849
5.809981
