0.0
1.0
1.0
1.0
1.0
1.0
1.0
0.0
1.0
0.0
0.0
0.0
0.0
0.0
0.0
0.0
-9.363577
-11.535432
-11.2336
-12.229649
-13.131359
-12.116128
-9.463792
-10.073587
-9.759643
-13.553052
-12.158414
-13.593252
-11.564213
-10.036525
-10.65108
-8.653667
-3.498595
-3.699222
-2.585172
-1.150532
-0.880251
-4.995293
-4.193723
-5.730479
-1.854015
-3.314861
-1.867657
-3.01781
-4.209782
-1.129002
-0.189646
-1.879572
7.433025
11.457482
8.934821
11.110552
8.694437
9.271771
9.916241
8.063492
11.191429
7.875348
6.60715
10.1836
6.920457
7.233657
9.389909
9.017785
