-9.649511
-6.236458
-12.217291
-6.927198
-9.473093
-6.755223
-12.110994
-10.43909
-12.799166
-5.76859
-11.09964
-8.128664
-8.612081
-11.271633
-8.503048
-10.580887
-7.872866
-10.181647
-7.76658
-3.368902
-6.222989
-3.938853
-3.658149
-6.467146
-6.678509
-5.805549
-5.776862
-6.543021
-4.260661
-8.088859
-5.026821
-5.711085
-5.068483
-7.625905
-7.633325
-2.528506
-3.83617
-4.395192
2.02243
1.807027
1.189245
2.36577
-1.243492
-0.818067
-0.778466
1.156797
1.75613
-0.029274
0.285205
0.570068
3.113514
3.469025
1.095067
2.910298
0.086001
-0.670349
-1.881721
