6.68411
4.86187
4.703613
3.684275
6.135625
8.811278
3.130773
5.68589
4.099527
5.946489
6.46747
8.254512
5.881742
9.589846
7.339682
8.261059
9.004122
6.812572
7.078805
6.939416
8.136444
4.573049
10.489498
7.986652
10.382865
10.915473
6.779977
10.887929
9.844969
8.092403
8.307792
11.193649
8.598962
10.474975
9.983456
8.572417
6.89102
8.332219
10.774757
12.021373
9.431732
12.384427
8.389289
12.093463
13.115919
10.039196
11.372199
7.106823
8.145436
9.332476
9.362432
12.524397
7.431698
5.983494
6.255851
6.818155
8.427401
10.585823
10.597701
12.810065
11.963881
10.806547
10.701458
8.145609
8.413149
9.320653
