-1.405628
-4.555482
0.377007
-2.704072
-1.62892
-4.81795
-2.555468
0.306862
-2.233149
1.520934
-4.222572
-0.330475
2.245987
-1.759967
1.764998
-0.801398
-5.149102
-0.652344
2.114558
0.114537
-3.411559
-5.280536
-2.110482
-4.799545
-4.091528
-0.924068
-3.149078
-0.197073
-2.382203
-2.948965
1.783401
-3.341407
1.05698
-0.479083
-2.837475
-1.274575
-0.085587
1.188028
3.440853
-2.839819
-4.289065
-0.995825
-4.546621
0.352404
-2.583013
-2.770584
-1.993851
1.734045
-2.229305
-0.109944
-2.43852
-2.952869
0.164459
0.888082
-0.265716
-0.737745
-0.840059
-1.096857
3.183293
1.332745
-3.672792
-1.270232
-3.823063
2.567022
-0.008906
-1.732427
-0.368022
2.202944
-1.458175
1.664815
2.717292
1.477248
0.626657
1.847105
-3.308713
1.123536
1.286389
1.766155
0.374708
1.396304
-1.363778
-2.489045
3.499523
-1.814901
-1.075533
-1.843541
-2.793545
-1.473688
-0.016402
-3.488244
0.296998
0.998148
2.069767
3.219881
-2.147144
-3.880506
-0.452092
-0.060975
1.107982
-0.374381
-0.669085
-1.185368
3.803124
0.689078
-3.297266
-2.880156
2.411664
1.737518
0.591696
-3.576908
-0.766461
3.410857
2.802772
2.716159
