1.38447
1.883221
1.237597
-1.127899
5.141988
0.675219
-3.183011
0.325787
4.853356
1.123002
3.378025
3.74375
-1.6693
-3.495911
-1.920706
0.580369
-3.344107
2.158168
3.048557
-0.208801
2.867322
0.571721
2.890512
3.606661
1.361255
5.015999
-1.318722
-3.019245
0.392218
1.51337
-3.417166
-0.699728
3.584624
-0.460467
0.980251
-1.16067
3.095029
2.374954
-1.084185
5.2026
0.892954
0.274803
0.295581
1.094097
3.178502
-1.411951
4.889713
-2.001339
-1.503279
2.792371
-3.184974
-1.838687
3.649992
5.73145
-0.973976
1.541417
0.209294
5.950227
3.969988
-0.67567
1.672401
1.590106
5.135441
-0.815556
-2.202832
1.504853
-0.719044
1.330084
0.019472
-2.983594
1.494723
-2.832955
3.13801
-0.642855
0.249557
3.616467
1.619204
2.953736
1.51846
-1.42281
3.720853
-0.747272
2.789534
4.914684
-2.069252
-2.288908
-3.001562
2.763643
2.906081
-2.013997
0.035786
1.442045
1.586879
3.919543
1.140925
3.472714
0.243235
-0.175238
-1.023053
3.738797
2.569669
1.274689
1.273186
5.020158
-0.083272
1.357846
2.252757
-5.561733
-1.114556
-1.004768
0.550921
-2.829908
-3.429616
-4.108237
-0.763327
1.051596
-1.945749
-4.265835
-4.248781
1.089273
-2.016994
0.713317
-0.096146
-4.125693
-2.465643
-5.472512
-2.529186
1.414166
-6.677366
-0.925888
-2.905162
0.250864
-5.360901
-0.389297
-1.879078
1.029491
-1.398112
0.527897
-1.70909
-0.47213
-5.119468
-3.865091
-0.621315
1.299955
-1.543563
-2.697226
3.639143
2.569185
-5.177078
2.016094
-3.516822
-4.041892
2.17723
2.560935
0.432704
-1.538177
