1	-175.30038765993618	8.069340725
2	-175.17182399989127	15.288160092
3	-175.37985236811545	20.726924106
4	-175.49944273487836	27.990686736
5	-175.66110187220573	36.214423457
6	-175.81814864232763	44.139680714
7	-175.89406450107276	51.238774448
8	-175.93548166585978	56.890808986
9	-176.06345496722997	62.836685314
10	-176.06345496722997	66.498649781
11	-176.06345496722997	73.062218716
12	-176.06345496722997	79.887623312
13	-176.06345496722997	88.417970748
14	-176.06345496722997	94.722755987
15	-176.06345496722997	102.078943362
16	-176.06345496722997	107.023464909
17	-176.06345496722997	111.517173959
18	-176.06345496722997	116.154133422
19	-176.06345496722997	119.988500612
20	-176.06345496722997	124.904827491
21	-176.06345496722997	129.986653469
22	-176.06345496722997	135.167965189
23	-176.06345496722997	139.436847876
24	-176.06345496722997	146.165098823
25	-176.06345496722997	151.888848944
26	-176.06345496722997	158.986762946
27	-176.06345496722997	165.211453601
28	-176.06345496722997	171.337896406
29	-176.06345496722997	178.388732909
30	-176.06345496722997	186.095796016
31	-176.06345496722997	192.758305019
32	-176.06345496722997	197.734364282
33	-176.06345496722997	201.916758516
34	-176.06345496722997	206.397909042
35	-176.06345496722997	210.74790753
36	-176.06345496722997	215.490151039
37	-176.06345496722997	219.83195584
38	-176.06345496722997	225.192880101
39	-176.06345496722997	230.164256362
40	-176.06345496722997	237.79554496
41	-176.06345496722997	243.956074819
42	-176.06345496722997	249.395463194
43	-176.06345496722997	255.11251382
44	-176.06345496722997	261.15887373
45	-176.06345496722997	268.519444757
46	-176.06345496722997	274.055443956
47	-176.06345496722997	279.598614486
48	-176.06345496722997	285.534680341
49	-176.06345496722997	291.817109698
50	-176.06345496722997	297.454192038
51	-176.06345496722997	303.408157709
52	-176.06345496722997	309.750391296
53	-176.06345496722997	314.276508748
54	-176.06345496722997	319.963647565
55	-176.06345496722997	324.93007112
56	-176.06345496722997	330.275677405
57	-176.06345496722997	336.251788556
58	-176.06345496722997	341.047294743
59	-176.06345496722997	345.894852231
60	-176.06345496722997	353.329954174
61	-176.06345496722997	358.819835225
62	-176.06345496722997	366.433728345
63	-176.06345496722997	373.714886169
64	-176.06345496722997	379.416210844
65	-176.06345496722997	386.02340903
66	-176.06345496722997	392.444091906
67	-176.06345496722997	401.734377682
68	-176.06345496722997	409.72493926
69	-176.06345496722997	417.073741767
70	-176.06345496722997	422.914140755
71	-176.06345496722997	430.65537559
72	-176.06345496722997	437.591353635
73	-176.06345496722997	444.848251415
74	-176.06345496722997	450.683881584
75	-176.06345496722997	457.67341995
76	-176.06345496722997	465.233640706
77	-176.06345496722997	471.508756755
78	-176.06345496722997	477.910560792
79	-176.06345496722997	484.091266395
80	-176.06345496722997	492.26808128
81	-176.06345496722997	498.54073181
82	-176.06345496722997	505.112293725
83	-176.06345496722997	512.09602666
84	-176.06345496722997	518.047317836
85	-176.06345496722997	523.360368893
86	-176.06345496722997	528.808145108
87	-176.06345496722997	532.90957065
88	-176.06345496722997	537.377131172
89	-176.06345496722997	544.184637662
90	-176.06345496722997	550.4052654
91	-176.06345496722997	556.910444472
92	-176.06345496722997	562.642831606
93	-176.06345496722997	569.691243645
94	-176.06345496722997	574.685878404
95	-176.06345496722997	579.282679387
96	-176.06345496722997	583.809936942
97	-176.06345496722997	589.448845329
98	-176.06345496722997	595.383675858
99	-176.06345496722997	601.969222067
100	-176.06345496722997	607.312945571
101	-176.06345496722997	614.128642898
102	-176.06345496722997	620.451830579
103	-176.06345496722997	624.955876961
104	-176.06345496722997	631.227235431
105	-176.06345496722997	635.354475082
106	-176.06345496722997	640.530495117
107	-176.06345496722997	646.408902382
108	-176.06345496722997	651.824149884
109	-176.06345496722997	658.73507731
110	-176.06345496722997	665.287202451
111	-176.06345496722997	674.524423691
112	-176.06345496722997	680.796467249
113	-176.06345496722997	685.626195055
114	-176.06345496722997	690.746925086
115	-176.06345496722997	696.26565596
116	-176.06345496722997	703.381461225
117	-176.06345496722997	710.978476601
118	-176.06345496722997	718.120610575
119	-176.06345496722997	727.00260208
120	-176.06345496722997	734.300913622
121	-176.06345496722997	740.564709894
122	-176.06345496722997	747.378266428
123	-176.06345496722997	752.713912278
124	-176.06345496722997	758.577447458
125	-176.06345496722997	764.270258281
126	-176.06345496722997	771.285776396
127	-176.06345496722997	777.546442303
128	-176.06345496722997	786.147541409
129	-176.06345496722997	793.304243555
130	-176.06345496722997	801.236083417
131	-176.06345496722997	808.518138442
132	-176.06345496722997	813.702243257
133	-176.06345496722997	820.138353017
134	-176.06345496722997	826.491157146
135	-176.06345496722997	832.636911567
136	-176.06345496722997	838.096091662
137	-176.06345496722997	843.241334904
138	-176.06345496722997	851.029771826
139	-176.06345496722997	857.107066186
140	-176.06345496722997	864.666402572
141	-176.06345496722997	870.562955122
142	-176.06345496722997	877.310035871
143	-176.06345496722997	885.6802255
144	-176.06345496722997	891.491957128
145	-176.06345496722997	898.452628281
146	-176.06345496722997	905.940584643
147	-176.06345496722997	912.974769485
148	-176.06345496722997	919.610219644
149	-176.06345496722997	925.595377494
150	-176.06345496722997	935.424860687
151	-176.06345496722997	944.805111105
152	-176.06345496722997	951.444300027
153	-176.06345496722997	958.215182385
154	-176.06345496722997	967.233939773
155	-176.06345496722997	975.520307745
156	-176.06345496722997	985.743983455
157	-176.06345496722997	994.739243147
158	-176.06345496722997	1002.6579178
159	-176.06345496722997	1009.096388163
160	-176.06345496722997	1015.460464172
161	-176.06345496722997	1023.171316504
162	-176.06345496722997	1031.790101603
163	-176.06345496722997	1040.717617114
164	-176.06345496722997	1047.592740062
165	-176.06345496722997	1055.17446483
166	-176.06345496722997	1062.271668656
167	-176.06345496722997	1071.151563558
168	-176.06345496722997	1078.848364313
169	-176.06345496722997	1088.711619528
170	-176.06345496722997	1098.196061214
171	-176.06345496722997	1105.264208237
172	-176.06345496722997	1113.722623702
173	-176.06345496722997	1120.537318058
174	-176.06345496722997	1128.64294422
175	-176.06345496722997	1136.496617894
176	-176.06345496722997	1142.455329575
177	-176.06345496722997	1148.079134947
178	-176.06345496722997	1154.176056242
179	-176.06345496722997	1159.79865993
180	-176.06345496722997	1166.88341471
181	-176.06345496722997	1174.489266953
182	-176.06345496722997	1181.643229317
183	-176.06345496722997	1188.356768688
184	-176.06345496722997	1197.126200472
185	-176.06345496722997	1205.35921368
186	-176.06345496722997	1214.49590173
187	-176.06345496722997	1220.867368594
188	-176.06345496722997	1229.046012092
189	-176.06345496722997	1236.229515922
190	-176.06345496722997	1244.482150361
191	-176.06345496722997	1252.418022636
192	-176.06345496722997	1258.993319037
193	-176.06345496722997	1265.160530144
194	-176.06345496722997	1272.074161715
195	-176.06345496722997	1278.192676827
196	-176.06345496722997	1283.940462906
197	-176.06345496722997	1291.342954027
198	-176.06345496722997	1296.826496517
199	-176.06345496722997	1302.706971306
200	-176.06345496722997	1310.338411291
201	-176.06345496722997	1317.020619926
202	-176.06345496722997	1325.054274488
203	-176.06345496722997	1333.383339444
204	-176.06345496722997	1340.126171963
205	-176.06345496722997	1347.528795938
206	-176.06345496722997	1357.056106236
207	-176.06345496722997	1376.164598193
208	-176.06345496722997	1383.319603156
209	-176.06345496722997	1390.909440075
210	-176.06345496722997	1397.801131436
211	-176.06345496722997	1406.404243897
212	-176.06345496722997	1413.973544423
213	-176.06345496722997	1421.794063596
214	-176.06345496722997	1428.503242123
215	-176.06345496722997	1436.005467305
216	-176.06345496722997	1445.297554894
217	-176.06345496722997	1453.354455411
218	-176.06345496722997	1460.667583159
219	-176.06345496722997	1470.938009361
220	-176.06345496722997	1481.500781451
221	-176.06345496722997	1489.545135703
222	-176.06345496722997	1497.899566881
223	-176.06345496722997	1506.475103904
224	-176.06345496722997	1515.135871533
225	-176.06345496722997	1521.197358405
226	-176.06345496722997	1526.886772012
227	-176.06345496722997	1534.924326131
228	-176.06345496722997	1543.075935874
229	-176.06345496722997	1551.075094838
230	-176.06345496722997	1558.382345596
231	-176.06345496722997	1567.295181461
232	-176.06345496722997	1575.986151698
233	-176.06345496722997	1583.416733712
234	-176.06345496722997	1591.884221249
235	-176.06345496722997	1599.586581966
236	-176.06345496722997	1606.315374027
237	-176.06345496722997	1613.711814819
238	-176.06345496722997	1621.769185461
239	-176.06345496722997	1629.138614166
240	-176.06345496722997	1639.418736518
241	-176.06345496722997	1646.922910054
242	-176.06345496722997	1653.519557655
243	-176.06345496722997	1660.213809073
244	-176.06345496722997	1666.221201353
245	-176.06345496722997	1674.38529635
246	-176.06345496722997	1682.65697698
247	-176.06345496722997	1690.500957356
248	-176.06345496722997	1698.459234264
249	-176.06345496722997	1711.090360927
250	-176.06345496722997	1717.620048364
251	-176.06345496722997	1724.675890315
252	-176.06345496722997	1731.621535715
253	-176.06345496722997	1739.72220518
254	-176.06345496722997	1752.101071167
255	-176.06345496722997	1771.762702355
256	-176.06345496722997	1781.911457707
257	-176.06345496722997	1791.619383233
258	-176.06345496722997	1802.309661824
259	-176.06345496722997	1810.073254821
260	-176.06345496722997	1816.778622742
261	-176.06345496722997	1824.341163048
262	-176.06345496722997	1834.906481338
263	-176.06345496722997	1845.724079122
264	-176.06345496722997	1854.279036133
265	-176.06345496722997	1861.351756112
266	-176.06345496722997	1867.719032905
267	-176.06345496722997	1875.596391584
268	-176.06345496722997	1881.868400931
269	-176.06345496722997	1889.683174259
270	-176.06345496722997	1897.212348236
271	-176.06345496722997	1903.096574902
272	-176.06345496722997	1909.755172658
273	-176.06345496722997	1916.865981883
274	-176.06345496722997	1924.546739089
275	-176.06345496722997	1932.571982719
276	-176.06345496722997	1940.593783802
277	-176.06345496722997	1950.188362454
278	-176.06345496722997	1958.661399404
279	-176.06345496722997	1967.581430263
280	-176.06345496722997	1981.924703029
281	-176.06345496722997	1988.555063922
282	-176.06345496722997	1995.235449076
283	-176.06345496722997	2002.982521273
284	-176.06345496722997	2011.326231947
285	-176.06345496722997	2022.153039505
286	-176.06345496722997	2027.926405058
287	-176.06345496722997	2037.618767993
288	-176.06345496722997	2044.305184375
289	-176.06345496722997	2051.96150221
290	-176.06345496722997	2058.373906724
291	-176.06345496722997	2068.596859714
292	-176.06345496722997	2077.357035539
293	-176.06345496722997	2084.442834628
294	-176.06345496722997	2092.418428044
295	-176.06345496722997	2101.444037738
296	-176.06345496722997	2110.508198535
297	-176.06345496722997	2117.944788113
298	-176.06345496722997	2127.760055799
299	-176.06345496722997	2135.878277547
300	-176.06345496722997	2143.324431845
301	-176.06345496722997	2152.043792611
302	-176.06345496722997	2159.165624257
303	-176.06345496722997	2167.173522299
304	-176.06345496722997	2176.653056896
305	-176.06345496722997	2186.465020022
306	-176.06345496722997	2195.107858471
307	-176.06345496722997	2202.810320398
308	-176.06345496722997	2210.794764364
309	-176.06345496722997	2216.655740229
310	-176.06345496722997	2225.002294746
311	-176.06345496722997	2234.451623884
312	-176.06345496722997	2241.197564245
313	-176.06345496722997	2248.381605484
314	-176.06345496722997	2254.671484711
315	-176.06345496722997	2261.125792498
316	-176.06345496722997	2269.379380302
317	-176.06345496722997	2277.604361756
318	-176.06345496722997	2285.313954244
319	-176.06345496722997	2293.425123832
320	-176.06345496722997	2301.362750308
321	-176.06345496722997	2310.302139824
322	-176.06345496722997	2319.762560091
323	-176.06345496722997	2328.111058115
324	-176.06345496722997	2335.573143063
325	-176.06345496722997	2342.695142061
326	-176.06345496722997	2349.519284247
327	-176.06345496722997	2356.967936565
328	-176.06345496722997	2364.810773987
329	-176.06345496722997	2371.3077856
330	-176.06345496722997	2378.186959777
331	-176.06345496722997	2385.523417013
332	-176.06345496722997	2392.539822921
333	-176.06345496722997	2400.9883478
334	-176.06345496722997	2410.242567093
335	-176.06345496722997	2420.860232616
336	-176.06345496722997	2428.140816541
337	-176.06345496722997	2434.908627834
338	-176.06345496722997	2441.13990423
339	-176.06345496722997	2447.71865059
340	-176.06345496722997	2454.152778071
341	-176.06345496722997	2460.870736446
342	-176.06345496722997	2467.001202824
343	-176.06345496722997	2476.27576664
344	-176.06345496722997	2482.896529457
345	-176.06345496722997	2490.950708438
346	-176.06345496722997	2497.493890371
347	-176.06345496722997	2503.995693039
348	-176.06345496722997	2510.817000506
349	-176.06345496722997	2519.332369801
350	-176.06345496722997	2527.445682462
351	-176.06345496722997	2534.482574871
352	-176.06345496722997	2543.408439385
353	-176.06345496722997	2553.098233881
354	-176.06345496722997	2561.258808215
355	-176.06345496722997	2568.197304522
356	-176.06345496722997	2575.328403246
357	-176.06345496722997	2583.028585822
358	-176.06345496722997	2590.451194813
359	-176.06345496722997	2598.792701403
360	-176.06345496722997	2606.897576333
361	-176.06345496722997	2616.345291252
362	-176.06345496722997	2623.69388963
363	-176.06345496722997	2635.411092212
364	-176.06345496722997	2645.673581885
365	-176.06345496722997	2656.523740028
366	-176.06345496722997	2666.23775095
367	-176.06345496722997	2675.769913884
368	-176.06345496722997	2685.696963546
369	-176.06345496722997	2692.795755077
370	-176.06345496722997	2702.515704284
371	-176.06345496722997	2713.662688328
372	-176.06345496722997	2720.76548034
373	-176.06345496722997	2729.766486162
374	-176.06345496722997	2739.93732798
375	-176.06345496722997	2748.173784304
376	-176.06345496722997	2758.645466758
377	-176.06345496722997	2768.011647068
378	-176.06345496722997	2776.212505609
379	-176.06345496722997	2784.54907945
380	-176.06345496722997	2791.867167601
381	-176.06345496722997	2798.606843811
382	-176.06345496722997	2805.680766044
383	-176.06345496722997	2812.554738911
384	-176.06345496722997	2819.957040727
385	-176.06345496722997	2831.607131759
386	-176.06345496722997	2847.647154247
387	-176.06345496722997	2854.089733144
388	-176.06345496722997	2860.87252885
389	-176.06345496722997	2867.659262317
390	-176.06345496722997	2872.766910957
391	-176.06345496722997	2878.737753515
392	-176.06345496722997	2886.192516318
393	-176.06345496722997	2893.863735033
394	-176.06345496722997	2901.131434853
395	-176.06345496722997	2910.743396726
396	-176.06345496722997	2916.946569684
397	-176.06345496722997	2925.449014676
398	-176.06345496722997	2933.667458856
399	-176.06345496722997	2940.07621869
400	-176.06345496722997	2948.049515934
401	-176.06345496722997	2957.281160105
402	-176.06345496722997	2967.41761067
403	-176.06345496722997	2976.656157326
404	-176.06345496722997	2986.059338951
405	-176.06345496722997	2996.503449674
406	-176.06345496722997	3003.761700809
407	-176.06345496722997	3013.396481561
408	-176.06345496722997	3023.332913195
409	-176.06345496722997	3032.577116746
410	-176.06345496722997	3040.290227901
411	-176.06345496722997	3048.561749447
412	-176.06345496722997	3057.715178394
413	-176.06345496722997	3067.94598267
414	-176.06345496722997	3075.962216949
415	-176.06345496722997	3086.590898335
416	-176.06345496722997	3097.331468609
417	-176.06345496722997	3107.525021539
418	-176.06345496722997	3125.754040822
419	-176.06345496722997	3136.137839273
420	-176.06345496722997	3146.412943062
421	-176.06345496722997	3153.776895624
422	-176.06345496722997	3163.97889826
423	-176.06345496722997	3173.54849158
424	-176.06345496722997	3183.010500123
425	-176.06345496722997	3191.650524949
426	-176.06345496722997	3200.750615097
427	-176.06345496722997	3208.321403544
428	-176.06345496722997	3215.347420072
429	-176.06345496722997	3222.099974398
430	-176.06345496722997	3230.240790654
431	-176.06345496722997	3237.857137318
432	-176.06345496722997	3247.59459975
433	-176.06345496722997	3257.760768542
434	-176.06345496722997	3268.478058364
435	-176.06345496722997	3280.464549612
436	-176.06345496722997	3290.259054539
437	-176.06345496722997	3298.374104297
438	-176.06345496722997	3305.228603612
439	-176.06345496722997	3313.838952405
440	-176.06345496722997	3324.027466531
441	-176.06345496722997	3334.202583663
442	-176.06345496722997	3341.688176856
443	-176.06345496722997	3350.080934765
444	-176.06345496722997	3361.475884784
445	-176.06345496722997	3370.399180289
446	-176.06345496722997	3378.624457674
447	-176.06345496722997	3388.471915949
448	-176.06345496722997	3398.352312051
449	-176.06345496722997	3407.868258097
450	-176.06345496722997	3416.047669931
451	-176.06345496722997	3424.641790147
452	-176.06345496722997	3432.744471541
453	-176.06345496722997	3443.296637167
454	-176.06345496722997	3451.245280932
455	-176.06345496722997	3461.00521699
456	-176.06345496722997	3469.880557752
457	-176.06345496722997	3479.098188551
458	-176.06345496722997	3489.672604572
459	-176.06345496722997	3497.950526831
460	-176.06345496722997	3505.011628822
461	-176.06345496722997	3513.604404236
462	-176.06345496722997	3522.491983642
463	-176.06345496722997	3535.815169898
464	-176.06345496722997	3545.104186992
465	-176.06345496722997	3553.575529325
466	-176.06345496722997	3563.067363292
467	-176.06345496722997	3570.356561137
468	-176.06345496722997	3578.075598319
469	-176.06345496722997	3585.580358013
470	-176.06345496722997	3595.641529283
471	-176.06345496722997	3603.080752588
472	-176.06345496722997	3610.769034644
473	-176.06345496722997	3620.525384468
474	-176.06345496722997	3628.162217633
475	-176.06345496722997	3639.512218403
476	-176.06345496722997	3647.012589884
477	-176.06345496722997	3657.486026255
478	-176.06345496722997	3667.602837343
479	-176.06345496722997	3676.693741094
480	-176.06345496722997	3687.065786705
481	-176.06345496722997	3695.622332846
482	-176.06345496722997	3707.640627236
483	-176.06345496722997	3715.529180249
484	-176.06345496722997	3723.316054554
485	-176.06345496722997	3732.93653712
486	-176.06345496722997	3742.546901879
487	-176.06345496722997	3750.114478994
488	-176.06345496722997	3758.610560621
489	-176.06345496722997	3765.037706645
490	-176.06345496722997	3773.289101483
491	-176.06345496722997	3783.028576699
492	-176.06345496722997	3793.276840886
493	-176.06345496722997	3801.326089684
494	-176.06345496722997	3811.062955692
495	-176.06345496722997	3821.021574431
496	-176.06345496722997	3829.738812936
497	-176.06345496722997	3838.38666396
498	-176.06345496722997	3848.38159465
499	-176.06345496722997	3860.398155936
500	-176.06345496722997	3881.551787872
501	-176.06345496722997	3890.355297017
502	-176.06345496722997	3900.850992622
503	-176.06345496722997	3910.9374175
504	-176.06345496722997	3919.388069203
505	-176.06345496722997	3928.587326925
506	-176.06345496722997	3936.250515313
507	-176.06345496722997	3946.783355067
508	-176.06345496722997	3955.114580488
509	-176.06345496722997	3962.632879155
510	-176.06345496722997	3971.431469806
511	-176.06345496722997	3979.129723701
512	-176.06345496722997	3993.489876775
513	-176.06345496722997	4002.34801792
514	-176.06345496722997	4009.68123788
515	-176.06345496722997	4019.696840384
516	-176.06345496722997	4027.710668444
517	-176.06345496722997	4040.313083273
518	-176.06345496722997	4050.330400921
519	-176.06345496722997	4058.580836691
520	-176.06345496722997	4067.30578764
521	-176.06345496722997	4075.67722742
522	-176.06345496722997	4083.244090937
523	-176.06345496722997	4092.937350787
524	-176.06345496722997	4105.086713396
525	-176.06345496722997	4116.668748065
526	-176.06345496722997	4126.48806812
527	-176.06345496722997	4135.625730347
528	-176.06345496722997	4143.644579251
529	-176.06345496722997	4153.506950095
530	-176.06345496722997	4161.663064371
531	-176.06345496722997	4168.697983908
532	-176.06345496722997	4179.211542267
533	-176.06345496722997	4187.509518534
534	-176.06345496722997	4197.767160132
535	-176.06345496722997	4209.721437984
536	-176.06345496722997	4219.716553417
537	-176.06345496722997	4231.380322832
538	-176.06345496722997	4242.291418466
539	-176.06345496722997	4250.930347094
540	-176.06345496722997	4258.697648634
541	-176.06345496722997	4266.430249591
542	-176.06345496722997	4275.85864206
543	-176.06345496722997	4283.411294346
544	-176.06345496722997	4291.115552099
545	-176.06345496722997	4299.312830962
546	-176.06345496722997	4308.782856147
547	-176.06345496722997	4316.42341496
548	-176.06345496722997	4328.386065827
549	-176.06345496722997	4340.034014639
550	-176.06345496722997	4349.222578942
551	-176.06345496722997	4356.555050237
552	-176.06345496722997	4364.046174027
553	-176.06345496722997	4372.43869673
554	-176.06345496722997	4380.517229268
555	-176.06345496722997	4388.736348272
556	-176.06345496722997	4397.243935274
557	-176.06345496722997	4407.088353274
558	-176.06345496722997	4418.985495405
559	-176.06345496722997	4429.919340639
560	-176.06345496722997	4439.553806359
561	-176.06345496722997	4453.089080557
562	-176.06345496722997	4463.26805163
563	-176.06345496722997	4472.892116726
564	-176.06345496722997	4481.103139545
565	-176.06345496722997	4489.102838483
566	-176.06345496722997	4496.369571539
567	-176.06345496722997	4503.972839378
568	-176.06345496722997	4512.077305195
569	-176.06345496722997	4520.09539517
570	-176.06345496722997	4528.371791019
571	-176.06345496722997	4537.675846981
572	-176.06345496722997	4547.511678999
573	-176.06345496722997	4556.4128926
574	-176.06345496722997	4563.309383284
575	-176.06345496722997	4570.560117551
576	-176.06345496722997	4578.513895913
577	-176.06345496722997	4587.67963649
578	-176.06345496722997	4596.578311017
579	-176.06345496722997	4612.586476195
580	-176.06345496722997	4621.170811312
581	-176.06345496722997	4631.171501817
582	-176.06345496722997	4639.892108743
583	-176.06345496722997	4650.218617519
584	-176.06345496722997	4659.566661098
585	-176.06345496722997	4667.287183065
586	-176.06345496722997	4673.823478195
587	-176.06345496722997	4682.994186302
588	-176.06345496722997	4693.027553771
589	-176.06345496722997	4701.41167381
590	-176.06345496722997	4710.760417872
591	-176.06345496722997	4719.112221881
592	-176.06345496722997	4727.970609349
593	-176.06345496722997	4736.328656697
594	-176.06345496722997	4745.498604735
595	-176.06345496722997	4756.128118035
596	-176.06345496722997	4763.810178705
597	-176.06345496722997	4770.817480324
598	-176.06345496722997	4779.208004783
599	-176.06345496722997	4789.035923079
600	-176.06345496722997	4803.181229042
601	-176.06345496722997	4812.735847072
602	-176.06345496722997	4830.345861161
603	-176.06345496722997	4844.530690123
604	-176.06345496722997	4856.9739772
605	-176.06345496722997	4866.765734932
606	-176.06345496722997	4875.816424325
607	-176.06345496722997	4883.459618004
608	-176.06345496722997	4891.051814671
609	-176.06345496722997	4899.22179407
610	-176.06345496722997	4908.024509505
611	-176.06345496722997	4916.08180146
612	-176.06345496722997	4927.629387572
613	-176.06345496722997	4936.676148898
614	-176.06345496722997	4946.515219904
615	-176.06345496722997	4955.225149947
616	-176.06345496722997	4962.208944463
617	-176.06345496722997	4970.126548861
618	-176.06345496722997	4978.301816239
619	-176.06345496722997	4987.606202913
620	-176.06345496722997	4997.816226182
621	-176.06345496722997	5007.779961272
622	-176.06345496722997	5016.735173102
623	-176.06345496722997	5024.81433998
624	-176.06345496722997	5032.821507319
625	-176.06345496722997	5045.587424713
626	-176.06345496722997	5059.797808345
627	-176.06345496722997	5068.682019616
628	-176.06345496722997	5077.9607219
629	-176.06345496722997	5089.105447976
630	-176.06345496722997	5098.954108219
631	-176.06345496722997	5109.439206199
632	-176.06345496722997	5117.670399062
633	-176.06345496722997	5125.963883341
634	-176.06345496722997	5136.434486988
635	-176.06345496722997	5144.895828689
636	-176.06345496722997	5157.520600825
637	-176.06345496722997	5167.755573219
638	-176.06345496722997	5176.854141519
639	-176.06345496722997	5187.181207374
640	-176.06345496722997	5201.592416762
641	-176.06345496722997	5212.881552741
642	-176.06345496722997	5223.01632608
643	-176.06345496722997	5233.166139142
644	-176.06345496722997	5244.034310285
645	-176.06345496722997	5252.322302455
646	-176.06345496722997	5261.938544204
647	-176.06345496722997	5270.536593912
648	-176.06345496722997	5278.654253733
649	-176.06345496722997	5288.626313941
650	-176.06345496722997	5298.515850538
651	-176.06345496722997	5305.882297414
652	-176.06345496722997	5313.778082198
653	-176.06345496722997	5323.81577972
654	-176.06345496722997	5330.649939645
655	-176.06345496722997	5338.299110954
656	-176.06345496722997	5346.537305229
657	-176.06345496722997	5356.38457705
658	-176.06345496722997	5366.361395812
659	-176.06345496722997	5375.145065912
660	-176.06345496722997	5382.219397544
661	-176.06345496722997	5389.979529179
662	-176.06345496722997	5397.620003319
663	-176.06345496722997	5406.814450883
664	-176.06345496722997	5413.8609197
665	-176.06345496722997	5423.903184192
666	-176.06345496722997	5431.790294328
667	-176.06345496722997	5441.845523606
668	-176.06345496722997	5450.560350761
669	-176.06345496722997	5463.32782735
670	-176.06345496722997	5471.872443891
671	-176.06345496722997	5481.281028391
672	-176.06345496722997	5491.64607373
673	-176.06345496722997	5503.247731911
674	-176.06345496722997	5510.444193971
675	-176.06345496722997	5517.996235294
676	-176.06345496722997	5526.070545545
677	-176.06345496722997	5535.877301945
678	-176.06345496722997	5545.824276752
679	-176.06345496722997	5553.662074799
680	-176.06345496722997	5562.673020244
681	-176.06345496722997	5573.87477684
682	-176.06345496722997	5581.27923456
683	-176.06345496722997	5594.141648454
684	-176.06345496722997	5613.339138859
685	-176.06345496722997	5623.067722799
686	-176.06345496722997	5632.328317432
687	-176.06345496722997	5640.066706713
688	-176.06345496722997	5648.46576099
689	-176.06345496722997	5657.307348261
690	-176.06345496722997	5665.498458766
691	-176.06345496722997	5673.019346113
692	-176.06345496722997	5682.116183019
693	-176.06345496722997	5691.490680749
694	-176.06345496722997	5699.612036568
695	-176.06345496722997	5709.349556018
696	-176.06345496722997	5716.861913833
697	-176.06345496722997	5723.961672128
698	-176.06345496722997	5733.515463092
699	-176.06345496722997	5741.627037802
700	-176.06345496722997	5749.794778619
701	-176.06345496722997	5757.353390003
702	-176.06345496722997	5766.953027132
703	-176.06345496722997	5776.569549986
704	-176.06345496722997	5787.12091848
705	-176.06345496722997	5796.618257384
706	-176.06345496722997	5804.572636731
707	-176.06345496722997	5813.572042019
708	-176.06345496722997	5820.306682845
709	-176.06345496722997	5828.337044821
710	-176.06345496722997	5838.912213499
711	-176.06345496722997	5851.455008556
712	-176.06345496722997	5862.059406519
713	-176.06345496722997	5870.993072998
714	-176.06345496722997	5882.741841236
715	-176.06345496722997	5892.396996161
716	-176.06345496722997	5900.785817735
717	-176.06345496722997	5909.837530056
718	-176.06345496722997	5917.729364251
719	-176.06345496722997	5930.568999463
720	-176.06345496722997	5940.18084074
721	-176.06345496722997	5949.746249406
722	-176.06345496722997	5958.743702635
723	-176.06345496722997	5968.910948524
724	-176.06345496722997	5978.216993606
725	-176.06345496722997	5988.200441729
726	-176.06345496722997	5995.83886203
727	-176.06345496722997	6005.640974769
728	-176.06345496722997	6017.777923969
729	-176.06345496722997	6027.598335376
730	-176.06345496722997	6038.107251785
731	-176.06345496722997	6047.963599669
732	-176.06345496722997	6057.929392304
733	-176.06345496722997	6068.187474092
734	-176.06345496722997	6076.692671695
735	-176.06345496722997	6089.538429937
736	-176.06345496722997	6098.769404985
737	-176.06345496722997	6108.814385026
738	-176.06345496722997	6119.085662243
739	-176.06345496722997	6127.464526234
740	-176.06345496722997	6137.51457758
741	-176.06345496722997	6148.421015014
742	-176.06345496722997	6156.596252457
743	-176.06345496722997	6164.924619495
744	-176.06345496722997	6173.303681059
745	-176.06345496722997	6181.170778811
746	-176.06345496722997	6190.501908439
747	-176.06345496722997	6198.481330137
748	-176.06345496722997	6206.081273175
749	-176.06345496722997	6216.360540806
750	-176.06345496722997	6227.302718286
751	-176.06345496722997	6235.419008216
752	-176.06345496722997	6243.440486855
753	-176.06345496722997	6251.743182048
754	-176.06345496722997	6260.33120632
755	-176.06345496722997	6271.213352062
756	-176.06345496722997	6282.965521508
757	-176.06345496722997	6293.80890033
758	-176.06345496722997	6302.924888057
759	-176.06345496722997	6311.167524714
760	-176.06345496722997	6320.953935736
761	-176.06345496722997	6331.477332507
762	-176.06345496722997	6340.971131077
763	-176.06345496722997	6350.410207841
764	-176.06345496722997	6362.577729704
765	-176.06345496722997	6373.255828951
766	-176.06345496722997	6382.364457184
767	-176.06345496722997	6392.783987127
768	-176.06345496722997	6403.53939613
769	-176.06345496722997	6411.281641634
770	-176.06345496722997	6420.655149508
771	-176.06345496722997	6430.733444559
772	-176.06345496722997	6438.85348323
773	-176.06345496722997	6446.40817567
774	-176.06345496722997	6454.390948968
775	-176.06345496722997	6464.89474646
776	-176.06345496722997	6482.700100468
777	-176.06345496722997	6491.527189702
778	-176.06345496722997	6499.301152818
779	-176.06345496722997	6511.001942651
780	-176.06345496722997	6520.478035841
781	-176.06345496722997	6529.817945032
782	-176.06345496722997	6539.293095977
783	-176.06345496722997	6547.716036251
784	-176.06345496722997	6557.11909557
785	-176.06345496722997	6564.159263173
786	-176.06345496722997	6571.700810645
787	-176.06345496722997	6580.066218057
788	-176.06345496722997	6586.649964448
789	-176.06345496722997	6596.324302696
790	-176.06345496722997	6606.342214485
791	-176.06345496722997	6614.875403484
792	-176.06345496722997	6626.041358453
793	-176.06345496722997	6633.331688419
794	-176.06345496722997	6643.597791125
795	-176.06345496722997	6652.677163273
796	-176.06345496722997	6661.79258993
797	-176.06345496722997	6671.483508563
798	-176.06345496722997	6679.77858739
799	-176.06345496722997	6688.484980519
800	-176.06345496722997	6697.631633566
801	-176.06345496722997	6708.575936159
802	-176.06345496722997	6719.115575192
803	-176.06345496722997	6729.138077044
804	-176.06345496722997	6740.829287617
805	-176.06345496722997	6756.514493762
806	-176.06345496722997	6764.505726459
807	-176.06345496722997	6776.861686326
808	-176.06345496722997	6785.279441541
809	-176.06345496722997	6793.036749005
810	-176.06345496722997	6800.606230282
811	-176.06345496722997	6807.267207173
812	-176.06345496722997	6815.140819962
813	-176.06345496722997	6824.243087681
814	-176.06345496722997	6835.766865341
815	-176.06345496722997	6844.924269966
816	-176.06345496722997	6852.470915258
817	-176.06345496722997	6862.452367987
818	-176.06345496722997	6872.964470355
819	-176.06345496722997	6881.700559474
820	-176.06345496722997	6892.895139894
821	-176.06345496722997	6904.460719904
822	-176.06345496722997	6918.847287787
823	-176.06345496722997	6930.946661771
824	-176.06345496722997	6948.285658366
825	-176.06345496722997	6961.745344223
826	-176.06345496722997	6971.034973991
827	-176.06345496722997	6981.134196018
828	-176.06345496722997	6993.471546748
829	-176.06345496722997	7002.066604649
830	-176.06345496722997	7011.204926876
831	-176.06345496722997	7020.457309574
832	-176.06345496722997	7029.482838871
833	-176.06345496722997	7038.490119678
834	-176.06345496722997	7046.87709867
835	-176.06345496722997	7058.32056992
836	-176.06345496722997	7066.382279738
837	-176.06345496722997	7075.490161872
838	-176.06345496722997	7084.89802365
839	-176.06345496722997	7096.459746013
840	-176.06345496722997	7107.190933459
841	-176.06345496722997	7117.502392819
842	-176.06345496722997	7127.353600975
843	-176.06345496722997	7135.575393049
844	-176.06345496722997	7144.918804372
845	-176.06345496722997	7157.837869322
846	-176.06345496722997	7167.301112049
847	-176.06345496722997	7177.796594117
848	-176.06345496722997	7188.046512722
849	-176.06345496722997	7200.752857955
850	-176.06345496722997	7214.876250222
851	-176.06345496722997	7225.193903315
852	-176.06345496722997	7235.669184834
853	-176.06345496722997	7250.301457302
854	-176.06345496722997	7263.409951539
855	-176.06345496722997	7272.996805773
856	-176.06345496722997	7286.484262075
857	-176.06345496722997	7299.101285559
858	-176.06345496722997	7309.771933511
859	-176.06345496722997	7319.208275055
860	-176.06345496722997	7329.168603806
861	-176.06345496722997	7337.185808555
862	-176.06345496722997	7346.927552573
863	-176.06345496722997	7354.820972192
864	-176.06345496722997	7364.888459501
865	-176.06345496722997	7373.870400886
866	-176.06345496722997	7384.246430158
867	-176.06345496722997	7392.120128761
868	-176.06345496722997	7401.091576581
869	-176.06345496722997	7412.882923202
870	-176.06345496722997	7421.628242622
871	-176.06345496722997	7434.97820747
872	-176.06345496722997	7443.869811306
873	-176.06345496722997	7453.287064179
874	-176.06345496722997	7465.191968076
875	-176.06345496722997	7473.377019413
876	-176.06345496722997	7482.758672223
877	-176.06345496722997	7490.746494875
878	-176.06345496722997	7498.29695505
879	-176.06345496722997	7506.754220719
880	-176.06345496722997	7515.242857037
881	-176.06345496722997	7524.592056114
882	-176.06345496722997	7533.05267823
883	-176.06345496722997	7541.832113498
884	-176.06345496722997	7554.797163171
885	-176.06345496722997	7566.209746155
886	-176.06345496722997	7576.713703872
887	-176.06345496722997	7588.219832032
888	-176.06345496722997	7599.690458202
889	-176.06345496722997	7611.371023253
890	-176.06345496722997	7622.533838164
891	-176.06345496722997	7633.000275404
892	-176.06345496722997	7642.395673026
893	-176.06345496722997	7652.667339686
894	-176.06345496722997	7664.225206966
895	-176.06345496722997	7675.170931338
896	-176.06345496722997	7686.3728225
897	-176.06345496722997	7697.73372652
898	-176.06345496722997	7707.881592084
899	-176.06345496722997	7718.979054778
900	-176.06345496722997	7730.999060891
901	-176.06345496722997	7741.01182953
902	-176.06345496722997	7748.849996493
903	-176.06345496722997	7757.570333717
904	-176.06345496722997	7765.211261731
905	-176.06345496722997	7775.854094763
906	-176.06345496722997	7784.946618436
907	-176.06345496722997	7796.239819328
908	-176.06345496722997	7809.315372317
909	-176.06345496722997	7821.692129726
910	-176.06345496722997	7831.858293957
911	-176.06345496722997	7845.319015857
912	-176.06345496722997	7857.85657026
913	-176.06345496722997	7867.785334211
914	-176.06345496722997	7877.685192175
915	-176.06345496722997	7888.696495987
916	-176.06345496722997	7897.845067166
917	-176.06345496722997	7909.456652425
918	-176.06345496722997	7919.273940309
919	-176.06345496722997	7928.435459169
920	-176.06345496722997	7940.530421562
921	-176.06345496722997	7951.14034385
922	-176.06345496722997	7964.134234221
923	-176.06345496722997	7975.471820727
924	-176.06345496722997	7984.329253405
925	-176.06345496722997	7996.103209109
926	-176.06345496722997	8008.066691033
927	-176.06345496722997	8018.192192162
928	-176.06345496722997	8033.052705599
929	-176.06345496722997	8043.429161091
930	-176.06345496722997	8053.845341714
931	-176.06345496722997	8065.275434787
932	-176.06345496722997	8078.547869784
933	-176.06345496722997	8089.019479253
934	-176.06345496722997	8099.235305387
935	-176.06345496722997	8111.464628299
936	-176.06345496722997	8122.410634347
937	-176.06345496722997	8133.225005688
938	-176.06345496722997	8143.793587199
939	-176.06345496722997	8156.522918378
940	-176.06345496722997	8165.699604399
941	-176.06345496722997	8174.558686934
942	-176.06345496722997	8182.613155859
943	-176.06345496722997	8190.362405341
944	-176.06345496722997	8198.265414768
945	-176.06345496722997	8209.861191968
946	-176.06345496722997	8223.602414259
947	-176.06345496722997	8236.403594446
948	-176.06345496722997	8247.878118747
949	-176.06345496722997	8257.607467603
950	-176.06345496722997	8268.29363424
951	-176.06345496722997	8280.046890761
952	-176.06345496722997	8290.367545355
953	-176.06345496722997	8299.31552969
954	-176.06345496722997	8309.259815177
955	-176.06345496722997	8320.93108293
956	-176.06345496722997	8331.161333832
957	-176.06345496722997	8342.518886537
958	-176.06345496722997	8354.742976493
959	-176.06345496722997	8364.291167581
960	-176.06345496722997	8373.124142357
961	-176.06345496722997	8381.164823705
962	-176.06345496722997	8389.936086667
963	-176.06345496722997	8399.832512919
964	-176.06345496722997	8411.68175134
965	-176.06345496722997	8424.486823671
966	-176.06345496722997	8438.792563701
967	-176.06345496722997	8450.672103657
968	-176.06345496722997	8461.423539833
969	-176.06345496722997	8474.355150192
970	-176.06345496722997	8484.255110507
971	-176.06345496722997	8493.003990788
972	-176.06345496722997	8503.037920183
973	-176.06345496722997	8512.752636435
974	-176.06345496722997	8523.924116014
975	-176.06345496722997	8533.046172601
976	-176.06345496722997	8544.871237076
977	-176.06345496722997	8555.147904623
978	-176.06345496722997	8566.337189651
979	-176.06345496722997	8577.073900566
980	-176.06345496722997	8586.096254738
981	-176.06345496722997	8595.339749251
982	-176.06345496722997	8606.320603277
983	-176.06345496722997	8616.614268022
984	-176.06345496722997	8626.386728962
985	-176.06345496722997	8639.681100748
986	-176.06345496722997	8649.707314563
987	-176.06345496722997	8663.696776522
988	-176.06345496722997	8687.137732931
989	-176.06345496722997	8697.25222618
990	-176.06345496722997	8709.25159469
991	-176.06345496722997	8723.177494271
992	-176.06345496722997	8735.794909194
993	-176.06345496722997	8749.060152333
994	-176.06345496722997	8759.46612905
995	-176.06345496722997	8768.284762876
996	-176.06345496722997	8777.910917448
997	-176.06345496722997	8790.288639625
998	-176.06345496722997	8800.767165834
999	-176.06345496722997	8810.749600722
1000	-176.06345496722997	8821.251886059
1001	-176.06345496722997	8831.567684881
1002	-176.06345496722997	8841.870527755
1003	-176.06345496722997	8852.522954871
1004	-176.06345496722997	8860.932122678
1005	-176.06345496722997	8871.292338474
1006	-176.06345496722997	8880.807505635
1007	-176.06345496722997	8890.131609618
1008	-176.06345496722997	8900.230894937
1009	-176.06345496722997	8909.515202513
1010	-176.06345496722997	8919.233054832
1011	-176.06345496722997	8928.664512949
1012	-176.06345496722997	8939.739948477
1013	-176.06345496722997	8951.239032461
1014	-176.06345496722997	8960.131421739
1015	-176.06345496722997	8969.356374684
1016	-176.06345496722997	8979.67311347
1017	-176.06345496722997	8992.736674423
1018	-176.06345496722997	9006.435266443
1019	-176.06345496722997	9022.210431244
1020	-176.06345496722997	9033.017994183
1021	-176.06345496722997	9041.384998423
1022	-176.06345496722997	9051.186727423
1023	-176.06345496722997	9060.040838436
1024	-176.06345496722997	9070.663576975
1025	-176.06345496722997	9082.17373099
1026	-176.06345496722997	9089.73249091
1027	-176.06345496722997	9098.872549662
1028	-176.06345496722997	9110.093568839
1029	-176.06345496722997	9120.477949172
1030	-176.06345496722997	9131.032155807
1031	-176.06345496722997	9140.911935529
1032	-176.06345496722997	9150.342205362
1033	-176.06345496722997	9161.094963533
1034	-176.06345496722997	9169.583543973
1035	-176.06345496722997	9178.677068906
1036	-176.06345496722997	9186.07042837
1037	-176.06345496722997	9193.168639158
1038	-176.06345496722997	9201.798918228
1039	-176.06345496722997	9212.499517616
1040	-176.06345496722997	9220.43627084
1041	-176.06345496722997	9230.345488825
1042	-176.06345496722997	9240.232772586
1043	-176.06345496722997	9249.612187954
1044	-176.06345496722997	9258.685358957
1045	-176.06345496722997	9270.158947285
1046	-176.06345496722997	9281.350701823
1047	-176.06345496722997	9292.157249817
1048	-176.06345496722997	9303.560937205
1049	-176.06345496722997	9314.887607346
1050	-176.06345496722997	9322.958647534
1051	-176.06345496722997	9334.67969579
1052	-176.06345496722997	9345.740786948
1053	-176.06345496722997	9357.559733526
1054	-176.06345496722997	9376.403821098
1055	-176.06345496722997	9387.715318091
1056	-176.06345496722997	9401.768810843
1057	-176.06345496722997	9414.565810939
1058	-176.06345496722997	9426.29463436
1059	-176.06345496722997	9436.586619599
1060	-176.06345496722997	9446.358437646
1061	-176.06345496722997	9459.968485947
1062	-176.06345496722997	9470.728619863
1063	-176.06345496722997	9481.477236144
1064	-176.06345496722997	9492.796846713
1065	-176.06345496722997	9503.373130975
1066	-176.06345496722997	9513.111121691
1067	-176.06345496722997	9524.022002932
1068	-176.06345496722997	9535.956340529
1069	-176.06345496722997	9549.174558912
1070	-176.06345496722997	9560.393107153
1071	-176.06345496722997	9569.845877412
1072	-176.06345496722997	9580.766287735
1073	-176.06345496722997	9591.384571633
1074	-176.06345496722997	9599.420891282
1075	-176.06345496722997	9610.415617557
1076	-176.06345496722997	9622.071512309
1077	-176.06345496722997	9634.362287596
1078	-176.06345496722997	9643.538886377
1079	-176.06345496722997	9653.830867909
1080	-176.06345496722997	9665.689186385
1081	-176.06345496722997	9675.725473817
1082	-176.06345496722997	9686.023660486
1083	-176.06345496722997	9693.984474757
1084	-176.06345496722997	9704.179386175
1085	-176.06345496722997	9717.05004821
1086	-176.06345496722997	9729.704759809
1087	-176.06345496722997	9741.062161982
1088	-176.06345496722997	9749.8028175
1089	-176.06345496722997	9760.149184708
1090	-176.06345496722997	9770.916571777
1091	-176.06345496722997	9780.553285487
1092	-176.06345496722997	9789.836253107
1093	-176.06345496722997	9800.787620974
1094	-176.06345496722997	9811.97679795
1095	-176.06345496722997	9821.696072333
1096	-176.06345496722997	9831.103879657
1097	-176.06345496722997	9842.849897565
1098	-176.06345496722997	9854.172908201
1099	-176.06345496722997	9864.805057792
1100	-176.06345496722997	9877.516577821
1101	-176.06345496722997	9885.459339179
1102	-176.06345496722997	9893.029738754
1103	-176.06345496722997	9900.975638175
1104	-176.06345496722997	9909.944016926
1105	-176.06345496722997	9923.403470429
1106	-176.06345496722997	9932.758194116
1107	-176.06345496722997	9940.669722241
1108	-176.06345496722997	9949.5681513
1109	-176.06345496722997	9959.443436753
1110	-176.06345496722997	9970.346731277
1111	-176.06345496722997	9984.469805661
1112	-176.06345496722997	9996.871127599
1113	-176.06345496722997	10008.39047029
1114	-176.06345496722997	10020.279203485
1115	-176.06345496722997	10041.975097346
1116	-176.06345496722997	10050.284873779
1117	-176.06345496722997	10059.42345858
1118	-176.06345496722997	10073.277694751
1119	-176.06345496722997	10084.005541146
1120	-176.06345496722997	10095.169435719
1121	-176.06345496722997	10105.012787741
1122	-176.06345496722997	10115.334818214
1123	-176.06345496722997	10129.318449084
1124	-176.06345496722997	10139.091961462
1125	-176.06345496722997	10151.625554442
1126	-176.06345496722997	10164.27836701
1127	-176.06345496722997	10175.139793898
1128	-176.06345496722997	10186.087038122
1129	-176.06345496722997	10196.48239754
1130	-176.06345496722997	10206.95024544
1131	-176.06345496722997	10217.456128702
1132	-176.06345496722997	10232.423105345
1133	-176.06345496722997	10241.095001736
1134	-176.06345496722997	10250.200727111
1135	-176.06345496722997	10258.920423152
1136	-176.06345496722997	10267.556415852
1137	-176.06345496722997	10276.71072917
1138	-176.06345496722997	10284.956570887
1139	-176.06345496722997	10296.064261721
1140	-176.06345496722997	10304.728075897
1141	-176.06345496722997	10313.877076718
1142	-176.06345496722997	10323.510217592
1143	-176.06345496722997	10333.806338733
1144	-176.06345496722997	10344.499834929
1145	-176.06345496722997	10353.751856409
1146	-176.06345496722997	10364.110241882
1147	-176.06345496722997	10376.394341338
1148	-176.06345496722997	10384.953526051
1149	-176.06345496722997	10394.171053644
1150	-176.06345496722997	10403.066458394
1151	-176.06345496722997	10413.783900743
1152	-176.06345496722997	10425.57110462
1153	-176.06345496722997	10449.937378442
1154	-176.06345496722997	10462.299717925
1155	-176.06345496722997	10473.98588
1156	-176.06345496722997	10485.550281704
1157	-176.06345496722997	10496.533314726
1158	-176.06345496722997	10507.225885782
1159	-176.06345496722997	10516.89572976
1160	-176.06345496722997	10525.191403584
1161	-176.06345496722997	10535.670996625
1162	-176.06345496722997	10544.317774259
1163	-176.06345496722997	10552.759375558
1164	-176.06345496722997	10563.772001649
1165	-176.06345496722997	10571.443685358
1166	-176.06345496722997	10579.459610022
1167	-176.06345496722997	10587.523350015
1168	-176.06345496722997	10597.309373591
1169	-176.06345496722997	10607.674506739
1170	-176.06345496722997	10617.40588292
1171	-176.06345496722997	10625.703591766
1172	-176.06345496722997	10634.012434791
1173	-176.06345496722997	10641.858575347
1174	-176.06345496722997	10649.605655812
1175	-176.06345496722997	10661.600152584
1176	-176.06345496722997	10671.23929589
1177	-176.06345496722997	10679.490734062
1178	-176.06345496722997	10688.430821496
1179	-176.06345496722997	10696.312067472
1180	-176.06345496722997	10705.424082943
1181	-176.06345496722997	10715.287040801
1182	-176.06345496722997	10724.878843179
1183	-176.06345496722997	10732.706554494
1184	-176.06345496722997	10742.804580255
1185	-176.06345496722997	10752.724004712
1186	-176.06345496722997	10762.986118342
1187	-176.06345496722997	10771.708429007
1188	-176.06345496722997	10781.181621335
1189	-176.06345496722997	10790.068746297
1190	-176.06345496722997	10800.292794629
1191	-176.06345496722997	10809.642672237
1192	-176.06345496722997	10819.270775162
1193	-176.06345496722997	10827.827745527
1194	-176.06345496722997	10838.312295265
1195	-176.06345496722997	10849.336024174
1196	-176.06345496722997	10861.739417912
1197	-176.06345496722997	10872.036616435
1198	-176.06345496722997	10881.103099917
1199	-176.06345496722997	10891.512472424
1200	-176.06345496722997	10901.278826586
1201	-176.06345496722997	10910.898885214
1202	-176.06345496722997	10923.261931738
1203	-176.06345496722997	10934.920965692
1204	-176.06345496722997	10944.2072909
1205	-176.06345496722997	10953.353269407
1206	-176.06345496722997	10961.358395451
1207	-176.06345496722997	10970.700171172
1208	-176.06345496722997	10978.252113567
1209	-176.06345496722997	10986.984536908
1210	-176.06345496722997	10996.872317308
1211	-176.06345496722997	11006.808364347
1212	-176.06345496722997	11016.312441234
1213	-176.06345496722997	11026.732032759
1214	-176.06345496722997	11038.005140584
1215	-176.06345496722997	11048.289995832
1216	-176.06345496722997	11059.488600111
1217	-176.06345496722997	11069.703363404
1218	-176.06345496722997	11080.635678522
1219	-176.06345496722997	11089.743008138
1220	-176.06345496722997	11098.694545923
1221	-176.06345496722997	11109.993715322
1222	-176.06345496722997	11118.557342132
1223	-176.06345496722997	11126.056386202
1224	-176.06345496722997	11134.246793086
1225	-176.06345496722997	11143.238763899
1226	-176.06345496722997	11152.318911511
1227	-176.06345496722997	11161.437415219
1228	-176.06345496722997	11177.101938432
1229	-176.06345496722997	11198.719715998
1230	-176.06345496722997	11209.841837587
1231	-176.06345496722997	11221.806878422
1232	-176.06345496722997	11238.958942324
1233	-176.06345496722997	11250.550039372
1234	-176.06345496722997	11260.22082303
1235	-176.06345496722997	11270.620760821
1236	-176.06345496722997	11281.108351404
1237	-176.06345496722997	11290.012366368
1238	-176.06345496722997	11299.382148879
1239	-176.06345496722997	11312.587951287
1240	-176.06345496722997	11322.149280216
1241	-176.06345496722997	11332.763889499
1242	-176.06345496722997	11341.515796085
1243	-176.06345496722997	11349.635386868
1244	-176.06345496722997	11358.588462181
1245	-176.06345496722997	11367.679971764
1246	-176.06345496722997	11383.111252266
1247	-176.06345496722997	11393.738082517
1248	-176.06345496722997	11403.362096866
1249	-176.06345496722997	11413.059908575
1250	-176.06345496722997	11423.839801424
1251	-176.06345496722997	11433.876747716
1252	-176.06345496722997	11442.351725036
1253	-176.06345496722997	11452.926163581
1254	-176.06345496722997	11462.854924965
1255	-176.06345496722997	11474.688780121
1256	-176.06345496722997	11485.720122261
1257	-176.06345496722997	11495.885759918
1258	-176.06345496722997	11506.653441206
1259	-176.06345496722997	11515.43511078
1260	-176.06345496722997	11525.566569012
1261	-176.06345496722997	11534.218971609
1262	-176.06345496722997	11543.018698087
1263	-176.06345496722997	11551.282446748
1264	-176.06345496722997	11559.038051328
1265	-176.06345496722997	11568.474602703
1266	-176.06345496722997	11580.569818547
1267	-176.06345496722997	11588.737463572
1268	-176.06345496722997	11597.105562015
1269	-176.06345496722997	11604.314403842
1270	-176.06345496722997	11612.085657967
1271	-176.06345496722997	11618.966603736
1272	-176.06345496722997	11628.102261732
1273	-176.06345496722997	11636.734532204
1274	-176.06345496722997	11644.509319821
1275	-176.06345496722997	11653.053894454
1276	-176.06345496722997	11664.374678197
1277	-176.06345496722997	11674.920289157
1278	-176.06345496722997	11682.91074582
1279	-176.06345496722997	11693.196766259
1280	-176.06345496722997	11699.860314154
1281	-176.06345496722997	11706.751050725
1282	-176.06345496722997	11715.153927012
1283	-176.06345496722997	11724.134410696
1284	-176.06345496722997	11732.944457971
1285	-176.06345496722997	11741.154897767
1286	-176.06345496722997	11749.257863403
1287	-176.06345496722997	11757.779030716
1288	-176.06345496722997	11768.284448129
1289	-176.06345496722997	11777.551625937
1290	-176.06345496722997	11788.703257062
1291	-176.06345496722997	11798.163838124
1292	-176.06345496722997	11805.723129749
1293	-176.06345496722997	11813.940794189
1294	-176.06345496722997	11822.49673849
1295	-176.06345496722997	11833.206678226
1296	-176.06345496722997	11840.33201685
1297	-176.06345496722997	11848.548215891
1298	-176.06345496722997	11858.038246334
1299	-176.06345496722997	11870.894866486
1300	-176.06345496722997	11879.475529839
1301	-176.06345496722997	11888.836629435
1302	-176.06345496722997	11897.791961576
1303	-176.06345496722997	11905.611210357
1304	-176.06345496722997	11914.52414401
1305	-176.06345496722997	11923.232592689
1306	-176.06345496722997	11930.538919163
1307	-176.06345496722997	11937.715715802
1308	-176.06345496722997	11944.183776099
1309	-176.06345496722997	11951.271183706
1310	-176.06345496722997	11959.389993893
1311	-176.06345496722997	11971.873072816
1312	-176.06345496722997	11982.623334392
1313	-176.06345496722997	11992.819273014
1314	-176.06345496722997	12002.172754818
1315	-176.06345496722997	12009.835427466
1316	-176.06345496722997	12019.475685216
1317	-176.06345496722997	12028.523767397
1318	-176.06345496722997	12037.555295706
1319	-176.06345496722997	12048.712556642
1320	-176.06345496722997	12056.347030059
1321	-176.06345496722997	12063.817225162
1322	-176.06345496722997	12070.325734453
1323	-176.06345496722997	12077.598027756
1324	-176.06345496722997	12086.167672394
1325	-176.06345496722997	12093.153077423
1326	-176.06345496722997	12102.06192079
1327	-176.06345496722997	12111.246621458
1328	-176.06345496722997	12119.89946111
1329	-176.06345496722997	12128.882086443
1330	-176.06345496722997	12137.073406493
1331	-176.06345496722997	12145.612572835
1332	-176.06345496722997	12155.332801437
1333	-176.06345496722997	12163.466398752
1334	-176.06345496722997	12171.571124006
1335	-176.06345496722997	12178.372861559
1336	-176.06345496722997	12184.613693551
1337	-176.06345496722997	12193.86711942
1338	-176.06345496722997	12202.8400965
1339	-176.06345496722997	12213.252429454
1340	-176.06345496722997	12221.485104537
1341	-176.06345496722997	12230.934447359
1342	-176.06345496722997	12241.650147481
1343	-176.06345496722997	12249.336826437
1344	-176.06345496722997	12255.861794948
1345	-176.06345496722997	12265.817333214
1346	-176.06345496722997	12275.057935134
1347	-176.06345496722997	12286.072768446
1348	-176.06345496722997	12296.810908268
1349	-176.06345496722997	12306.793421558
1350	-176.06345496722997	12315.509681039
1351	-176.06345496722997	12325.965789499
1352	-176.06345496722997	12334.603119589
1353	-176.06345496722997	12342.25043235
1354	-176.06345496722997	12349.585478641
1355	-176.06345496722997	12358.688077927
1356	-176.06345496722997	12366.186379319
1357	-176.06345496722997	12373.799983065
1358	-176.06345496722997	12382.349128943
1359	-176.06345496722997	12390.463139523
1360	-176.06345496722997	12397.149990107
1361	-176.06345496722997	12406.453100116
1362	-176.06345496722997	12417.815533682
1363	-176.06345496722997	12426.774537302
1364	-176.06345496722997	12436.079711128
1365	-176.06345496722997	12456.569057623
1366	-176.06345496722997	12465.133164822
1367	-176.06345496722997	12471.282675966
1368	-176.06345496722997	12477.508242725
1369	-176.06345496722997	12485.057850175
1370	-176.06345496722997	12494.140868428
1371	-176.06345496722997	12502.30021827
1372	-176.06345496722997	12510.383643357
1373	-176.06345496722997	12518.284319836
1374	-176.06345496722997	12527.807733142
1375	-176.06345496722997	12535.311950868
1376	-176.06345496722997	12543.96786244
1377	-176.06345496722997	12554.845113067
1378	-176.06345496722997	12563.396945414
1379	-176.06345496722997	12574.116573316
1380	-176.06345496722997	12584.262852601
1381	-176.06345496722997	12591.853274254
1382	-176.06345496722997	12601.573784247
1383	-176.06345496722997	12610.536651216
1384	-176.06345496722997	12618.548281464
1385	-176.06345496722997	12628.171667743
1386	-176.06345496722997	12638.289537111
1387	-176.06345496722997	12645.890569789
1388	-176.06345496722997	12655.525239353
1389	-176.06345496722997	12664.343978095
1390	-176.06345496722997	12671.313774918
1391	-176.06345496722997	12678.794854455
1392	-176.06345496722997	12688.245455696
1393	-176.06345496722997	12698.739805644
1394	-176.06345496722997	12707.999491387
1395	-176.06345496722997	12717.836208917
1396	-176.06345496722997	12725.574725067
1397	-176.06345496722997	12735.603516444
1398	-176.06345496722997	12745.698834352
1399	-176.06345496722997	12756.683768971
1400	-176.06345496722997	12766.577769618
1401	-176.06345496722997	12778.097235186
1402	-176.06345496722997	12786.508481351
1403	-176.06345496722997	12794.456884779
1404	-176.06345496722997	12803.209074752
1405	-176.06345496722997	12812.689624579
1406	-176.06345496722997	12821.65320144
1407	-176.06345496722997	12831.9416931
1408	-176.06345496722997	12841.447714634
1409	-176.06345496722997	12850.205293795
1410	-176.06345496722997	12858.494163779
1411	-176.06345496722997	12866.631417748
1412	-176.06345496722997	12877.906366444
1413	-176.06345496722997	12888.497523077
1414	-176.06345496722997	12898.195705983
1415	-176.06345496722997	12907.297231594
1416	-176.06345496722997	12918.694367737
1417	-176.06345496722997	12928.328922122
1418	-176.06345496722997	12936.016730348
1419	-176.06345496722997	12944.009484892
1420	-176.06345496722997	12951.869759703
1421	-176.06345496722997	12960.150215619
1422	-176.06345496722997	12967.831211736
1423	-176.06345496722997	12978.071179885
1424	-176.06345496722997	12986.304725084
1425	-176.06345496722997	12993.740934343
1426	-176.06345496722997	13000.794601859
1427	-176.06345496722997	13009.105517254
1428	-176.06345496722997	13015.909342002
1429	-176.06345496722997	13023.791208635
1430	-176.06345496722997	13032.68429412
1431	-176.06345496722997	13040.165498244
1432	-176.06345496722997	13049.758082643
1433	-176.06345496722997	13057.57039872
1434	-176.06345496722997	13067.101745136
1435	-176.06345496722997	13077.339493805
1436	-176.06345496722997	13087.066864087
1437	-176.06345496722997	13095.708718951
1438	-176.06345496722997	13104.959688138
1439	-176.06345496722997	13112.698315191
1440	-176.06345496722997	13120.739356901
1441	-176.06345496722997	13129.97839991
1442	-176.06345496722997	13140.553794955
1443	-176.06345496722997	13150.352378479
1444	-176.06345496722997	13160.41483354
1445	-176.06345496722997	13170.553439154
1446	-176.06345496722997	13177.646351414
1447	-176.06345496722997	13188.1254156
1448	-176.06345496722997	13203.753679605
1449	-176.06345496722997	13213.436900334
1450	-176.06345496722997	13221.779125083
1451	-176.06345496722997	13230.767210024
1452	-176.06345496722997	13240.127911624
1453	-176.06345496722997	13248.024601306
1454	-176.06345496722997	13257.835237021
1455	-176.06345496722997	13267.371636782
1456	-176.06345496722997	13276.193901319
1457	-176.06345496722997	13283.902140166
1458	-176.06345496722997	13292.226625609
1459	-176.06345496722997	13302.284522825
1460	-176.06345496722997	13313.724067719
1461	-176.06345496722997	13321.165070313
1462	-176.06345496722997	13330.012042213
1463	-176.06345496722997	13338.206693622
1464	-176.06345496722997	13346.196647373
1465	-176.06345496722997	13354.048876461
1466	-176.06345496722997	13360.309758757
1467	-176.06345496722997	13369.177061779
1468	-176.06345496722997	13377.336761435
1469	-176.06345496722997	13387.69834142
1470	-176.06345496722997	13395.097254573
1471	-176.06345496722997	13404.372470406
1472	-176.06345496722997	13412.204554254
1473	-176.06345496722997	13420.140808273
1474	-176.06345496722997	13429.425641283
1475	-176.06345496722997	13437.330510683
1476	-176.06345496722997	13447.953959684
1477	-176.06345496722997	13457.570954944
1478	-176.06345496722997	13467.948229519
1479	-176.06345496722997	13478.326543558
1480	-176.06345496722997	13488.584825769
1481	-176.06345496722997	13500.232723549
1482	-176.06345496722997	13510.763578743
1483	-176.06345496722997	13518.496416046
1484	-176.06345496722997	13528.802530122
1485	-176.06345496722997	13538.525028381
1486	-176.06345496722997	13550.819259329
1487	-176.06345496722997	13562.488963325
1488	-176.06345496722997	13570.863810869
1489	-176.06345496722997	13580.575313222
1490	-176.06345496722997	13589.845176643
1491	-176.06345496722997	13600.615020108
1492	-176.06345496722997	13613.260592067
1493	-176.06345496722997	13620.481579312
1494	-176.06345496722997	13633.818525775
1495	-176.06345496722997	13642.019463573
1496	-176.06345496722997	13650.155921265
1497	-176.06345496722997	13660.355609198
1498	-176.06345496722997	13669.175738073
1499	-176.06345496722997	13677.695491305
1500	-176.06345496722997	13684.145808304
1501	-176.06345496722997	13693.544650183
1502	-176.06345496722997	13705.530103108
1503	-176.06345496722997	13713.646036097
1504	-176.06345496722997	13724.121574773
1505	-176.06345496722997	13735.510073618
1506	-176.06345496722997	13751.22135388
1507	-176.06345496722997	13762.446811447
1508	-176.06345496722997	13773.384526018
1509	-176.06345496722997	13784.034000099
1510	-176.06345496722997	13792.535697567
1511	-176.06345496722997	13801.244999541
1512	-176.06345496722997	13811.629862829
1513	-176.06345496722997	13822.194441578
1514	-176.06345496722997	13831.784504864
1515	-176.06345496722997	13840.489133242
1516	-176.06345496722997	13848.429059596
1517	-176.06345496722997	13856.281499371
1518	-176.06345496722997	13863.649050142
1519	-176.06345496722997	13871.248597465
1520	-176.06345496722997	13881.069772362
1521	-176.06345496722997	13890.609229788
1522	-176.06345496722997	13901.242951404
1523	-176.06345496722997	13911.180205544
1524	-176.06345496722997	13923.656429023
1525	-176.06345496722997	13932.330691149
1526	-176.06345496722997	13942.154764912
1527	-176.06345496722997	13950.288184611
1528	-176.06345496722997	13958.153296377
1529	-176.06345496722997	13966.031455894
1530	-176.06345496722997	13976.437038321
1531	-176.06345496722997	13984.905335248
1532	-176.06345496722997	13994.884329871
1533	-176.06345496722997	14005.796299612
1534	-176.06345496722997	14016.07776135
1535	-176.06345496722997	14025.360587847
1536	-176.06345496722997	14033.309449141
1537	-176.06345496722997	14040.906613053
1538	-176.06345496722997	14051.634450039
1539	-176.06345496722997	14060.124853389
1540	-176.06345496722997	14070.233651255
1541	-176.06345496722997	14079.191795022
1542	-176.06345496722997	14088.181593111
1543	-176.06345496722997	14098.782091232
1544	-176.06345496722997	14109.860916564
1545	-176.06345496722997	14119.127128463
1546	-176.06345496722997	14131.097160491
1547	-176.06345496722997	14140.848577565
1548	-176.06345496722997	14150.0672407
1549	-176.06345496722997	14159.670857213
1550	-176.06345496722997	14169.073077206
1551	-176.06345496722997	14177.260387652
1552	-176.06345496722997	14185.415545428
1553	-176.06345496722997	14194.511000183
1554	-176.06345496722997	14204.108549261
1555	-176.06345496722997	14215.051667561
1556	-176.06345496722997	14224.392549503
1557	-176.06345496722997	14233.37182124
1558	-176.06345496722997	14241.793558119
1559	-176.06345496722997	14252.08349294
1560	-176.06345496722997	14262.946798902
1561	-176.06345496722997	14273.537136166
1562	-176.06345496722997	14283.863839379
1563	-176.06345496722997	14292.211352962
1564	-176.06345496722997	14299.795049747
1565	-176.06345496722997	14311.775019401
1566	-176.06345496722997	14321.504839807
1567	-176.06345496722997	14333.509905411
1568	-176.06345496722997	14344.557279125
1569	-176.06345496722997	14354.04622905
1570	-176.06345496722997	14364.47524132
1571	-176.06345496722997	14372.261466174
1572	-176.06345496722997	14382.312690979
1573	-176.06345496722997	14393.118993505
1574	-176.06345496722997	14401.705867696
1575	-176.06345496722997	14411.354569735
1576	-176.06345496722997	14421.149157909
1577	-176.06345496722997	14431.44670539
1578	-176.06345496722997	14441.007837602
1579	-176.06345496722997	14458.030025562
1580	-176.06345496722997	14467.910082969
1581	-176.06345496722997	14479.417908882
1582	-176.06345496722997	14489.486804285
1583	-176.06345496722997	14498.117534949
1584	-176.06345496722997	14506.563802715
1585	-176.06345496722997	14518.026160217
1586	-176.06345496722997	14531.486299378
1587	-176.06345496722997	14539.556001891
1588	-176.06345496722997	14549.424264264
1589	-176.06345496722997	14558.723062466
1590	-176.06345496722997	14571.395148732
1591	-176.06345496722997	14581.205168353
1592	-176.06345496722997	14588.729212864
1593	-176.06345496722997	14599.445843827
1594	-176.06345496722997	14607.312535316
1595	-176.06345496722997	14615.930228779
1596	-176.06345496722997	14625.448300508
1597	-176.06345496722997	14637.119248097
1598	-176.06345496722997	14646.224669843
1599	-176.06345496722997	14654.645397764
1600	-176.06345496722997	14662.46504226
1601	-176.06345496722997	14670.112726217
1602	-176.06345496722997	14680.947602021
1603	-176.06345496722997	14689.840438616
1604	-176.06345496722997	14701.837221296
1605	-176.06345496722997	14712.877443068
1606	-176.06345496722997	14722.132098274
1607	-176.06345496722997	14729.243254177
1608	-176.06345496722997	14739.698416685
1609	-176.06345496722997	14750.25450382
1610	-176.06345496722997	14760.108058039
1611	-176.06345496722997	14767.53363489
1612	-176.06345496722997	14775.550363242
1613	-176.06345496722997	14784.27550036
1614	-176.06345496722997	14792.959613158
1615	-176.06345496722997	14802.617765307
1616	-176.06345496722997	14811.414604893
1617	-176.06345496722997	14820.939027443
1618	-176.06345496722997	14829.667829482
1619	-176.06345496722997	14837.987664137
1620	-176.06345496722997	14846.244228924
1621	-176.06345496722997	14854.398121439
1622	-176.06345496722997	14862.248958683
1623	-176.06345496722997	14870.770388285
1624	-176.06345496722997	14876.913013196
1625	-176.06345496722997	14885.400782249
1626	-176.06345496722997	14894.337989348
1627	-176.06345496722997	14903.055443956
1628	-176.06345496722997	14910.97203797
1629	-176.06345496722997	14919.911751357
1630	-176.06345496722997	14929.42752663
1631	-176.06345496722997	14940.589702353
1632	-176.06345496722997	14965.780153428
1633	-176.06345496722997	14973.99028703
1634	-176.06345496722997	14984.470851682
1635	-176.06345496722997	15005.854718555
1636	-176.06345496722997	15014.165129899
1637	-176.06345496722997	15023.856662917
1638	-176.06345496722997	15031.789654001
1639	-176.06345496722997	15044.308752934
1640	-176.06345496722997	15057.410152533
1641	-176.06345496722997	15065.402847777
1642	-176.06345496722997	15074.165322054
1643	-176.06345496722997	15083.502902573
1644	-176.06345496722997	15092.38570974
1645	-176.06345496722997	15103.14744191
1646	-176.06345496722997	15117.410384317
1647	-176.06345496722997	15127.478903962
1648	-176.06345496722997	15135.665574935
1649	-176.06345496722997	15143.540301884
1650	-176.06345496722997	15152.842141501
1651	-176.06345496722997	15161.171959968
1652	-176.06345496722997	15170.21735682
1653	-176.06345496722997	15178.255792459
1654	-176.06345496722997	15187.333159804
1655	-176.06345496722997	15196.483255112
1656	-176.06345496722997	15207.303486337
1657	-176.06345496722997	15217.690217295
1658	-176.06345496722997	15227.245512431
1659	-176.06345496722997	15234.26894883
1660	-176.06345496722997	15244.165325475
1661	-176.06345496722997	15256.439993352
1662	-176.06345496722997	15268.42375109
1663	-176.06345496722997	15279.231005554
1664	-176.06345496722997	15286.920789787
1665	-176.06345496722997	15294.660293513
1666	-176.06345496722997	15302.471344329
1667	-176.06345496722997	15310.267194343
1668	-176.06345496722997	15317.699853289
1669	-176.06345496722997	15325.941230102
1670	-176.06345496722997	15335.414353722
1671	-176.06345496722997	15342.717634219
1672	-176.06345496722997	15351.32756221
1673	-176.06345496722997	15362.086912109
1674	-176.06345496722997	15370.217623671
1675	-176.06345496722997	15381.077505048
1676	-176.06345496722997	15390.559529111
1677	-176.06345496722997	15400.262966925
1678	-176.06345496722997	15409.679679825
1679	-176.06345496722997	15419.378375335
1680	-176.06345496722997	15427.495951908
1681	-176.06345496722997	15436.742582489
1682	-176.06345496722997	15444.787238374
1683	-176.06345496722997	15454.144004781
1684	-176.06345496722997	15461.89815451
1685	-176.06345496722997	15473.123531394
1686	-176.06345496722997	15482.609405122
1687	-176.06345496722997	15491.166264585
1688	-176.06345496722997	15499.021463528
1689	-176.06345496722997	15508.123235463
1690	-176.06345496722997	15518.641690078
1691	-176.06345496722997	15529.575566673
1692	-176.06345496722997	15539.597825622
1693	-176.06345496722997	15553.869543885
1694	-176.06345496722997	15562.289586433
1695	-176.06345496722997	15570.505865301
1696	-176.06345496722997	15579.377603007
1697	-176.06345496722997	15590.799324776
1698	-176.06345496722997	15601.696793628
1699	-176.06345496722997	15611.258567023
1700	-176.06345496722997	15623.906501295
1701	-176.06345496722997	15633.815027349
1702	-176.06345496722997	15645.274157268
1703	-176.06345496722997	15655.189017322
1704	-176.06345496722997	15664.499239076
1705	-176.06345496722997	15675.351533451
1706	-176.06345496722997	15684.738121576
1707	-176.06345496722997	15692.994923563
1708	-176.06345496722997	15700.371008998
1709	-176.06345496722997	15708.746653389
1710	-176.06345496722997	15716.104464961
1711	-176.06345496722997	15723.732515143
1712	-176.06345496722997	15733.166838485
1713	-176.06345496722997	15740.553182567
1714	-176.06345496722997	15748.701683042
1715	-176.06345496722997	15757.257227637
1716	-176.06345496722997	15767.11924211
1717	-176.06345496722997	15775.62610582
1718	-176.06345496722997	15785.638528067
1719	-176.06345496722997	15794.583907186
1720	-176.06345496722997	15800.659818541
1721	-176.06345496722997	15808.092878904
1722	-176.06345496722997	15814.812327196
1723	-176.06345496722997	15821.397968057
1724	-176.06345496722997	15830.559740938
1725	-176.06345496722997	15840.06694534
1726	-176.06345496722997	15848.117630456
1727	-176.06345496722997	15854.827658858
1728	-176.06345496722997	15863.134395586
1729	-176.06345496722997	15871.065144382
1730	-176.06345496722997	15881.086633854
1731	-176.06345496722997	15896.600950571
1732	-176.06345496722997	15903.255313496
1733	-176.06345496722997	15911.792932901
1734	-176.06345496722997	15918.090652867
1735	-176.06345496722997	15924.808445885
1736	-176.06345496722997	15932.552856415
1737	-176.06345496722997	15943.418471948
1738	-176.06345496722997	15952.860793402
1739	-176.06345496722997	15963.469235467
1740	-176.06345496722997	15971.291880893
1741	-176.06345496722997	15978.603653575
1742	-176.06345496722997	15986.277100609
1743	-176.06345496722997	15993.248188921
1744	-176.06345496722997	16003.305387079
1745	-176.06345496722997	16010.892369607
1746	-176.06345496722997	16021.449272119
1747	-176.06345496722997	16027.738005256
1748	-176.06345496722997	16034.272536206
1749	-176.06345496722997	16042.003684309
1750	-176.06345496722997	16054.362207483
1751	-176.06345496722997	16066.112635271
1752	-176.06345496722997	16073.73369687
1753	-176.06345496722997	16081.580889719
1754	-176.06345496722997	16090.108847758
1755	-176.06345496722997	16098.628771477
1756	-176.06345496722997	16110.148681797
1757	-176.06345496722997	16120.468448029
1758	-176.06345496722997	16129.180608101
1759	-176.06345496722997	16136.125083462
1760	-176.06345496722997	16145.138868188
1761	-176.06345496722997	16154.072451703
1762	-176.06345496722997	16164.85818676
1763	-176.06345496722997	16181.027706013
1764	-176.06345496722997	16188.462502616
1765	-176.06345496722997	16199.888380814
1766	-176.06345496722997	16207.37894838
1767	-176.06345496722997	16219.422272006
1768	-176.06345496722997	16226.904130143
1769	-176.06345496722997	16235.537474862
1770	-176.06345496722997	16245.375133212
1771	-176.06345496722997	16253.529862201
1772	-176.06345496722997	16262.302212524
1773	-176.06345496722997	16271.033492056
1774	-176.06345496722997	16282.936704473
1775	-176.06345496722997	16291.364405866
1776	-176.06345496722997	16300.337145746
1777	-176.06345496722997	16309.889643794
1778	-176.06345496722997	16318.452947875
1779	-176.06345496722997	16329.217032665
1780	-176.06345496722997	16337.714457098
1781	-176.06345496722997	16346.887049981
1782	-176.06345496722997	16357.591348218
1783	-176.06345496722997	16366.585634589
1784	-176.06345496722997	16376.816489042
1785	-176.06345496722997	16390.318029421
1786	-176.06345496722997	16400.780731319
1787	-176.06345496722997	16409.854354201
1788	-176.06345496722997	16420.312478297
1789	-176.06345496722997	16430.818101265
1790	-176.06345496722997	16441.712907026
1791	-176.06345496722997	16451.737044764
1792	-176.06345496722997	16462.699594136
1793	-176.06345496722997	16475.278579407
1794	-176.06345496722997	16485.578531112
1795	-176.06345496722997	16493.780617281
1796	-176.06345496722997	16504.865336138
1797	-176.06345496722997	16514.557583894
1798	-176.06345496722997	16522.866680941
1799	-176.06345496722997	16532.331639382
1800	-176.06345496722997	16542.610227342
1801	-176.06345496722997	16551.625818727
1802	-176.06345496722997	16560.909297812
1803	-176.06345496722997	16571.330409759
1804	-176.06345496722997	16578.131104711
1805	-176.06345496722997	16594.539681227
1806	-176.06345496722997	16605.777609222
1807	-176.06345496722997	16613.605756166
1808	-176.06345496722997	16625.013452873
1809	-176.06345496722997	16633.098152343
1810	-176.06345496722997	16644.030805302
1811	-176.06345496722997	16657.613655063
1812	-176.06345496722997	16670.010028858
1813	-176.06345496722997	16679.194496886
1814	-176.06345496722997	16687.697419131
1815	-176.06345496722997	16695.30400835
1816	-176.06345496722997	16702.298340621
1817	-176.06345496722997	16711.164070478
1818	-176.06345496722997	16719.659663164
1819	-176.06345496722997	16726.388547596
1820	-176.06345496722997	16735.160300926
1821	-176.06345496722997	16742.660684666
1822	-176.06345496722997	16752.089178915
1823	-176.06345496722997	16761.87941936
1824	-176.06345496722997	16773.308994126
1825	-176.06345496722997	16783.755132459
1826	-176.06345496722997	16811.938431305
1827	-176.06345496722997	16822.697303952
1828	-176.06345496722997	16831.92630898
1829	-176.06345496722997	16841.291210345
1830	-176.06345496722997	16852.173324727
1831	-176.06345496722997	16861.946073616
1832	-176.06345496722997	16876.919820457
1833	-176.06345496722997	16885.538006282
1834	-176.06345496722997	16892.759448543
1835	-176.06345496722997	16900.122473684
1836	-176.06345496722997	16910.270266263
1837	-176.06345496722997	16919.60540179
1838	-176.06345496722997	16929.014683922
1839	-176.06345496722997	16938.962027644
1840	-176.06345496722997	16949.310732933
1841	-176.06345496722997	16957.227315829
1842	-176.06345496722997	16967.51393098
1843	-176.06345496722997	16978.287559678
1844	-176.06345496722997	16986.31619026
1845	-176.06345496722997	16995.42735158
1846	-176.06345496722997	17004.499314627
1847	-176.06345496722997	17013.532688368
1848	-176.06345496722997	17021.290758752
1849	-176.06345496722997	17028.493823088
1850	-176.06345496722997	17038.100703106
1851	-176.06345496722997	17047.678749268
1852	-176.06345496722997	17058.306080435
1853	-176.06345496722997	17070.414616011
1854	-176.06345496722997	17082.605704563
1855	-176.06345496722997	17094.072769301
1856	-176.06345496722997	17102.748482286
1857	-176.06345496722997	17110.476523117
1858	-176.06345496722997	17121.124446555
1859	-176.06345496722997	17129.639897388
1860	-176.06345496722997	17139.712776451
1861	-176.06345496722997	17149.390879119
1862	-176.06345496722997	17158.516847238
1863	-176.06345496722997	17166.765663087
1864	-176.06345496722997	17177.784929943
1865	-176.06345496722997	17188.111834719
1866	-176.06345496722997	17198.309589979
1867	-176.06345496722997	17206.895697544
1868	-176.06345496722997	17215.851022272
1869	-176.06345496722997	17225.585467807
1870	-176.06345496722997	17233.681589404
1871	-176.06345496722997	17253.146391042
1872	-176.06345496722997	17263.477644118
1873	-176.06345496722997	17271.323229305
1874	-176.06345496722997	17279.006876255
1875	-176.06345496722997	17287.67899103
1876	-176.06345496722997	17296.47324222
1877	-176.06345496722997	17305.101382492
1878	-176.06345496722997	17314.950822191
1879	-176.06345496722997	17326.338879135
1880	-176.06345496722997	17339.81281129
1881	-176.06345496722997	17350.709601041
1882	-176.06345496722997	17361.419333512
1883	-176.06345496722997	17370.041721096
1884	-176.06345496722997	17378.657987648
1885	-176.06345496722997	17392.171968806
1886	-176.06345496722997	17402.244220941
1887	-176.06345496722997	17413.990172991
1888	-176.06345496722997	17421.713387699
1889	-176.06345496722997	17432.386358051
1890	-176.06345496722997	17441.687857547
1891	-176.06345496722997	17450.224841757
1892	-176.06345496722997	17459.709130346
1893	-176.06345496722997	17469.121979896
1894	-176.06345496722997	17479.069876992
1895	-176.06345496722997	17488.708126234
1896	-176.06345496722997	17497.599057241
1897	-176.06345496722997	17506.795965193
1898	-176.06345496722997	17515.995762318
1899	-176.06345496722997	17528.474978176
1900	-176.06345496722997	17536.83630528
1901	-176.06345496722997	17546.136319706
1902	-176.06345496722997	17555.366065131
1903	-176.06345496722997	17563.812828681
1904	-176.06345496722997	17573.130226897
1905	-176.06345496722997	17583.652122063
1906	-176.06345496722997	17592.420097857
1907	-176.06345496722997	17600.057827937
1908	-176.06345496722997	17607.506118467
1909	-176.06345496722997	17614.619230991
1910	-176.06345496722997	17622.845243356
1911	-176.06345496722997	17632.473016993
1912	-176.06345496722997	17641.874209782
1913	-176.06345496722997	17650.963480499
1914	-176.06345496722997	17660.355753742
1915	-176.06345496722997	17669.09070675
1916	-176.06345496722997	17678.682019331
1917	-176.06345496722997	17687.637040146
1918	-176.06345496722997	17695.960169952
1919	-176.06345496722997	17705.482128979
1920	-176.06345496722997	17714.707305725
1921	-176.06345496722997	17724.150465649
1922	-176.06345496722997	17734.557076707
1923	-176.06345496722997	17744.245367886
1924	-176.06345496722997	17753.286638244
1925	-176.06345496722997	17762.348792529
1926	-176.06345496722997	17769.884642337
1927	-176.06345496722997	17779.301072421
1928	-176.06345496722997	17791.200710291
1929	-176.06345496722997	17799.468703476
1930	-176.06345496722997	17806.454569792
1931	-176.06345496722997	17815.623525692
1932	-176.06345496722997	17823.039916718
1933	-176.06345496722997	17831.511174948
1934	-176.06345496722997	17840.164585934
1935	-176.06345496722997	17850.500423939
1936	-176.06345496722997	17863.525984882
1937	-176.06345496722997	17872.390921314
1938	-176.06345496722997	17882.834510024
1939	-176.06345496722997	17892.519477258
1940	-176.06345496722997	17901.727312693
1941	-176.06345496722997	17911.252031174
1942	-176.06345496722997	17918.95008322
1943	-176.06345496722997	17928.593621011
1944	-176.06345496722997	17936.694055271
1945	-176.06345496722997	17947.282755223
1946	-176.06345496722997	17956.636375014
1947	-176.06345496722997	17967.896737578
1948	-176.06345496722997	17979.777464393
1949	-176.06345496722997	17997.370936013
1950	-176.06345496722997	18007.032226511
1951	-176.06345496722997	18015.724525584
1952	-176.06345496722997	18028.575814137
1953	-176.06345496722997	18037.322968442
1954	-176.06345496722997	18046.700276943
1955	-176.06345496722997	18055.024739578
1956	-176.06345496722997	18062.039202549
1957	-176.06345496722997	18070.189663067
1958	-176.06345496722997	18079.698646473
1959	-176.06345496722997	18090.599239133
1960	-176.06345496722997	18104.822668519
1961	-176.06345496722997	18114.922201588
1962	-176.06345496722997	18124.764211373
1963	-176.06345496722997	18132.207612774
1964	-176.06345496722997	18139.642300756
1965	-176.06345496722997	18149.502844983
1966	-176.06345496722997	18158.894320811
1967	-176.06345496722997	18167.521717835
1968	-176.06345496722997	18176.981229213
1969	-176.06345496722997	18187.291014484
1970	-176.06345496722997	18194.84860636
1971	-176.06345496722997	18207.420530064
1972	-176.06345496722997	18217.434357269
1973	-176.06345496722997	18227.303768868
1974	-176.06345496722997	18236.968983726
1975	-176.06345496722997	18248.555819714
1976	-176.06345496722997	18257.219690054
1977	-176.06345496722997	18264.082943558
1978	-176.06345496722997	18272.249627521
1979	-176.06345496722997	18280.441934862
1980	-176.06345496722997	18288.79075362
1981	-176.06345496722997	18300.534509283
1982	-176.06345496722997	18308.026678238
1983	-176.06345496722997	18317.281702645
1984	-176.06345496722997	18327.89456913
1985	-176.06345496722997	18337.675232596
1986	-176.06345496722997	18345.545847591
1987	-176.06345496722997	18354.265589532
1988	-176.06345496722997	18364.305292997
1989	-176.06345496722997	18373.740525514
1990	-176.06345496722997	18382.930592563
1991	-176.06345496722997	18391.245160621
1992	-176.06345496722997	18399.327080396
1993	-176.06345496722997	18406.477836844
1994	-176.06345496722997	18415.14116835
1995	-176.06345496722997	18423.267604028
1996	-176.06345496722997	18432.696220583
1997	-176.06345496722997	18442.387000375
1998	-176.06345496722997	18452.739198957
1999	-176.06345496722997	18465.723626959
2000	-176.06345496722997	18474.909040369
2001	-176.06345496722997	18483.577125869
2002	-176.06345496722997	18495.140384619
2003	-176.06345496722997	18505.478308679
2004	-176.06345496722997	18517.832144004
2005	-176.06345496722997	18527.746367436
2006	-176.06345496722997	18537.953778647
2007	-176.06345496722997	18546.201460951
2008	-176.06345496722997	18557.217306358
2009	-176.06345496722997	18567.738900176
2010	-176.06345496722997	18577.223045646
2011	-176.06345496722997	18588.214511837
2012	-176.06345496722997	18596.974052751
2013	-176.06345496722997	18606.834421644
2014	-176.06345496722997	18615.078396261
2015	-176.06345496722997	18625.631449678
2016	-176.06345496722997	18635.319588331
2017	-176.06345496722997	18645.045507185
2018	-176.06345496722997	18655.818988772
2019	-176.06345496722997	18665.408189355
2020	-176.06345496722997	18674.149068103
2021	-176.06345496722997	18683.974316181
2022	-176.06345496722997	18696.071901751
2023	-176.06345496722997	18706.294513479
2024	-176.06345496722997	18714.820424806
2025	-176.06345496722997	18723.883098252
2026	-176.06345496722997	18733.456392702
2027	-176.06345496722997	18743.196405896
2028	-176.06345496722997	18752.180376317
2029	-176.06345496722997	18761.726432028
2030	-176.06345496722997	18769.572248999
2031	-176.06345496722997	18778.665121916
2032	-176.06345496722997	18788.943815077
2033	-176.06345496722997	18798.969397687
2034	-176.06345496722997	18810.530798175
2035	-176.06345496722997	18819.537177505
2036	-176.06345496722997	18828.653987737
2037	-176.06345496722997	18839.902064616
2038	-176.06345496722997	18849.504500541
2039	-176.06345496722997	18859.09714253
2040	-176.06345496722997	18873.419860086
2041	-176.06345496722997	18881.591881635
2042	-176.06345496722997	18889.061766552
2043	-176.06345496722997	18896.56337507
2044	-176.06345496722997	18905.339778617
2045	-176.06345496722997	18914.160879673
2046	-176.06345496722997	18923.678391756
2047	-176.06345496722997	18931.258929381
2048	-176.06345496722997	18939.763680523
2049	-176.06345496722997	18947.646410714
2050	-176.06345496722997	18957.974806547
2051	-176.06345496722997	18966.88247503
2052	-176.06345496722997	18978.389622982
2053	-176.06345496722997	18989.690412017
2054	-176.06345496722997	18999.994332842
2055	-176.06345496722997	19010.402275587
2056	-176.06345496722997	19018.727598645
2057	-176.06345496722997	19029.273008327
2058	-176.06345496722997	19039.394540905
2059	-176.06345496722997	19049.653754813
2060	-176.06345496722997	19057.965632126
2061	-176.06345496722997	19067.137028742
2062	-176.06345496722997	19078.859966621
2063	-176.06345496722997	19091.962443316
2064	-176.06345496722997	19099.742696812
2065	-176.06345496722997	19107.807678404
2066	-176.06345496722997	19121.388300702
2067	-176.06345496722997	19133.490215756
2068	-176.06345496722997	19143.473627956
2069	-176.06345496722997	19151.918141236
2070	-176.06345496722997	19163.682084048
2071	-176.06345496722997	19171.786482011
2072	-176.06345496722997	19182.371062597
2073	-176.06345496722997	19195.067936052
2074	-176.06345496722997	19206.506041491
2075	-176.06345496722997	19215.674918134
2076	-176.06345496722997	19224.177331481
2077	-176.06345496722997	19231.160168926
2078	-176.06345496722997	19240.137932499
2079	-176.06345496722997	19249.589110492
2080	-176.06345496722997	19261.229191197
2081	-176.06345496722997	19274.005499806
2082	-176.06345496722997	19283.371933853
2083	-176.06345496722997	19290.271119844
2084	-176.06345496722997	19297.836332934
2085	-176.06345496722997	19307.046937231
2086	-176.06345496722997	19316.479949983
2087	-176.06345496722997	19325.484945452
2088	-176.06345496722997	19337.64795708
2089	-176.06345496722997	19345.468651303
2090	-176.06345496722997	19353.701513124
2091	-176.06345496722997	19362.146211716
2092	-176.06345496722997	19376.698442344
2093	-176.06345496722997	19386.436323583
2094	-176.06345496722997	19393.55873198
2095	-176.06345496722997	19402.394111834
2096	-176.06345496722997	19411.285001502
2097	-176.06345496722997	19420.528493165
2098	-176.06345496722997	19428.891216389
2099	-176.06345496722997	19438.715502834
2100	-176.06345496722997	19449.532263573
2101	-176.06345496722997	19458.477710261
2102	-176.06345496722997	19469.933908811
2103	-176.06345496722997	19482.823005789
2104	-176.06345496722997	19492.891458437
2105	-176.06345496722997	19503.538496079
2106	-176.06345496722997	19511.95017103
2107	-176.06345496722997	19522.69050952
2108	-176.06345496722997	19532.026585011
2109	-176.06345496722997	19544.520432618
2110	-176.06345496722997	19557.094578082
2111	-176.06345496722997	19568.013536976
2112	-176.06345496722997	19577.434157131
2113	-176.06345496722997	19585.852927005
2114	-176.06345496722997	19596.373273524
2115	-176.06345496722997	19607.768899794
2116	-176.06345496722997	19617.293670732
2117	-176.06345496722997	19626.261906079
2118	-176.06345496722997	19637.122394142
2119	-176.06345496722997	19646.687086645
2120	-176.06345496722997	19655.873493048
2121	-176.06345496722997	19666.241261634
2122	-176.06345496722997	19692.724809256
2123	-176.06345496722997	19701.986199879
2124	-176.06345496722997	19720.663980673
2125	-176.06345496722997	19729.981024513
2126	-176.06345496722997	19738.400762007
2127	-176.06345496722997	19746.776635331
2128	-176.06345496722997	19756.059319565
2129	-176.06345496722997	19762.880821182
2130	-176.06345496722997	19771.106480597
2131	-176.06345496722997	19779.155763037
2132	-176.06345496722997	19789.076881826
2133	-176.06345496722997	19799.428357972
2134	-176.06345496722997	19814.047766008
2135	-176.06345496722997	19822.279540469
2136	-176.06345496722997	19830.582395032
2137	-176.06345496722997	19839.567987369
2138	-176.06345496722997	19848.854886762
2139	-176.06345496722997	19857.953739019
2140	-176.06345496722997	19868.907275904
2141	-176.06345496722997	19877.689928492
2142	-176.06345496722997	19887.067266929
2143	-176.06345496722997	19898.220253121
2144	-176.06345496722997	19909.833796141
2145	-176.06345496722997	19921.222272748
2146	-176.06345496722997	19929.530813
2147	-176.06345496722997	19937.209458778
2148	-176.06345496722997	19947.502573856
2149	-176.06345496722997	19956.99416663
2150	-176.06345496722997	19963.910654018
2151	-176.06345496722997	19973.518143004
2152	-176.06345496722997	19981.484015751
2153	-176.06345496722997	19991.293873151
2154	-176.06345496722997	20000.20893762
2155	-176.06345496722997	20008.415613851
2156	-176.06345496722997	20017.661795404
2157	-176.06345496722997	20026.681032895
2158	-176.06345496722997	20034.496049411
2159	-176.06345496722997	20042.679848887
2160	-176.06345496722997	20051.28091036
2161	-176.06345496722997	20061.034309144
2162	-176.06345496722997	20072.674193988
2163	-176.06345496722997	20084.04380259
2164	-176.06345496722997	20093.257175179
2165	-176.06345496722997	20107.712456288
2166	-176.06345496722997	20117.416107639
2167	-176.06345496722997	20127.448488102
2168	-176.06345496722997	20134.860910862
2169	-176.06345496722997	20145.062441092
2170	-176.06345496722997	20155.794745833
2171	-176.06345496722997	20164.567517529
2172	-176.06345496722997	20173.200500459
2173	-176.06345496722997	20184.176674902
2174	-176.06345496722997	20192.335211077
2175	-176.06345496722997	20202.848833583
2176	-176.06345496722997	20213.181198537
2177	-176.06345496722997	20223.947507653
2178	-176.06345496722997	20235.400527943
2179	-176.06345496722997	20260.697500383
2180	-176.06345496722997	20269.616242034
2181	-176.06345496722997	20279.595407144
2182	-176.06345496722997	20288.097175886
2183	-176.06345496722997	20299.427295416
2184	-176.06345496722997	20310.093452234
2185	-176.06345496722997	20318.097387143
2186	-176.06345496722997	20329.087212601
2187	-176.06345496722997	20339.742229253
2188	-176.06345496722997	20348.812432682
2189	-176.06345496722997	20357.101920185
2190	-176.06345496722997	20367.968078258
2191	-176.06345496722997	20377.620266748
2192	-176.06345496722997	20387.986734721
2193	-176.06345496722997	20397.295491932
2194	-176.06345496722997	20409.968682949
2195	-176.06345496722997	20421.293286422
2196	-176.06345496722997	20445.689142194
2197	-176.06345496722997	20454.88891309
2198	-176.06345496722997	20463.661689063
2199	-176.06345496722997	20470.602973904
2200	-176.06345496722997	20479.876812148
2201	-176.06345496722997	20488.832172228
2202	-176.06345496722997	20499.015622746
2203	-176.06345496722997	20508.392174885
2204	-176.06345496722997	20515.939158873
2205	-176.06345496722997	20523.885614518
2206	-176.06345496722997	20531.261931738
2207	-176.06345496722997	20541.941523182
2208	-176.06345496722997	20550.456503319
2209	-176.06345496722997	20561.25478236
2210	-176.06345496722997	20570.259336214
2211	-176.06345496722997	20578.295068848
2212	-176.06345496722997	20587.180003125
2213	-176.06345496722997	20596.381317821
2214	-176.06345496722997	20605.634255318
2215	-176.06345496722997	20615.405883775
2216	-176.06345496722997	20625.988840163
2217	-176.06345496722997	20638.010053946
2218	-176.06345496722997	20649.465821145
2219	-176.06345496722997	20658.395925051
2220	-176.06345496722997	20667.737074985
2221	-176.06345496722997	20676.786575808
2222	-176.06345496722997	20687.124286616
2223	-176.06345496722997	20697.624540352
2224	-176.06345496722997	20708.718041338
2225	-176.06345496722997	20720.981737826
2226	-176.06345496722997	20733.575512505
2227	-176.06345496722997	20743.415274871
2228	-176.06345496722997	20753.868717959
2229	-176.06345496722997	20766.600945724
2230	-176.06345496722997	20777.915324763
2231	-176.06345496722997	20786.462763194
2232	-176.06345496722997	20796.940803882
2233	-176.06345496722997	20809.230047058
2234	-176.06345496722997	20820.501937804
2235	-176.06345496722997	20836.208665923
2236	-176.06345496722997	20846.592096028
2237	-176.06345496722997	20855.331363693
2238	-176.06345496722997	20865.904203128
2239	-176.06345496722997	20876.231631342
2240	-176.06345496722997	20888.749171651
2241	-176.06345496722997	20899.913155174
2242	-176.06345496722997	20908.33613023
2243	-176.06345496722997	20918.869782796
2244	-176.06345496722997	20928.093394644
2245	-176.06345496722997	20936.971322377
2246	-176.06345496722997	20944.740134931
2247	-176.06345496722997	20952.835186559
2248	-176.06345496722997	20959.401164279
2249	-176.06345496722997	20967.699455294
2250	-176.06345496722997	20977.119423716
2251	-176.06345496722997	20987.982201109
2252	-176.06345496722997	20995.855815608
2253	-176.06345496722997	21005.271230747
2254	-176.07860584941585	21013.729870013
2255	-176.0965556341723	21018.812454064
2256	-176.12786098994107	21023.398676238
2257	-176.12786098994107	21028.031383764
2258	-176.12786098994107	21033.212732261
2259	-176.12786098994107	21039.924464117
2260	-176.12786098994107	21046.979670588
2261	-176.12786098994107	21053.950189276
2262	-176.12786098994107	21060.085575004
2263	-176.12786098994107	21068.815610373
2264	-176.12786098994107	21075.677812154
2265	-176.12786098994107	21082.719693475
2266	-176.12786098994107	21089.047541067
2267	-176.12786098994107	21096.889520632
2268	-176.12786098994107	21103.079140079
2269	-176.12786098994107	21109.976842995
2270	-176.12786098994107	21117.53554504
2271	-176.12786098994107	21126.25612032
2272	-176.12786098994107	21136.083828214
2273	-176.12786098994107	21144.322441012
2274	-176.12786098994107	21152.630952754
2275	-176.12786098994107	21159.656791667
2276	-176.12786098994107	21170.26427666
2277	-176.12786098994107	21179.048839684
2278	-176.12786098994107	21189.626254641
2279	-176.12786098994107	21198.936201276
2280	-176.12786098994107	21209.12228552
2281	-176.12786098994107	21217.872107192
2282	-176.12786098994107	21225.955023096
2283	-176.12786098994107	21232.984288874
2284	-176.12786098994107	21240.892257849
2285	-176.12786098994107	21248.5081686
2286	-176.12786098994107	21256.82681497
2287	-176.12786098994107	21264.284485762
2288	-176.12786098994107	21272.211605273
2289	-176.12786098994107	21279.963336525
2290	-176.12786098994107	21286.94516102
2291	-176.12786098994107	21295.767662187
2292	-176.12786098994107	21306.09468927
2293	-176.12786098994107	21313.413132937
2294	-176.12786098994107	21323.224209127
2295	-176.12786098994107	21333.010437687
2296	-176.12786098994107	21342.142950492
2297	-176.12786098994107	21349.661169616
2298	-176.12786098994107	21357.316858242
2299	-176.12786098994107	21367.294947112
2300	-176.12786098994107	21380.438478346
2301	-176.12786098994107	21391.61091072
2302	-176.12786098994107	21403.019340696
2303	-176.12786098994107	21412.093142904
2304	-176.12786098994107	21422.95237597
2305	-176.12786098994107	21432.088112367
2306	-176.12786098994107	21441.533621205
2307	-176.12786098994107	21452.200302602
2308	-176.12786098994107	21461.800257329
2309	-176.12786098994107	21470.852534427
2310	-176.12786098994107	21480.665843212
2311	-176.12786098994107	21489.152248075
2312	-176.12786098994107	21499.535921938
2313	-176.12786098994107	21508.448100655
2314	-176.12786098994107	21517.104590119
2315	-176.12786098994107	21526.689066929
2316	-176.12786098994107	21536.062783208
2317	-176.12786098994107	21545.695676903
2318	-176.12786098994107	21555.337530056
2319	-176.12786098994107	21565.84731202
2320	-176.12786098994107	21577.308216667
2321	-176.12786098994107	21586.090658568
2322	-176.12786098994107	21595.405851274
2323	-176.12786098994107	21605.183110397
2324	-176.12786098994107	21611.777919693
2325	-176.12786098994107	21621.133926031
2326	-176.12786098994107	21629.777066397
2327	-176.12786098994107	21638.941327891
2328	-176.12786098994107	21648.947526185
2329	-176.12786098994107	21659.915577644
2330	-176.12786098994107	21668.539786713
2331	-176.12786098994107	21678.38234417
2332	-176.12786098994107	21687.307019545
2333	-176.12786098994107	21696.331039823
2334	-176.12786098994107	21709.919671637
2335	-176.12786098994107	21719.860654845
2336	-176.12786098994107	21728.241501971
2337	-176.12786098994107	21736.425113283
2338	-176.12786098994107	21743.968704901
2339	-176.12786098994107	21752.111771142
2340	-176.12786098994107	21759.55664564
2341	-176.12786098994107	21768.343655366
2342	-176.12786098994107	21777.694336092
2343	-176.12786098994107	21786.402064331
2344	-176.12786098994107	21798.515271221
2345	-176.12786098994107	21811.28315664
2346	-176.12786098994107	21824.814203989
2347	-176.12786098994107	21836.298575541
2348	-176.12786098994107	21847.632691846
2349	-176.12786098994107	21858.436875531
2350	-176.12786098994107	21869.923754511
2351	-176.12786098994107	21877.626927185
2352	-176.12786098994107	21888.739642283
2353	-176.12786098994107	21901.331892263
2354	-176.12786098994107	21912.114551123
2355	-176.12786098994107	21921.071980153
2356	-176.12786098994107	21931.616470681
2357	-176.12786098994107	21942.007137974
2358	-176.12786098994107	21954.206958477
2359	-176.12786098994107	21966.837026005
2360	-176.12786098994107	21987.476418486
2361	-176.12786098994107	21997.967625524
2362	-176.12786098994107	22008.432920665
2363	-176.12786098994107	22018.894989648
2364	-176.12786098994107	22029.24872747
2365	-176.12786098994107	22041.319563528
2366	-176.12786098994107	22052.819882266
2367	-176.12786098994107	22062.22504161
2368	-176.12786098994107	22072.524161401
2369	-176.12786098994107	22082.901010327
2370	-176.12786098994107	22092.924923979
2371	-176.12786098994107	22105.444891033
2372	-176.12786098994107	22117.223421689
2373	-176.12786098994107	22127.817552739
2374	-176.12786098994107	22139.37664109
2375	-176.12786098994107	22150.51321054
2376	-176.12786098994107	22160.73694441
2377	-176.12786098994107	22171.378348536
2378	-176.12786098994107	22180.798226868
2379	-176.12786098994107	22193.589276418
2380	-176.12786098994107	22203.538050187
2381	-176.12786098994107	22214.379779438
2382	-176.12786098994107	22224.349043129
2383	-176.12786098994107	22236.726948909
2384	-176.12786098994107	22247.523269333
2385	-176.12786098994107	22255.150838271
2386	-176.12786098994107	22265.134732285
2387	-176.12786098994107	22274.085635444
2388	-176.12786098994107	22283.030062624
2389	-176.12786098994107	22292.205504197
2390	-176.12786098994107	22302.531691954
2391	-176.12786098994107	22313.31133962
2392	-176.12786098994107	22322.925746484
2393	-176.12786098994107	22333.563731441
2394	-176.12786098994107	22343.225578448
2395	-176.12786098994107	22352.797607067
2396	-176.12786098994107	22360.924640022
2397	-176.12786098994107	22372.507019659
2398	-176.12786098994107	22382.106434126
2399	-176.12786098994107	22392.579631016
2400	-176.12786098994107	22404.127514199
2401	-176.12786098994107	22415.866481943
2402	-176.12786098994107	22424.582142721
2403	-176.12786098994107	22433.431269383
2404	-176.12786098994107	22443.001709442
2405	-176.12786098994107	22451.956647293
2406	-176.12786098994107	22459.224599424
2407	-176.12786098994107	22468.895679583
2408	-176.12786098994107	22478.816842847
2409	-176.12786098994107	22486.277605231
2410	-176.12786098994107	22494.28725833
2411	-176.12786098994107	22504.709419434
2412	-176.12786098994107	22516.518210001
2413	-176.12786098994107	22531.496975976
2414	-176.12786098994107	22541.235476446
2415	-176.12786098994107	22553.163607196
2416	-176.12786098994107	22563.162847412
2417	-176.12786098994107	22574.023691847
2418	-176.12786098994107	22584.428093402
2419	-176.12786098994107	22597.912490898
2420	-176.12786098994107	22609.486906635
2421	-176.12786098994107	22620.035107131
2422	-176.12786098994107	22632.057796862
2423	-176.12786098994107	22644.682519961
2424	-176.12786098994107	22655.73975062
2425	-176.12786098994107	22666.329133664
2426	-176.12786098994107	22678.598467661
2427	-176.12786098994107	22690.387030025
2428	-176.12786098994107	22699.094714359
2429	-176.12786098994107	22709.908419998
2430	-176.12786098994107	22719.894899843
2431	-176.12786098994107	22741.527432034
2432	-176.12786098994107	22751.062459623
2433	-176.12786098994107	22761.13374699
2434	-176.12786098994107	22770.37608401
2435	-176.12786098994107	22778.925241862
2436	-176.12786098994107	22788.786542737
2437	-176.12786098994107	22800.477967703
2438	-176.12786098994107	22810.132639103
2439	-176.12786098994107	22819.132433833
2440	-176.12786098994107	22828.476440153
2441	-176.12786098994107	22836.950994675
2442	-176.12786098994107	22844.95671201
2443	-176.12786098994107	22854.897392446
2444	-176.12786098994107	22865.777574725
2445	-176.12786098994107	22875.22427641
2446	-176.12786098994107	22886.468237057
2447	-176.12786098994107	22898.446250376
2448	-176.12786098994107	22907.984080753
2449	-176.12786098994107	22918.436159082
2450	-176.12786098994107	22927.114575642
2451	-176.12786098994107	22933.756403421
2452	-176.12786098994107	22945.252706283
2453	-176.12786098994107	22955.388667337
2454	-176.12786098994107	22966.307732287
2455	-176.12786098994107	22977.414150733
2456	-176.12786098994107	22989.101404445
2457	-176.12786098994107	22998.624239005
2458	-176.12786098994107	23008.905667101
2459	-176.12786098994107	23018.113007323
2460	-176.12786098994107	23027.980098518
2461	-176.12786098994107	23040.434297969
2462	-176.12786098994107	23051.902278723
2463	-176.12786098994107	23060.284852682
2464	-176.12786098994107	23070.506373059
2465	-176.12786098994107	23079.837753858
2466	-176.12786098994107	23090.21361036
2467	-176.12786098994107	23099.353819074
2468	-176.12786098994107	23107.488487498
2469	-176.12786098994107	23116.235730182
2470	-176.12786098994107	23125.365617814
2471	-176.12786098994107	23134.324490574
2472	-176.12786098994107	23143.763511745
2473	-176.12786098994107	23152.89301079
2474	-176.12786098994107	23160.851064467
2475	-176.12786098994107	23172.176809183
2476	-176.12786098994107	23180.79576591
2477	-176.12786098994107	23194.926417887
2478	-176.12786098994107	23205.49739792
2479	-176.12786098994107	23223.45327374
2480	-176.12786098994107	23236.294071579
2481	-176.12786098994107	23245.485949564
2482	-176.12786098994107	23254.226582844
2483	-176.12786098994107	23268.095862444
2484	-176.12786098994107	23278.593264355
2485	-176.12786098994107	23287.790709715
2486	-176.12786098994107	23297.272876612
2487	-176.12786098994107	23305.702277184
2488	-176.12786098994107	23314.269862851
2489	-176.12786098994107	23325.188152053
2490	-176.12786098994107	23347.770998963
2491	-176.12786098994107	23357.319444643
2492	-176.12786098994107	23365.652307376
2493	-176.12786098994107	23378.844447935
2494	-176.12786098994107	23387.551540693
2495	-176.12786098994107	23397.874282767
2496	-176.12786098994107	23407.579739353
2497	-176.12786098994107	23418.677856059
2498	-176.12786098994107	23429.632040685
2499	-176.12786098994107	23441.901475605
2500	-176.12786098994107	23450.219489631
2501	-176.12786098994107	23459.581222998
