1	-175.33231532127604	12.153890519
2	-175.33231532117168	24.094133616
3	-175.33231532117168	34.674864251
4	-175.47957796575645	37.969925116
5	-175.684629246159	40.754289427
6	-175.77460185827556	43.595564233
7	-175.78686243155857	46.032970044
8	-175.8209839991515	49.126087859
9	-175.9308599516673	53.339808552
10	-175.9308599516673	56.685991873
11	-175.9308599516673	59.331820134
12	-175.9308599516673	61.709736462
13	-175.9308599516673	64.133986472
14	-175.9308599516673	66.168176445
15	-175.9308599516673	68.406320544
16	-175.9308599516673	70.971369133
17	-175.9308599516673	74.803485482
18	-175.9308599516673	77.78096681
19	-175.9308599516673	84.138278607
20	-175.9308599516673	86.889758973
21	-175.9308599516673	89.462482374
22	-175.9308599516673	92.146359967
23	-175.9308599516673	94.663289598
24	-175.9308599516673	97.331163555
25	-175.9308599516673	100.170912521
26	-175.9308599516673	102.663130799
27	-175.9308599516673	105.385284376
28	-175.9308599516673	108.881616318
29	-175.9308599516673	111.546662398
30	-175.9308599516673	114.910076127
31	-175.9308599516673	117.561871468
32	-175.9308599516673	120.591386421
33	-175.9308599516673	125.104997523
34	-175.9308599516673	129.388046966
35	-175.9308599516673	134.3528238
36	-175.9308599516673	138.621952812
37	-175.9308599516673	142.148749935
38	-175.9308599516673	145.163316682
39	-175.9308599516673	148.8291368
40	-175.9308599516673	152.781749686
41	-175.9308599516673	156.695128091
42	-175.9308599516673	161.911181163
43	-175.9308599516673	165.273345311
44	-175.9308599516673	168.335859673
45	-175.9308599516673	172.694897448
46	-175.9308599516673	176.100705102
47	-175.9308599516673	181.174363621
48	-175.9308599516673	184.152916628
49	-175.9308599516673	186.604660823
50	-175.9308599516673	190.017175955
51	-175.9308599516673	192.6930523
52	-175.9308599516673	196.279726923
53	-175.9308599516673	200.610079662
54	-175.9308599516673	204.831001905
55	-175.9308599516673	208.054933917
56	-175.9308599516673	211.478135625
57	-175.9308599516673	215.22197026
58	-175.9308599516673	218.642862397
59	-175.9308599516673	223.060066234
60	-175.9308599516673	226.968780737
61	-175.9308599516673	231.130210647
62	-175.9308599516673	235.849649245
63	-175.9308599516673	239.488277096
64	-175.9308599516673	242.958859931
65	-175.9308599516673	246.794216693
66	-175.9308599516673	250.916288391
67	-175.9308599516673	256.331503961
68	-175.9308599516673	261.457455544
69	-175.9308599516673	266.428200029
70	-175.9308599516673	273.043944568
71	-175.9308599516673	279.13947801
72	-175.9308599516673	284.063036089
73	-175.9308599516673	289.181391262
74	-175.9308599516673	293.703240242
75	-175.9308599516673	298.100134338
76	-175.9308599516673	302.531151695
77	-175.9308599516673	306.290257836
78	-175.9308599516673	309.964819599
79	-175.9308599516673	313.694795668
80	-175.9308599516673	317.86569479
81	-175.9308599516673	321.314105061
82	-175.9308599516673	324.257002981
83	-175.9308599516673	329.40122472
84	-175.9308599516673	332.984988502
85	-175.9308599516673	337.002743489
86	-175.9308599516673	340.1069282
87	-175.9308599516673	343.845957524
88	-175.9308599516673	349.479553128
89	-175.9308599516673	353.493671417
90	-175.9308599516673	357.916842619
91	-175.9308599516673	363.129799822
92	-175.9308599516673	369.765901713
93	-175.9308599516673	373.670095433
94	-175.9308599516673	377.762581759
95	-175.9308599516673	382.30105446
96	-175.9308599516673	386.589103364
97	-175.9308599516673	390.709808022
98	-175.9308599516673	394.647769487
99	-175.9308599516673	398.93021652
100	-175.9308599516673	402.81428068
101	-175.9308599516673	406.609780595
102	-175.9308599516673	413.34369699
103	-175.9308599516673	417.693822062
104	-175.9308599516673	423.868507842
105	-175.9308599516673	428.472199335
106	-175.9308599516673	432.371296376
107	-175.9308599516673	435.551510758
108	-175.9308599516673	439.823695724
109	-175.9308599516673	444.102908617
110	-175.9308599516673	446.992071737
111	-175.9308599516673	450.122246747
112	-175.9308599516673	453.705526435
113	-175.9308599516673	457.837079888
114	-175.9308599516673	461.764317144
115	-175.9308599516673	464.643728237
116	-175.9308599516673	468.446118946
117	-175.9308599516673	472.205095653
118	-175.9308599516673	475.926999485
119	-175.9308599516673	480.108761088
120	-175.9308599516673	484.734847522
121	-175.9308599516673	489.150636422
122	-175.9308599516673	493.266085886
123	-175.9308599516673	496.835020918
124	-175.9308599516673	501.350526489
125	-175.9308599516673	505.238333688
126	-175.9308599516673	509.259339636
127	-175.9308599516673	513.463578857
128	-175.9308599516673	517.357747141
129	-175.9308599516673	521.496922378
130	-175.9308599516673	525.121892942
131	-175.9308599516673	529.162179715
132	-175.9308599516673	532.336831854
133	-175.9308599516673	535.894647247
134	-175.9308599516673	539.94354509
135	-175.9308599516673	542.932398082
136	-175.9308599516673	548.070192309
137	-175.9308599516673	552.137764292
138	-175.9308599516673	556.699286516
139	-175.9308599516673	560.525491094
140	-175.9308599516673	564.099561863
141	-175.9308599516673	568.121111206
142	-175.9308599516673	571.836423025
143	-175.9308599516673	576.621425953
144	-175.9308599516673	581.600368117
145	-175.9308599516673	585.155042882
146	-175.9308599516673	588.986169659
147	-175.9308599516673	593.421395333
148	-175.9308599516673	597.583598426
149	-175.9308599516673	600.79685213
150	-175.9308599516673	604.479114078
151	-175.9308599516673	608.583541407
152	-175.9308599516673	611.787144577
153	-175.9308599516673	615.775047341
154	-175.9308599516673	619.349213332
155	-175.9308599516673	623.130913126
156	-175.9308599516673	625.929272279
157	-175.9308599516673	630.787494676
158	-175.9308599516673	636.440579796
159	-175.9308599516673	639.936556507
160	-175.9308599516673	643.814245043
161	-175.9308599516673	647.582702651
162	-175.9308599516673	652.091745358
163	-175.9308599516673	656.691355973
164	-175.9308599516673	660.392625054
165	-175.9308599516673	664.423573474
166	-175.9308599516673	668.431607223
167	-175.9308599516673	672.077396141
168	-175.9308599516673	675.901583657
169	-175.9308599516673	678.817073491
170	-175.9308599516673	682.260680162
171	-175.9308599516673	686.580797348
172	-175.9308599516673	692.842080205
173	-175.9308599516673	698.130546206
174	-175.9308599516673	702.775577336
175	-175.9308599516673	708.706538814
176	-175.9308599516673	713.397203141
177	-175.9308599516673	718.395330909
178	-175.9308599516673	724.981110327
179	-175.9308599516673	729.939910103
180	-175.9308599516673	734.069200172
181	-175.9308599516673	738.739255977
182	-175.9308599516673	743.042703826
183	-175.9308599516673	746.816386122
184	-175.9308599516673	750.693688636
185	-175.9308599516673	755.201608631
186	-175.9308599516673	759.590222655
187	-175.9308599516673	764.693027497
188	-175.9308599516673	769.408166832
189	-175.9308599516673	772.53098919
190	-175.9308599516673	776.969881212
191	-175.9308599516673	781.632998896
192	-175.9308599516673	785.148255577
193	-175.9308599516673	789.126409163
194	-175.9308599516673	792.560722812
195	-175.9308599516673	796.877504934
196	-175.9308599516673	802.003616741
197	-175.9308599516673	806.127585474
198	-175.9308599516673	810.756942825
199	-175.9308599516673	815.084085372
200	-175.9308599516673	820.188094178
201	-175.9308599516673	824.083971903
202	-175.9308599516673	827.912933654
203	-175.9308599516673	833.720865794
204	-175.9308599516673	838.871698648
205	-175.9308599516673	843.462855851
206	-175.9308599516673	848.835843708
207	-175.9308599516673	853.790834017
208	-175.9308599516673	859.740588805
209	-175.9308599516673	865.847131268
210	-175.9308599516673	871.552316442
211	-175.9308599516673	875.86428413
212	-175.9308599516673	881.561281317
213	-175.9308599516673	887.840521009
214	-175.9308599516673	893.865624656
215	-175.9308599516673	899.394651523
216	-175.9308599516673	903.152381216
217	-175.9308599516673	907.140674562
218	-175.9308599516673	914.111254832
219	-175.9308599516673	920.045889215
220	-175.9308599516673	924.40103456
221	-175.9308599516673	929.261985621
222	-175.9308599516673	933.351480994
223	-175.9308599516673	937.849417176
224	-175.9308599516673	942.13183684
225	-175.9308599516673	946.886866379
226	-175.9308599516673	951.14171089
227	-175.9308599516673	955.760687574
228	-175.9308599516673	961.631027165
229	-175.9308599516673	967.711178768
230	-175.9308599516673	971.964196947
231	-175.9308599516673	977.292091295
232	-175.9308599516673	982.515560595
233	-175.9308599516673	987.964594373
234	-175.9308599516673	992.712767614
235	-175.9308599516673	996.911580299
236	-175.9308599516673	1001.026162497
237	-175.9308599516673	1005.328612507
238	-175.9308599516673	1012.217929865
239	-175.9308599516673	1017.666702779
240	-175.9308599516673	1022.358426242
241	-175.9308599516673	1027.368436853
242	-175.9308599516673	1032.172038085
243	-175.9308599516673	1038.832508358
244	-175.9308599516673	1044.722920203
245	-175.9308599516673	1049.642193844
246	-175.9308599516673	1054.845759382
247	-175.9308599516673	1058.124074789
248	-175.9308599516673	1062.604587553
249	-175.9308599516673	1066.466944712
250	-175.9308599516673	1071.696083451
251	-175.9308599516673	1076.624867929
252	-175.9308599516673	1081.878525866
253	-175.9308599516673	1086.623670807
254	-175.9308599516673	1092.554761719
255	-175.9308599516673	1098.056335169
256	-175.9308599516673	1102.619333341
257	-175.9308599516673	1106.865348967
258	-175.9308599516673	1111.022902128
259	-175.9308599516673	1115.697406872
260	-175.9308599516673	1120.449251307
261	-175.9308599516673	1124.625070348
262	-175.9308599516673	1130.003654659
263	-175.9308599516673	1134.955195865
264	-175.9308599516673	1138.65644784
265	-175.9308599516673	1143.916142706
266	-175.9308599516673	1148.687084935
267	-175.9308599516673	1154.239068953
268	-175.9308599516673	1159.178926884
269	-175.9308599516673	1162.914812158
270	-175.9308599516673	1167.62407707
271	-175.9308599516673	1173.359564919
272	-175.9308599516673	1178.023227139
273	-175.9308599516673	1184.76878661
274	-175.9308599516673	1190.439727071
275	-175.9308599516673	1195.173792571
276	-175.9308599516673	1200.770635464
277	-175.9308599516673	1205.544078849
278	-175.9308599516673	1211.392476518
279	-175.9308599516673	1217.74875769
280	-175.9308599516673	1224.430716295
281	-175.9308599516673	1229.734500274
282	-175.9308599516673	1234.843401629
283	-175.9308599516673	1239.540677071
284	-175.9308599516673	1245.608935568
285	-175.9308599516673	1250.158673877
286	-175.9308599516673	1255.7311692
287	-175.9308599516673	1260.574697983
288	-175.9308599516673	1265.480059745
289	-175.9308599516673	1270.171340452
290	-175.9308599516673	1274.790231037
291	-175.9308599516673	1279.864506791
292	-175.9308599516673	1285.486276
293	-175.9308599516673	1291.825065615
294	-175.9308599516673	1296.13296782
295	-175.9308599516673	1302.017700533
296	-175.9308599516673	1307.29398605
297	-175.9308599516673	1312.943537393
298	-175.9308599516673	1318.603796979
299	-175.9308599516673	1324.68995301
300	-175.9308599516673	1330.263798838
301	-175.9308599516673	1334.718514029
302	-175.9308599516673	1342.002539359
303	-175.9308599516673	1346.607394048
304	-175.9308599516673	1353.437830891
305	-175.9308599516673	1358.149310436
306	-175.9308599516673	1364.689201495
307	-175.9308599516673	1373.299445087
308	-175.9308599516673	1378.46191275
309	-175.9308599516673	1383.764740228
310	-175.9308599516673	1388.649740362
311	-175.9308599516673	1394.584820067
312	-175.9308599516673	1399.700573729
313	-175.9308599516673	1404.71118618
314	-175.9308599516673	1410.683645239
315	-175.9308599516673	1416.182089465
316	-175.9308599516673	1421.121772346
317	-175.9308599516673	1425.934144872
318	-175.9308599516673	1431.593202774
319	-175.9308599516673	1436.074061361
320	-175.9308599516673	1440.336785098
321	-175.9308599516673	1445.252644417
322	-175.9308599516673	1449.869608317
323	-175.9308599516673	1454.686602835
324	-175.9308599516673	1459.323131517
325	-175.9308599516673	1465.314693786
326	-175.9308599516673	1475.947360543
327	-175.9308599516673	1480.74740633
328	-175.9308599516673	1485.768575353
329	-175.9308599516673	1490.532582597
330	-175.9308599516673	1497.496542344
331	-175.9308599516673	1506.342849111
332	-175.9308599516673	1518.990229155
333	-175.9308599516673	1526.417965901
334	-175.9308599516673	1532.392256708
335	-175.9308599516673	1538.524416278
336	-175.9308599516673	1544.048562569
337	-175.9308599516673	1550.810776268
338	-175.9308599516673	1558.737675969
339	-175.9308599516673	1564.974335852
340	-175.9308599516673	1572.704891524
341	-175.9308599516673	1578.328655557
342	-175.9308599516673	1584.494573179
343	-175.9308599516673	1590.129458561
344	-175.9308599516673	1597.797325106
345	-175.9308599516673	1604.237166786
346	-175.9308599516673	1610.619310248
347	-175.9308599516673	1616.071464412
348	-175.9308599516673	1621.589364228
349	-175.9308599516673	1626.921192059
350	-175.9308599516673	1633.312851489
351	-175.9308599516673	1638.932014912
352	-175.9308599516673	1644.531597017
353	-175.9308599516673	1650.716425693
354	-175.9308599516673	1656.617388694
355	-175.9308599516673	1661.5892519
356	-175.9308599516673	1666.59971496
357	-175.9308599516673	1672.440009317
358	-175.9308599516673	1678.040269953
359	-175.9308599516673	1682.456178879
360	-175.9308599516673	1688.1754487
361	-175.9308599516673	1693.497072624
362	-175.9308599516673	1699.950383997
363	-175.9308599516673	1711.147518886
364	-175.9308599516673	1715.744669969
365	-175.9308599516673	1721.814817803
366	-175.9308599516673	1726.424125992
367	-175.9308599516673	1732.451794657
368	-175.9308599516673	1737.908828827
369	-175.9308599516673	1743.842774986
370	-175.9308599516673	1751.445304424
371	-175.9308599516673	1757.461859152
372	-175.9308599516673	1762.680765474
373	-175.9308599516673	1767.043343869
374	-175.9308599516673	1773.540969581
375	-175.9308599516673	1778.057235791
376	-175.9308599516673	1783.25903059
377	-175.9308599516673	1787.432472493
378	-175.9308599516673	1792.280487847
379	-175.9308599516673	1797.975528413
380	-175.9308599516673	1806.675323542
381	-175.9308599516673	1811.019522873
382	-175.9308599516673	1815.444490757
383	-175.9308599516673	1820.520846864
384	-175.9308599516673	1825.249409992
385	-175.9308599516673	1831.430258144
386	-175.9308599516673	1837.503990218
387	-175.9308599516673	1842.422776628
388	-175.9308599516673	1847.102064445
389	-175.9308599516673	1851.928930162
390	-175.9308599516673	1856.717090539
391	-175.9308599516673	1862.004460058
392	-175.9308599516673	1866.982893324
393	-175.9308599516673	1874.026445314
394	-175.9308599516673	1878.969253143
395	-175.9308599516673	1883.340849156
396	-175.9308599516673	1887.769010696
397	-175.9308599516673	1893.039809521
398	-175.9308599516673	1898.61492232
399	-175.9308599516673	1903.760548447
400	-175.9308599516673	1908.39233511
401	-175.9308599516673	1913.675998937
402	-175.9308599516673	1918.310167016
403	-175.9308599516673	1925.518630805
404	-175.9308599516673	1931.755176364
405	-175.9308599516673	1936.72145509
406	-175.9308599516673	1940.697350993
407	-175.9308599516673	1947.668952765
408	-175.9308599516673	1952.629258993
409	-175.9308599516673	1959.949777881
410	-175.9308599516673	1965.439206769
411	-175.9308599516673	1969.925281206
412	-175.9308599516673	1974.469874084
413	-175.9308599516673	1978.955783164
414	-175.9308599516673	1983.430557211
415	-175.9308599516673	1989.90595676
416	-175.9308599516673	1994.37244047
417	-175.9308599516673	1999.554927075
418	-175.9308599516673	2003.777306449
419	-175.9308599516673	2008.458918091
420	-175.9308599516673	2014.725015666
421	-175.9308599516673	2021.626305958
422	-175.9308599516673	2026.099131652
423	-175.9308599516673	2030.91879981
424	-175.9308599516673	2035.800971497
425	-175.9308599516673	2039.453053931
426	-175.9308599516673	2044.851424544
427	-175.9308599516673	2049.998381219
428	-175.9308599516673	2054.466767382
429	-175.9308599516673	2059.314722581
430	-175.9308599516673	2065.109906323
431	-175.9308599516673	2070.010860771
432	-175.9308599516673	2076.154598986
433	-175.9308599516673	2082.494214526
434	-175.9308599516673	2086.575172669
435	-175.9308599516673	2090.449087376
436	-175.9308599516673	2094.359456868
437	-175.9308599516673	2100.340580309
438	-175.9308599516673	2104.555707386
439	-175.9308599516673	2108.801196723
440	-175.9308599516673	2113.571357786
441	-175.9308599516673	2117.814848594
442	-175.9308599516673	2123.526860415
443	-175.9308599516673	2128.363306247
444	-175.9308599516673	2133.422194745
445	-175.9308599516673	2139.115958647
446	-175.9308599516673	2144.92178278
447	-175.9308599516673	2150.277494613
448	-175.9308599516673	2157.467765507
449	-175.9308599516673	2163.771806643
450	-175.9308599516673	2171.99081617
451	-175.9308599516673	2176.466113655
452	-175.9308599516673	2181.748676722
453	-175.9308599516673	2186.769251603
454	-175.9308599516673	2192.587100558
455	-175.9308599516673	2198.298285598
456	-175.9308599516673	2202.968530707
457	-175.9308599516673	2208.654960489
458	-175.9308599516673	2213.379358349
459	-175.9308599516673	2217.965084739
460	-175.9308599516673	2224.070875117
461	-175.9308599516673	2228.737416246
462	-175.9308599516673	2233.139510796
463	-175.9308599516673	2238.021890319
464	-175.9308599516673	2244.325405166
465	-175.9308599516673	2250.029458789
466	-175.9308599516673	2255.488614366
467	-175.9308599516673	2260.480632505
468	-175.9308599516673	2266.775736705
469	-175.9308599516673	2271.92547051
470	-175.9308599516673	2277.278740772
471	-175.9308599516673	2282.156367442
472	-175.9308599516673	2287.290704868
473	-175.9308599516673	2291.421045234
474	-175.9308599516673	2296.185510914
475	-175.9308599516673	2301.235020005
476	-175.9308599516673	2306.13221773
477	-175.9308599516673	2311.157469627
478	-175.9308599516673	2316.591083363
479	-175.9308599516673	2321.91358396
480	-175.9308599516673	2327.309902731
481	-175.9308599516673	2332.471323802
482	-175.9308599516673	2338.253876892
483	-175.9308599516673	2342.951822312
484	-175.9308599516673	2350.005141154
485	-175.9308599516673	2354.888328642
486	-175.9308599516673	2359.82944442
487	-175.9308599516673	2364.791152756
488	-175.9308599516673	2372.237969619
489	-175.9308599516673	2377.473504224
490	-175.9308599516673	2382.298525649
491	-175.9308599516673	2387.4510688
492	-175.9308599516673	2392.764953481
493	-175.9308599516673	2398.758381139
494	-175.9308599516673	2403.847735389
495	-175.9308599516673	2409.496168581
496	-175.9308599516673	2414.013655862
497	-175.9308599516673	2418.684404452
498	-175.9308599516673	2424.901211035
499	-175.9308599516673	2430.838459188
500	-175.9308599516673	2435.135640319
501	-175.9308599516673	2439.807488529
502	-175.9308599516673	2444.082593744
503	-175.9308599516673	2449.091658404
504	-175.9308599516673	2453.997424434
505	-175.9308599516673	2458.497313531
506	-175.9308599516673	2463.187558766
507	-175.9308599516673	2468.894806616
508	-175.9308599516673	2473.881578685
509	-175.9308599516673	2478.312805303
510	-175.9308599516673	2484.045124585
511	-175.9308599516673	2489.90905719
512	-175.9308599516673	2495.449876239
513	-175.9308599516673	2500.273842235
514	-175.9308599516673	2506.07648212
515	-175.9308599516673	2510.923875962
516	-175.9308599516673	2515.194302735
517	-175.9308599516673	2519.71003952
518	-175.9308599516673	2524.428501946
519	-175.9308599516673	2530.34831271
520	-175.9308599516673	2536.005553975
521	-175.9308599516673	2540.20868702
522	-175.9308599516673	2545.282925711
523	-175.9308599516673	2550.727894861
524	-175.9308599516673	2557.57317585
525	-175.9308599516673	2563.586574554
526	-175.9308599516673	2569.563132452
527	-175.9308599516673	2573.430833185
528	-175.9308599516673	2577.821809522
529	-175.9308599516673	2583.069762383
530	-175.9308599516673	2588.416166084
531	-175.9308599516673	2592.851816268
532	-175.9308599516673	2596.582825528
533	-175.9308599516673	2602.362614602
534	-175.9308599516673	2615.071692775
535	-175.9308599516673	2620.558454866
536	-175.9308599516673	2625.442082828
537	-175.9308599516673	2630.938393957
538	-175.9308599516673	2636.67965103
539	-175.9308599516673	2642.015714832
540	-175.9308599516673	2646.694689897
541	-175.9308599516673	2651.593885011
542	-175.9308599516673	2658.663317537
543	-175.9308599516673	2669.145851924
544	-175.9308599516673	2674.41956387
545	-175.9308599516673	2678.968099926
546	-175.9308599516673	2684.12253612
547	-175.9308599516673	2689.532353379
548	-175.9308599516673	2694.06919504
549	-175.9308599516673	2699.705794996
550	-175.9308599516673	2704.285351602
551	-175.9308599516673	2709.10679677
552	-175.9308599516673	2713.439920367
553	-175.9308599516673	2718.756889512
554	-175.9308599516673	2723.272991506
555	-175.9308599516673	2728.227338637
556	-175.9308599516673	2735.710063183
557	-175.9308599516673	2740.95797442
558	-175.9308599516673	2746.728009755
559	-175.9308599516673	2752.090504901
560	-175.9308599516673	2757.208271063
561	-175.9308599516673	2762.813590175
562	-175.9308599516673	2768.194730666
563	-175.9308599516673	2773.853167057
564	-175.9308599516673	2777.423875392
565	-175.9308599516673	2781.825695109
566	-175.9308599516673	2786.58080248
567	-175.9308599516673	2791.168133966
568	-175.9308599516673	2796.442153817
569	-175.9308599516673	2800.829217198
570	-175.9308599516673	2805.125197501
571	-175.9308599516673	2809.613906519
572	-175.9308599516673	2815.438628592
573	-175.9308599516673	2821.702785512
574	-175.9308599516673	2827.319506794
575	-175.9308599516673	2834.170011615
576	-175.9308599516673	2839.966373093
577	-175.9308599516673	2844.286785925
578	-175.9308599516673	2850.081735317
579	-175.9308599516673	2854.235735029
580	-175.9308599516673	2857.426121101
581	-175.9308599516673	2861.128593292
582	-175.9308599516673	2865.594300683
583	-175.9308599516673	2869.722213448
584	-175.9308599516673	2873.514831602
585	-175.9308599516673	2877.651186089
586	-175.9308599516673	2887.587295849
587	-175.9308599516673	2891.491284299
588	-175.9308599516673	2895.916045203
589	-175.9308599516673	2901.35008858
590	-175.9308599516673	2905.605086188
591	-175.9308599516673	2910.755983188
592	-175.9308599516673	2915.18491107
593	-175.9308599516673	2920.159983613
594	-175.9308599516673	2924.888806464
595	-175.9308599516673	2929.348776563
596	-175.9308599516673	2934.91502256
597	-175.9308599516673	2940.386137956
598	-175.9308599516673	2946.208996065
599	-175.9308599516673	2950.962620076
600	-175.9308599516673	2956.673956502
601	-175.9308599516673	2964.415021705
602	-175.9308599516673	2969.068434971
603	-175.9308599516673	2974.318094708
604	-175.9308599516673	2981.160289522
605	-175.9308599516673	2986.059021638
606	-175.9308599516673	2991.564789721
607	-175.9308599516673	2998.600173966
608	-175.9308599516673	3003.943238896
609	-175.9308599516673	3009.571375177
610	-175.9308599516673	3016.615865706
611	-175.9308599516673	3022.059572446
612	-175.9308599516673	3026.876168114
613	-175.9308599516673	3031.282891785
614	-175.9308599516673	3036.031802286
615	-175.9308599516673	3041.729083715
616	-175.9308599516673	3047.683476177
617	-175.9308599516673	3054.710267598
618	-175.9308599516673	3059.509616892
619	-175.9308599516673	3063.95744471
620	-175.9308599516673	3069.009093454
621	-175.9308599516673	3074.050177359
622	-175.9308599516673	3079.840132422
623	-175.9308599516673	3084.989082495
624	-175.9308599516673	3091.16006344
625	-175.9308599516673	3098.338290695
626	-175.9308599516673	3102.652178797
627	-175.9308599516673	3107.09751116
628	-175.9308599516673	3113.395533898
629	-175.9308599516673	3119.342981967
630	-175.9308599516673	3125.529611316
631	-175.9308599516673	3133.12447364
632	-175.9308599516673	3140.560461093
633	-175.9308599516673	3145.647345262
634	-175.9308599516673	3151.805404755
635	-175.9308599516673	3159.341944499
636	-175.9308599516673	3166.091520702
637	-175.9308599516673	3171.857385067
638	-175.9308599516673	3177.986503223
639	-175.9308599516673	3183.162996803
640	-175.9308599516673	3188.925027184
641	-175.9308599516673	3194.308203553
642	-175.9308599516673	3199.823510411
643	-175.9308599516673	3206.029066496
644	-175.9308599516673	3212.504753137
645	-175.9308599516673	3218.701834999
646	-175.9308599516673	3230.299323921
647	-175.9308599516673	3235.152211868
648	-175.9308599516673	3240.477174848
649	-175.9308599516673	3246.863193919
650	-175.9308599516673	3252.424437318
651	-175.9308599516673	3259.183224436
652	-176.028356788787	3264.27801292
653	-176.27808034631033	3268.635515447
654	-176.27808034631033	3273.119760986
655	-176.27808034631033	3278.865783455
656	-176.27808034631033	3283.781623958
657	-176.27808034631033	3288.454560953
658	-176.27808034631033	3294.263630346
659	-176.27808034631033	3298.380052846
660	-176.27808034631033	3302.954073438
661	-176.27808034631033	3308.920559429
662	-176.27808034631033	3313.344838518
663	-176.27808034631033	3318.08187587
664	-176.27808034631033	3322.445128234
665	-176.27808034631033	3327.913158596
666	-176.27808034631033	3333.387137221
667	-176.27808034631033	3339.089494802
668	-176.27808034631033	3343.571293354
669	-176.27808034631033	3347.829081492
670	-176.27808034631033	3354.45338892
671	-176.27808034631033	3361.208793931
672	-176.27808034631033	3366.777309585
673	-176.27808034631033	3372.605179414
674	-176.27808034631033	3378.664271757
675	-176.27808034631033	3384.448744119
676	-176.27808034631033	3392.385199417
677	-176.27808034631033	3398.379351792
678	-176.27808034631033	3404.359892781
679	-176.27808034631033	3409.763403694
680	-176.27808034631033	3414.746105717
681	-176.27808034631033	3419.506897637
682	-176.27808034631033	3425.018501941
683	-176.27808034631033	3429.968697774
684	-176.27808034631033	3435.390369081
685	-176.27808034631033	3440.138488153
686	-176.27808034631033	3445.51413568
687	-176.27808034631033	3450.915765523
688	-176.27808034631033	3457.555206185
689	-176.27808034631033	3463.943876373
690	-176.27808034631033	3470.939967123
691	-176.27808034631033	3476.797671784
692	-176.27808034631033	3482.087722354
693	-176.27808034631033	3486.741084589
694	-176.27808034631033	3492.581217011
695	-176.27808034631033	3498.404907033
696	-176.27808034631033	3504.156706993
697	-176.27808034631033	3510.15799221
698	-176.27808034631033	3516.178758391
699	-176.27808034631033	3522.075021283
700	-176.27808034631033	3526.854887618
701	-176.27808034631033	3532.613457206
702	-176.27808034631033	3538.639769665
703	-176.27808034631033	3545.101281283
704	-176.27808034631033	3552.012969633
705	-176.27808034631033	3558.373007813
706	-176.27808034631033	3563.676824578
707	-176.27808034631033	3571.669023469
708	-176.27808034631033	3577.026108329
709	-176.27808034631033	3581.652837371
710	-176.27808034631033	3587.94392769
711	-176.27808034631033	3592.636910997
712	-176.27808034631033	3598.881435851
713	-176.27808034631033	3604.091546931
714	-176.27808034631033	3609.596534418
715	-176.27808034631033	3614.319935009
716	-176.27808034631033	3620.563880547
717	-176.27808034631033	3626.060883322
718	-176.27808034631033	3631.768073583
719	-176.27808034631033	3638.879985848
720	-176.27808034631033	3645.268218127
721	-176.27808034631033	3651.836745469
722	-176.27808034631033	3656.970709418
723	-176.27808034631033	3661.914605178
724	-176.27808034631033	3666.94718749
725	-176.27808034631033	3674.204450478
726	-176.27808034631033	3680.29266491
727	-176.27808034631033	3685.265674776
728	-176.27808034631033	3693.275120895
729	-176.27808034631033	3699.488441882
730	-176.27808034631033	3705.213885194
731	-176.27808034631033	3710.886083503
732	-176.27808034631033	3717.834077532
733	-176.27808034631033	3724.0660068
734	-176.27808034631033	3730.414344314
735	-176.27808034631033	3738.953552565
736	-176.27808034631033	3746.008423476
737	-176.27808034631033	3750.22077998
738	-176.27808034631033	3756.597884067
739	-176.27808034631033	3761.743792725
740	-176.27808034631033	3767.438143642
741	-176.27808034631033	3772.700676079
742	-176.27808034631033	3777.904083673
743	-176.27808034631033	3783.386710146
744	-176.27808034631033	3789.191340578
745	-176.27808034631033	3794.676999628
746	-176.27808034631033	3801.056272448
747	-176.27808034631033	3806.959208605
748	-176.27808034631033	3812.416104503
749	-176.27808034631033	3818.964630295
750	-176.27808034631033	3823.197273731
751	-176.27808034631033	3830.925871071
752	-176.27808034631033	3838.349097868
753	-176.27808034631033	3844.210679563
754	-176.27808034631033	3850.691946979
755	-176.27808034631033	3857.162013789
756	-176.27808034631033	3862.325074168
757	-176.27808034631033	3868.602880107
758	-176.27808034631033	3873.034363313
759	-176.27808034631033	3877.747502123
760	-176.27808034631033	3888.188302584
761	-176.27808034631033	3893.488075818
762	-176.27808034631033	3899.182858086
763	-176.27808034631033	3906.104909428
764	-176.27808034631033	3911.626160274
765	-176.27808034631033	3917.021627459
766	-176.27808034631033	3923.99090284
767	-176.27808034631033	3930.443385151
768	-176.27808034631033	3937.951886459
769	-176.27808034631033	3945.69644695
770	-176.27808034631033	3951.227375984
771	-176.27808034631033	3956.689588371
772	-176.27808034631033	3962.172798153
773	-176.27808034631033	3970.233222184
774	-176.27808034631033	3976.826692949
775	-176.27808034631033	3984.534217913
776	-176.27808034631033	3990.59779027
777	-176.27808034631033	3995.717712336
778	-176.27808034631033	4001.745306305
779	-176.27808034631033	4007.60122797
780	-176.27808034631033	4012.900789947
781	-176.27808034631033	4018.91295019
782	-176.27808034631033	4023.37589214
783	-176.27808034631033	4028.780844218
784	-176.27808034631033	4034.059067824
785	-176.27808034631033	4038.494987424
786	-176.27808034631033	4044.086859936
787	-176.27808034631033	4049.427096703
788	-176.27808034631033	4054.35605452
789	-176.27808034631033	4059.982290059
790	-176.27808034631033	4064.961596293
791	-176.27808034631033	4070.882391211
792	-176.27808034631033	4076.432397512
793	-176.27808034631033	4080.911515296
794	-176.27808034631033	4085.442289523
795	-176.27808034631033	4090.455474689
796	-176.27808034631033	4096.63123443
797	-176.27808034631033	4101.636737088
798	-176.27808034631033	4106.701982679
799	-176.27808034631033	4112.630560461
800	-176.27808034631033	4117.182011918
801	-176.27808034631033	4122.531074434
802	-176.27808034631033	4128.169141499
803	-176.27808034631033	4133.217864863
804	-176.27808034631033	4138.992739149
805	-176.27808034631033	4144.464832999
806	-176.27808034631033	4149.105020901
807	-176.27808034631033	4155.002197243
808	-176.27808034631033	4160.722943011
809	-176.27808034631033	4165.609949373
810	-176.27808034631033	4169.803151348
811	-176.27808034631033	4173.310211491
812	-176.27808034631033	4178.188846549
813	-176.27808034631033	4182.747461924
814	-176.27808034631033	4188.024928312
815	-176.27808034631033	4192.219952058
816	-176.27808034631033	4196.168754052
817	-176.27808034631033	4200.690337036
818	-176.27808034631033	4206.039025789
819	-176.27808034631033	4210.87620147
820	-176.27808034631033	4215.394672335
821	-176.27808034631033	4220.402394188
822	-176.27808034631033	4224.973923602
823	-176.27808034631033	4230.352603135
824	-176.27808034631033	4237.149843567
825	-176.27808034631033	4241.848829876
826	-176.27808034631033	4247.577138698
827	-176.27808034631033	4253.634136148
828	-176.27808034631033	4262.493644332
829	-176.27808034631033	4267.573605776
830	-176.27808034631033	4273.731718867
831	-176.27808034631033	4278.215297564
832	-176.27808034631033	4283.92830751
833	-176.27808034631033	4289.422425959
834	-176.27808034631033	4294.672323181
835	-176.27808034631033	4301.958796925
836	-176.27808034631033	4306.985543301
837	-176.27808034631033	4313.179350823
838	-176.27808034631033	4317.839913467
839	-176.27808034631033	4324.413564003
840	-176.27808034631033	4329.489956318
841	-176.27808034631033	4334.422773492
842	-176.27808034631033	4340.680611237
843	-176.27808034631033	4346.150015481
844	-176.27808034631033	4351.477006071
845	-176.27808034631033	4357.72294073
846	-176.27808034631033	4363.380666089
847	-176.27808034631033	4368.139897958
848	-176.27808034631033	4373.080226014
849	-176.27808034631033	4378.328206814
850	-176.27808034631033	4382.039422074
851	-176.27808034631033	4387.666343272
852	-176.27808034631033	4394.45928045
853	-176.27808034631033	4402.072220775
854	-176.27808034631033	4407.074954855
855	-176.27808034631033	4412.333842327
856	-176.27808034631033	4417.828627047
857	-176.27808034631033	4423.241015881
858	-176.27808034631033	4428.438649689
859	-176.27808034631033	4436.422425104
860	-176.27808034631033	4441.897591158
861	-176.27808034631033	4448.530987764
862	-176.27808034631033	4454.386290198
863	-176.27808034631033	4459.77172482
864	-176.27808034631033	4465.250485663
865	-176.27808034631033	4471.625458935
866	-176.27808034631033	4477.248246226
867	-176.27808034631033	4482.77338494
868	-176.27808034631033	4487.829578416
869	-176.27808034631033	4492.395395626
870	-176.27808034631033	4499.091888762
871	-176.27808034631033	4505.064460434
872	-176.27808034631033	4509.387118975
873	-176.27808034631033	4514.3286356
874	-176.27808034631033	4519.173756079
875	-176.27808034631033	4523.721201924
876	-176.27808034631033	4528.516911099
877	-176.27808034631033	4532.725925411
878	-176.27808034631033	4539.29386802
879	-176.27808034631033	4544.41222975
880	-176.27808034631033	4550.491951712
881	-176.27808034631033	4555.099382822
882	-176.27808034631033	4560.403705919
883	-176.27808034631033	4564.698907908
884	-176.27808034631033	4568.972691698
885	-176.27808034631033	4574.229397892
886	-176.27808034631033	4579.764464539
887	-176.27808034631033	4586.264176021
888	-176.27808034631033	4592.066257115
889	-176.27808034631033	4597.539229064
890	-176.27808034631033	4603.9877012
891	-176.27808034631033	4610.992326044
892	-176.27808034631033	4616.775331012
893	-176.27808034631033	4620.948882676
894	-176.27808034631033	4625.47071569
895	-176.27808034631033	4631.016872326
896	-176.27808034631033	4636.176547179
897	-176.27808034631033	4640.950797958
898	-176.27808034631033	4644.645613013
899	-176.27808034631033	4648.65138024
900	-176.27808034631033	4652.712015813
901	-176.27808034631033	4657.929066724
902	-176.27808034631033	4663.091651846
903	-176.27808034631033	4667.907980949
904	-176.27808034631033	4673.621262307
905	-176.27808034631033	4679.105869349
906	-176.27808034631033	4685.741797902
907	-176.27808034631033	4693.497975241
908	-176.27808034631033	4699.182135365
909	-176.27808034631033	4706.100751288
910	-176.27808034631033	4713.031468153
911	-176.27808034631033	4718.772687592
912	-176.27808034631033	4724.293890257
913	-176.27808034631033	4730.813533726
914	-176.27808034631033	4736.032097362
915	-176.27808034631033	4740.675112571
916	-176.27808034631033	4745.62277047
917	-176.27808034631033	4752.558194572
918	-176.27808034631033	4759.438245422
919	-176.27808034631033	4766.04170228
920	-176.27808034631033	4773.127511634
921	-176.27808034631033	4777.994593705
922	-176.27808034631033	4782.133859318
923	-176.27808034631033	4787.342555461
924	-176.27808034631033	4792.809896744
925	-176.27808034631033	4799.530917345
926	-176.27808034631033	4804.675004804
927	-176.27808034631033	4809.843646528
928	-176.27808034631033	4815.175285339
929	-176.27808034631033	4820.261501526
930	-176.27808034631033	4824.829013068
931	-176.27808034631033	4830.774451773
932	-176.27808034631033	4839.273387791
933	-176.27808034631033	4844.571549086
934	-176.27808034631033	4849.613229414
935	-176.27808034631033	4855.068779939
936	-176.27808034631033	4861.356402338
937	-176.27808034631033	4867.122339118
938	-176.27808034631033	4874.62532608
939	-176.27808034631033	4879.661878938
940	-176.27808034631033	4885.46192672
941	-176.27808034631033	4890.850901106
942	-176.27808034631033	4896.321438326
943	-176.27808034631033	4901.282788865
944	-176.27808034631033	4905.690729615
945	-176.27808034631033	4910.617677212
946	-176.27808034631033	4915.844493266
947	-176.27808034631033	4921.145741021
948	-176.27808034631033	4926.251679649
949	-176.27808034631033	4931.285731636
950	-176.27808034631033	4935.965848514
951	-176.27808034631033	4940.039438895
952	-176.27808034631033	4944.534553758
953	-176.27808034631033	4948.639151859
954	-176.27808034631033	4952.839859584
955	-176.27808034631033	4958.47649033
956	-176.27808034631033	4962.747018313
957	-176.27808034631033	4968.148395275
958	-176.27808034631033	4971.88143186
959	-176.27808034631033	4976.845095961
960	-176.27808034631033	4982.696983503
961	-176.27808034631033	4988.442152106
962	-176.27808034631033	4993.749278277
963	-176.27808034631033	4997.4783848
964	-176.27808034631033	5001.713412788
965	-176.27808034631033	5007.267080875
966	-176.27808034631033	5013.14842464
967	-176.27808034631033	5019.224227943
968	-176.27808034631033	5025.495433601
969	-176.27808034631033	5030.791468358
970	-176.27808034631033	5037.415177367
971	-176.27808034631033	5042.575749991
972	-176.27808034631033	5047.299366971
973	-176.27808034631033	5053.418142376
974	-176.27808034631033	5058.227017902
975	-176.27808034631033	5066.12913127
976	-176.27808034631033	5070.870280861
977	-176.27808034631033	5075.568944155
978	-176.27808034631033	5080.344615002
979	-176.27808034631033	5084.754714222
980	-176.27808034631033	5089.671072176
981	-176.27808034631033	5095.584161208
982	-176.27808034631033	5100.440113092
983	-176.27808034631033	5106.319273869
984	-176.27808034631033	5111.018244498
985	-176.27808034631033	5115.902917341
986	-176.27808034631033	5119.948809406
987	-176.27808034631033	5125.188746195
988	-176.27808034631033	5131.167619081
989	-176.27808034631033	5137.21748939
990	-176.27808034631033	5142.568089434
991	-176.27808034631033	5148.401756711
992	-176.27808034631033	5153.33558598
993	-176.27808034631033	5158.610128984
994	-176.27808034631033	5162.881908257
995	-176.27808034631033	5167.587113102
996	-176.27808034631033	5171.765902284
997	-176.27808034631033	5177.124155757
998	-176.27808034631033	5182.311077045
999	-176.27808034631033	5190.075713783
1000	-176.27808034631033	5196.071353795
1001	-176.27808034631033	5201.450566744
1002	-176.27808034631033	5206.324176968
1003	-176.27808034631033	5210.730172501
1004	-176.27808034631033	5217.47704684
1005	-176.27808034631033	5223.345189758
1006	-176.27808034631033	5229.438773707
1007	-176.27808034631033	5235.015578556
1008	-176.27808034631033	5240.454699511
1009	-176.27808034631033	5246.867771437
1010	-176.27808034631033	5252.189976103
1011	-176.27808034631033	5258.207301163
1012	-176.27808034631033	5264.811782375
1013	-176.27808034631033	5269.905922833
1014	-176.27808034631033	5275.335801798
1015	-176.27808034631033	5279.973537296
1016	-176.27808034631033	5284.934601027
1017	-176.27808034631033	5290.372122587
1018	-176.27808034631033	5294.664898685
1019	-176.27808034631033	5302.518066312
1020	-176.27808034631033	5307.297412061
1021	-176.27808034631033	5313.981527424
1022	-176.27808034631033	5328.412770293
1023	-176.27808034631033	5334.105442844
1024	-176.27808034631033	5339.051657583
1025	-176.27808034631033	5343.963565458
1026	-176.27808034631033	5349.360833601
1027	-176.27808034631033	5358.272911109
1028	-176.27808034631033	5362.968072556
1029	-176.27808034631033	5368.660251889
1030	-176.27808034631033	5373.305717222
1031	-176.27808034631033	5377.954356824
1032	-176.27808034631033	5383.931886618
1033	-176.27808034631033	5391.40394483
1034	-176.27808034631033	5397.903860157
1035	-176.27808034631033	5402.886199252
1036	-176.27808034631033	5408.323321107
1037	-176.27808034631033	5414.578644295
1038	-176.27808034631033	5418.89683109
1039	-176.27808034631033	5424.273908378
1040	-176.27808034631033	5428.34892738
1041	-176.27808034631033	5433.359841748
1042	-176.27808034631033	5438.802993975
1043	-176.27808034631033	5445.617671795
1044	-176.27808034631033	5452.167486226
1045	-176.27808034631033	5457.606951007
1046	-176.27808034631033	5462.175917114
1047	-176.27808034631033	5467.362413894
1048	-176.27808034631033	5472.945123102
1049	-176.27808034631033	5477.221404628
1050	-176.27808034631033	5482.052262273
1051	-176.27808034631033	5487.416004719
1052	-176.27808034631033	5493.805987779
1053	-176.27808034631033	5500.612158589
1054	-176.27808034631033	5507.760756568
1055	-176.27808034631033	5513.426946457
1056	-176.27808034631033	5519.862590084
1057	-176.27808034631033	5525.377179068
1058	-176.27808034631033	5531.689157875
1059	-176.27808034631033	5538.568359136
1060	-176.27808034631033	5546.368789803
1061	-176.27808034631033	5552.920359576
1062	-176.27808034631033	5558.461294375
1063	-176.27808034631033	5565.226228469
1064	-176.27808034631033	5571.455729281
1065	-176.27808034631033	5579.218118314
1066	-176.27808034631033	5587.607816277
1067	-176.27808034631033	5596.135889494
1068	-176.27808034631033	5604.33111794
1069	-176.27808034631033	5610.106528494
1070	-176.27808034631033	5617.536666327
1071	-176.27808034631033	5624.133724468
1072	-176.27808034631033	5630.937849707
1073	-176.27808034631033	5637.226552054
1074	-176.27808034631033	5643.369355721
1075	-176.27808034631033	5650.530869449
1076	-176.27808034631033	5657.166149976
1077	-176.27808034631033	5665.319416133
1078	-176.27808034631033	5671.892272104
1079	-176.27808034631033	5678.133133176
1080	-176.27808034631033	5683.884432221
1081	-176.27808034631033	5691.556348854
1082	-176.27808034631033	5696.657702266
1083	-176.27808034631033	5705.814974606
1084	-176.27808034631033	5712.947121632
1085	-176.27808034631033	5719.359255019
1086	-176.27808034631033	5725.076632651
1087	-176.27808034631033	5733.900202077
1088	-176.27808034631033	5742.066248562
1089	-176.27808034631033	5747.743587456
1090	-176.27808034631033	5754.359834621
1091	-176.27808034631033	5760.782870117
1092	-176.27808034631033	5767.483040434
1093	-176.27808034631033	5773.131458802
1094	-176.27808034631033	5780.870509508
1095	-176.27808034631033	5790.439257516
1096	-176.27808034631033	5799.649609788
1097	-176.27808034631033	5805.407977243
1098	-176.27808034631033	5810.242592182
1099	-176.27808034631033	5815.104469238
1100	-176.27808034631033	5820.175702721
1101	-176.27808034631033	5826.651428137
1102	-176.27808034631033	5835.308823068
1103	-176.27808034631033	5852.033057283
1104	-176.27808034631033	5861.028620604
1105	-176.27808034631033	5877.738461411
1106	-176.27808034631033	5884.605548045
1107	-176.27808034631033	5890.334775449
1108	-176.27808034631033	5896.528168155
1109	-176.27808034631033	5902.348816477
1110	-176.27808034631033	5908.361810913
1111	-176.27808034631033	5914.732441303
1112	-176.27808034631033	5921.082838643
1113	-176.27808034631033	5928.039581729
1114	-176.27808034631033	5934.780955406
1115	-176.27808034631033	5942.104144512
1116	-176.27808034631033	5949.544281553
1117	-176.27808034631033	5959.704712768
1118	-176.27808034631033	5968.320731856
1119	-176.27808034631033	5973.904937823
1120	-176.27808034631033	5979.935138435
1121	-176.27808034631033	5988.637807627
1122	-176.27808034631033	5996.584923557
1123	-176.27808034631033	6004.951286044
1124	-176.27808034631033	6012.017610157
1125	-176.27808034631033	6019.134957797
1126	-176.27808034631033	6025.51933756
1127	-176.27808034631033	6032.785794072
1128	-176.27808034631033	6041.475508171
1129	-176.27808034631033	6048.076401722
1130	-176.27808034631033	6054.702139767
1131	-176.27808034631033	6062.228370688
1132	-176.27808034631033	6072.153032092
1133	-176.27808034631033	6078.731797839
1134	-176.27808034631033	6086.843744601
1135	-176.27808034631033	6095.069931446
1136	-176.27808034631033	6102.565875941
1137	-176.27808034631033	6108.178183065
1138	-176.27808034631033	6114.908440525
1139	-176.27808034631033	6121.501419213
1140	-176.27808034631033	6128.481137982
1141	-176.27808034631033	6135.118622024
1142	-176.27808034631033	6142.303053845
1143	-176.27808034631033	6149.689446108
1144	-176.27808034631033	6156.597508879
1145	-176.27808034631033	6163.839484967
1146	-176.27808034631033	6169.480932712
1147	-176.27808034631033	6174.434693113
1148	-176.27808034631033	6182.035738051
1149	-176.27808034631033	6191.209526346
1150	-176.27808034631033	6198.798506263
1151	-176.27808034631033	6204.732882633
1152	-176.27808034631033	6209.907622297
1153	-176.27808034631033	6215.124455964
1154	-176.27808034631033	6221.308876381
1155	-176.27808034631033	6227.00571477
1156	-176.27808034631033	6234.766507545
1157	-176.27808034631033	6240.561410181
1158	-176.27808034631033	6247.255702653
1159	-176.27808034631033	6255.21459423
1160	-176.27808034631033	6262.258407653
1161	-176.27808034631033	6269.255172088
1162	-176.27808034631033	6276.871019547
1163	-176.27808034631033	6283.722921058
1164	-176.27808034631033	6291.01259359
1165	-176.27808034631033	6298.560347339
1166	-176.27808034631033	6305.809350498
1167	-176.27808034631033	6312.392792691
1168	-176.27808034631033	6321.223143434
1169	-176.27808034631033	6329.259900136
1170	-176.27808034631033	6335.837699404
1171	-176.27808034631033	6342.329551902
1172	-176.27808034631033	6348.4909476
1173	-176.27808034631033	6355.553547206
1174	-176.27808034631033	6361.569446496
1175	-176.27808034631033	6369.705967765
1176	-176.27808034631033	6376.270456423
1177	-176.27808034631033	6383.345365948
1178	-176.27808034631033	6389.101831235
1179	-176.27808034631033	6395.00781622
1180	-176.27808034631033	6400.912842138
1181	-176.27808034631033	6407.263296212
1182	-176.27808034631033	6413.256705054
1183	-176.27808034631033	6423.702546601
1184	-176.27808034631033	6430.594728328
1185	-176.27808034631033	6436.613052083
1186	-176.27808034631033	6443.680231487
1187	-176.27808034631033	6450.024841928
1188	-176.27808034631033	6460.562496401
1189	-176.27808034631033	6468.37836165
1190	-176.27808034631033	6474.525042066
1191	-176.27808034631033	6483.420141762
1192	-176.27808034631033	6488.863851353
1193	-176.27808034631033	6495.159291112
1194	-176.27808034631033	6502.088908928
1195	-176.27808034631033	6508.035167857
1196	-176.27808034631033	6515.386042164
1197	-176.27808034631033	6522.773377242
1198	-176.27808034631033	6529.653900213
1199	-176.27808034631033	6548.118764857
1200	-176.27808034631033	6556.679139851
1201	-176.27808034631033	6564.876297548
1202	-176.27808034631033	6571.111765726
1203	-176.27808034631033	6577.985213159
1204	-176.27808034631033	6584.892566038
1205	-176.27808034631033	6591.422369795
1206	-176.27808034631033	6597.161832467
1207	-176.27808034631033	6603.066071232
1208	-176.27808034631033	6611.762385897
1209	-176.27808034631033	6617.62037594
1210	-176.27808034631033	6627.916993721
1211	-176.27808034631033	6635.335289764
1212	-176.27808034631033	6641.588498959
1213	-176.27808034631033	6650.287437942
1214	-176.27808034631033	6657.007865541
1215	-176.27808034631033	6663.993420246
1216	-176.27808034631033	6670.634621953
1217	-176.27808034631033	6676.980705775
1218	-176.27808034631033	6683.007636038
1219	-176.27808034631033	6689.520629905
1220	-176.27808034631033	6697.851348994
1221	-176.27808034631033	6705.227107138
1222	-176.27808034631033	6711.477557164
1223	-176.27808034631033	6718.230618963
1224	-176.27808034631033	6725.494365058
1225	-176.27808034631033	6732.036812581
1226	-176.27808034631033	6738.861091899
1227	-176.27808034631033	6746.302136403
1228	-176.27808034631033	6754.030127342
1229	-176.27808034631033	6761.738788988
1230	-176.27808034631033	6768.502863229
1231	-176.27808034631033	6774.238046025
1232	-176.27808034631033	6780.847364478
1233	-176.27808034631033	6788.562852202
1234	-176.27808034631033	6796.597491489
1235	-176.27808034631033	6805.962864689
1236	-176.27808034631033	6813.135339257
1237	-176.27808034631033	6819.720444991
1238	-176.27808034631033	6826.248568385
1239	-176.27808034631033	6833.237086959
1240	-176.27808034631033	6839.10516573
1241	-176.27808034631033	6848.381108845
1242	-176.27808034631033	6855.449895341
1243	-176.27808034631033	6861.920752154
1244	-176.27808034631033	6867.656562449
1245	-176.27808034631033	6874.977779824
1246	-176.27808034631033	6881.35073575
1247	-176.27808034631033	6886.820021964
1248	-176.27808034631033	6892.914983787
1249	-176.27808034631033	6898.545056732
1250	-176.27808034631033	6904.801676827
1251	-176.27808034631033	6910.187311587
1252	-176.27808034631033	6915.009984953
1253	-176.27808034631033	6921.200673798
1254	-176.27808034631033	6926.937047444
1255	-176.27808034631033	6931.890437219
1256	-176.27808034631033	6938.617970007
1257	-176.27808034631033	6944.745530962
1258	-176.27808034631033	6950.479581922
1259	-176.27808034631033	6956.06616845
1260	-176.27808034631033	6962.951962579
1261	-176.27808034631033	6968.892638168
1262	-176.27808034631033	6976.915350707
1263	-176.27808034631033	6984.408766961
1264	-176.27808034631033	6990.234612887
1265	-176.27808034631033	6997.862675328
1266	-176.27808034631033	7004.356142045
1267	-176.27808034631033	7011.386482353
1268	-176.27808034631033	7019.851015715
1269	-176.27808034631033	7028.120649348
1270	-176.27808034631033	7038.351081858
1271	-176.27808034631033	7045.469212374
1272	-176.27808034631033	7053.568613727
1273	-176.27808034631033	7070.156105153
1274	-176.27808034631033	7077.40357506
1275	-176.27808034631033	7083.630794811
1276	-176.27808034631033	7089.323827724
1277	-176.27808034631033	7095.42560422
1278	-176.27808034631033	7101.815174174
1279	-176.27808034631033	7110.104164184
1280	-176.27808034631033	7116.018714053
1281	-176.27808034631033	7123.243672985
1282	-176.27808034631033	7131.656500297
1283	-176.27808034631033	7140.40194573
1284	-176.27808034631033	7149.03894083
1285	-176.27808034631033	7157.307452892
1286	-176.27808034631033	7164.492244506
1287	-176.27808034631033	7171.843383383
1288	-176.27808034631033	7179.092202654
1289	-176.27808034631033	7185.978684722
1290	-176.27808034631033	7192.010396918
1291	-176.27808034631033	7201.422346702
1292	-176.27808034631033	7208.602435071
1293	-176.27808034631033	7218.263101776
1294	-176.27808034631033	7228.421147299
1295	-176.27808034631033	7235.193258995
1296	-176.27808034631033	7243.420338479
1297	-176.27808034631033	7250.772667921
1298	-176.27808034631033	7258.331065197
1299	-176.27808034631033	7266.991705673
1300	-176.27808034631033	7276.180750364
1301	-176.27808034631033	7283.746926797
1302	-176.27808034631033	7290.366085943
1303	-176.27808034631033	7297.003708257
1304	-176.27808034631033	7304.309640441
1305	-176.27808034631033	7311.592076071
1306	-176.27808034631033	7318.345086553
1307	-176.27808034631033	7325.079836856
1308	-176.27808034631033	7333.058196853
1309	-176.27808034631033	7340.563036945
1310	-176.27808034631033	7348.881031584
1311	-176.27808034631033	7357.253832987
1312	-176.27808034631033	7363.733988524
1313	-176.27808034631033	7370.765086621
1314	-176.27808034631033	7378.24849483
1315	-176.27808034631033	7386.522500711
1316	-176.27808034631033	7394.789877232
1317	-176.27808034631033	7402.539977728
1318	-176.27808034631033	7411.856883012
1319	-176.27808034631033	7418.560208212
1320	-176.27808034631033	7426.3416996
1321	-176.27808034631033	7435.091831743
1322	-176.27808034631033	7443.441875847
1323	-176.27808034631033	7451.958905832
1324	-176.27808034631033	7459.76063027
1325	-176.27808034631033	7468.221485595
1326	-176.27808034631033	7477.394553735
1327	-176.27808034631033	7486.901616158
1328	-176.27808034631033	7493.608801002
1329	-176.27808034631033	7502.7927091
1330	-176.27808034631033	7510.28168839
1331	-176.27808034631033	7517.094914497
1332	-176.27808034631033	7522.902147864
1333	-176.27808034631033	7529.115663572
1334	-176.27808034631033	7537.863473884
1335	-176.27808034631033	7545.262004722
1336	-176.27808034631033	7554.600363556
1337	-176.27808034631033	7562.387248694
1338	-176.27808034631033	7571.415800019
1339	-176.27808034631033	7578.039583439
1340	-176.27808034631033	7584.417250593
1341	-176.27808034631033	7590.858389749
1342	-176.27808034631033	7597.569038237
1343	-176.27808034631033	7604.472236398
1344	-176.27808034631033	7612.623805657
1345	-176.27808034631033	7618.868731643
1346	-176.27808034631033	7627.32347962
1347	-176.27808034631033	7635.611815047
1348	-176.27808034631033	7641.466090847
1349	-176.27808034631033	7653.767834956
1350	-176.27808034631033	7660.371479979
1351	-176.27808034631033	7669.496303432
1352	-176.27808034631033	7675.870855331
1353	-176.27808034631033	7682.04049632
1354	-176.27808034631033	7691.214818316
1355	-176.27808034631033	7698.740831708
1356	-176.27808034631033	7704.948189606
1357	-176.27808034631033	7710.747248101
1358	-176.27808034631033	7715.366728267
1359	-176.27808034631033	7719.983850395
1360	-176.27808034631033	7725.148521858
1361	-176.27808034631033	7731.60673918
1362	-176.27808034631033	7737.891109193
1363	-176.27808034631033	7744.117768158
1364	-176.27808034631033	7751.264960038
1365	-176.27808034631033	7757.593053954
1366	-176.27808034631033	7765.559367746
1367	-176.27808034631033	7772.715187232
1368	-176.27808034631033	7779.658116798
1369	-176.27808034631033	7795.711279122
1370	-176.27808034631033	7801.755398169
1371	-176.27808034631033	7808.319353982
1372	-176.27808034631033	7817.222767391
1373	-176.27808034631033	7824.386100894
1374	-176.27808034631033	7832.547484048
1375	-176.27808034631033	7839.781954671
1376	-176.27808034631033	7847.071401691
1377	-176.27808034631033	7854.637027887
1378	-176.27808034631033	7861.606632269
1379	-176.27808034631033	7868.191087411
1380	-176.27808034631033	7874.7526658
1381	-176.27808034631033	7880.636554911
1382	-176.27808034631033	7887.09233893
1383	-176.27808034631033	7895.75670648
1384	-176.27808034631033	7902.188905279
1385	-176.27808034631033	7908.042173546
1386	-176.27808034631033	7914.620392476
1387	-176.27808034631033	7922.119501548
1388	-176.27808034631033	7928.309164329
1389	-176.27808034631033	7934.471600347
1390	-176.27808034631033	7939.888712097
1391	-176.27808034631033	7948.151348309
1392	-176.27808034631033	7956.712196564
1393	-176.27808034631033	7963.59845084
1394	-176.27808034631033	7971.90489905
1395	-176.27808034631033	7978.89328933
1396	-176.27808034631033	7988.303895452
1397	-176.27808034631033	7996.631257238
1398	-176.27808034631033	8004.578456702
1399	-176.27808034631033	8012.028998928
1400	-176.27808034631033	8020.87883092
1401	-176.27808034631033	8026.716790047
1402	-176.27808034631033	8032.836718385
1403	-176.27808034631033	8038.695512972
1404	-176.27808034631033	8044.221570269
1405	-176.27808034631033	8049.936529993
1406	-176.27808034631033	8056.052124001
1407	-176.27808034631033	8062.552845297
1408	-176.27808034631033	8071.360274241
1409	-176.27808034631033	8079.000415101
1410	-176.27808034631033	8085.692957078
1411	-176.27808034631033	8093.112574546
1412	-176.27808034631033	8100.722352575
1413	-176.27808034631033	8107.149989537
1414	-176.27808034631033	8113.57271998
1415	-176.27808034631033	8120.758555334
1416	-176.27808034631033	8127.259174279
1417	-176.27808034631033	8133.975571748
1418	-176.27808034631033	8137.884770631
1419	-176.27808034631033	8147.850101694
1420	-176.27808034631033	8154.591710577
1421	-176.27808034631033	8160.137393381
1422	-176.27808034631033	8167.153825517
1423	-176.27808034631033	8172.234741751
1424	-176.27808034631033	8179.831200333
1425	-176.27808034631033	8186.361849116
1426	-176.27808034631033	8195.282147111
1427	-176.27808034631033	8203.242563672
1428	-176.27808034631033	8210.217407567
1429	-176.27808034631033	8216.917313599
1430	-176.27808034631033	8224.827208689
1431	-176.27808034631033	8231.180894338
1432	-176.27808034631033	8238.857894536
1433	-176.27808034631033	8244.769993711
1434	-176.27808034631033	8251.062088712
1435	-176.27808034631033	8257.797919533
1436	-176.27808034631033	8263.704588751
1437	-176.27808034631033	8270.107120355
1438	-176.27808034631033	8276.687043025
1439	-176.27808034631033	8282.367373156
1440	-176.27808034631033	8289.916613686
1441	-176.27808034631033	8297.995601808
1442	-176.27808034631033	8305.03738135
1443	-176.27808034631033	8310.603997117
1444	-176.27808034631033	8316.879580725
1445	-176.27808034631033	8325.084078815
1446	-176.27808034631033	8333.385836609
1447	-176.27808034631033	8344.82969502
1448	-176.27808034631033	8351.614153983
1449	-176.27808034631033	8361.516364854
1450	-176.27808034631033	8367.899881058
1451	-176.27808034631033	8374.543746141
1452	-176.27808034631033	8381.607029409
1453	-176.27808034631033	8392.450538235
1454	-176.27808034631033	8400.913503563
1455	-176.27808034631033	8407.380814625
1456	-176.27808034631033	8414.727451535
1457	-176.27808034631033	8424.504986062
1458	-176.27808034631033	8433.450232611
1459	-176.27808034631033	8440.384558804
1460	-176.27808034631033	8445.797770427
1461	-176.27808034631033	8453.69809196
1462	-176.27808034631033	8460.430729124
1463	-176.27808034631033	8467.169209067
1464	-176.27808034631033	8472.845217697
1465	-176.27808034631033	8480.685976192
1466	-176.27808034631033	8487.801311047
1467	-176.27808034631033	8493.949270123
1468	-176.27808034631033	8501.082325468
1469	-176.27808034631033	8509.173592148
1470	-176.27808034631033	8516.062369533
1471	-176.27808034631033	8522.240188814
1472	-176.27808034631033	8529.051870835
1473	-176.27808034631033	8535.258470945
1474	-176.27808034631033	8540.616435615
1475	-176.27808034631033	8547.072496178
1476	-176.27808034631033	8554.100558847
1477	-176.27808034631033	8559.588890682
1478	-176.27808034631033	8565.122822073
1479	-176.27808034631033	8572.728825703
1480	-176.27808034631033	8579.07510111
1481	-176.27808034631033	8586.705145545
1482	-176.27808034631033	8592.14203305
1483	-176.27808034631033	8598.023833825
1484	-176.27808034631033	8603.729939577
1485	-176.27808034631033	8609.683917507
1486	-176.27808034631033	8619.043004603
1487	-176.27808034631033	8633.148966324
1488	-176.27808034631033	8640.686374758
1489	-176.27808034631033	8648.557626944
1490	-176.27808034631033	8655.747941457
1491	-176.27808034631033	8662.585501164
1492	-176.27808034631033	8669.755572364
1493	-176.27808034631033	8676.816652402
1494	-176.27808034631033	8683.510868183
1495	-176.27808034631033	8689.994634189
1496	-176.27808034631033	8696.031169941
1497	-176.27808034631033	8702.860571882
1498	-176.27808034631033	8711.589749109
1499	-176.27808034631033	8718.86748634
1500	-176.27808034631033	8726.716988475
1501	-176.27808034631033	8734.594444657
1502	-176.27808034631033	8742.106045254
1503	-176.27808034631033	8752.354354486
1504	-176.27808034631033	8758.886910284
1505	-176.27808034631033	8765.934309658
1506	-176.27808034631033	8771.914560703
1507	-176.27808034631033	8780.843434986
1508	-176.27808034631033	8788.460091836
1509	-176.27808034631033	8795.593673469
1510	-176.27808034631033	8802.825797459
1511	-176.27808034631033	8810.512698791
1512	-176.27808034631033	8816.297188259
1513	-176.27808034631033	8822.169707701
1514	-176.27808034631033	8827.69221383
1515	-176.27808034631033	8833.707693457
1516	-176.27808034631033	8839.237891502
1517	-176.27808034631033	8845.462444456
1518	-176.27808034631033	8854.387627588
1519	-176.27808034631033	8864.115827218
1520	-176.27808034631033	8871.502776275
1521	-176.27808034631033	8880.257616224
1522	-176.27808034631033	8890.475742236
1523	-176.27808034631033	8898.037765946
1524	-176.27808034631033	8915.276477102
1525	-176.27808034631033	8921.769460579
1526	-176.27808034631033	8926.037967224
1527	-176.27808034631033	8933.076309921
1528	-176.27808034631033	8940.192786304
1529	-176.27808034631033	8947.715276467
1530	-176.27808034631033	8954.903232373
1531	-176.27808034631033	8962.588756401
1532	-176.27808034631033	8970.783440026
1533	-176.27808034631033	8980.745446858
1534	-176.27808034631033	8988.351448207
1535	-176.27808034631033	8995.07912725
1536	-176.27808034631033	9002.53577882
1537	-176.27808034631033	9010.216698531
1538	-176.27808034631033	9017.009137074
1539	-176.27808034631033	9024.297349624
1540	-176.27808034631033	9030.032850588
1541	-176.27808034631033	9036.385103054
1542	-176.27808034631033	9042.796025064
1543	-176.27808034631033	9051.93171556
1544	-176.27808034631033	9061.522797783
1545	-176.27808034631033	9071.580921935
1546	-176.27808034631033	9079.679558373
1547	-176.27808034631033	9085.831721775
1548	-176.27808034631033	9092.679968343
1549	-176.27808034631033	9099.023919354
1550	-176.27808034631033	9105.978771107
1551	-176.27808034631033	9112.858230095
1552	-176.27808034631033	9118.836031301
1553	-176.27808034631033	9125.984125228
1554	-176.27808034631033	9133.371229949
1555	-176.27808034631033	9141.053534946
1556	-176.27808034631033	9148.767973513
1557	-176.27808034631033	9157.232689907
1558	-176.27808034631033	9163.513062575
1559	-176.27808034631033	9171.246442417
1560	-176.27808034631033	9179.79983396
1561	-176.27808034631033	9188.254166265
1562	-176.27808034631033	9194.747555151
1563	-176.27808034631033	9201.996271501
1564	-176.27808034631033	9209.906937494
1565	-176.27808034631033	9219.930973738
1566	-176.27808034631033	9228.552132554
1567	-176.27808034631033	9237.219579436
1568	-176.27808034631033	9245.114413136
1569	-176.27808034631033	9251.313327031
1570	-176.27808034631033	9258.811599343
1571	-176.27808034631033	9264.830916661
1572	-176.27808034631033	9272.433673321
1573	-176.27808034631033	9287.695325093
1574	-176.27808034631033	9293.68810159
1575	-176.27808034631033	9301.333218249
1576	-176.27808034631033	9307.186251026
1577	-176.27808034631033	9312.476281354
1578	-176.27808034631033	9319.217747688
1579	-176.27808034631033	9327.491632118
1580	-176.27808034631033	9335.567091309
1581	-176.27808034631033	9342.147232934
1582	-176.27808034631033	9348.607188493
1583	-176.27808034631033	9354.095401157
1584	-176.27808034631033	9363.226181428
1585	-176.27808034631033	9369.574066778
1586	-176.27808034631033	9376.469904304
1587	-176.27808034631033	9381.760151022
1588	-176.27808034631033	9387.873089066
1589	-176.27808034631033	9395.465456506
1590	-176.27808034631033	9401.994280669
1591	-176.27808034631033	9409.248790761
1592	-176.27808034631033	9417.913197654
1593	-176.27808034631033	9423.835654688
1594	-176.27808034631033	9431.740960572
1595	-176.27808034631033	9438.072011513
1596	-176.27808034631033	9443.826246772
1597	-176.27808034631033	9453.800367946
1598	-176.27808034631033	9461.360636314
1599	-176.27808034631033	9469.383354554
1600	-176.27808034631033	9485.161180165
1601	-176.27808034631033	9492.272328085
1602	-176.27808034631033	9499.621340994
1603	-176.27808034631033	9504.478974666
1604	-176.27808034631033	9510.230193313
1605	-176.27808034631033	9516.39611293
1606	-176.27808034631033	9523.967564228
1607	-176.27808034631033	9530.371864574
1608	-176.27808034631033	9537.090953929
1609	-176.27808034631033	9542.891840181
1610	-176.27808034631033	9547.696029853
1611	-176.27808034631033	9552.735922337
1612	-176.27808034631033	9557.778268081
1613	-176.27808034631033	9562.151953855
1614	-176.27808034631033	9566.777066968
1615	-176.27808034631033	9571.849197081
1616	-176.27808034631033	9579.786180379
1617	-176.27808034631033	9586.027284354
1618	-176.27808034631033	9591.302334545
1619	-176.27808034631033	9597.724869982
1620	-176.27808034631033	9603.625795635
1621	-176.27808034631033	9609.387981108
1622	-176.27808034631033	9615.818778941
1623	-176.27808034631033	9623.058473682
1624	-176.27808034631033	9627.705566918
1625	-176.27808034631033	9632.841143661
1626	-176.27808034631033	9639.115046907
1627	-176.27808034631033	9645.807900209
1628	-176.27808034631033	9652.119601332
1629	-176.27808034631033	9658.903596727
1630	-176.27808034631033	9666.41584478
1631	-176.27808034631033	9671.973622255
1632	-176.27808034631033	9678.348139942
1633	-176.27808034631033	9683.444978558
1634	-176.27808034631033	9687.936855004
1635	-176.27808034631033	9693.217803282
1636	-176.27808034631033	9697.796043025
1637	-176.27808034631033	9704.982916987
1638	-176.27808034631033	9711.99254842
1639	-176.27808034631033	9718.846310189
1640	-176.27808034631033	9724.30615456
1641	-176.27808034631033	9731.85166146
1642	-176.27808034631033	9736.917148243
1643	-176.27808034631033	9743.668271383
1644	-176.27808034631033	9749.991978511
1645	-176.27808034631033	9755.13715675
1646	-176.27808034631033	9761.497954999
1647	-176.27808034631033	9767.761692826
1648	-176.27808034631033	9772.607389486
1649	-176.27808034631033	9780.387716823
1650	-176.27808034631033	9785.282237772
1651	-176.27808034631033	9791.543880421
1652	-176.27808034631033	9797.287613846
1653	-176.27808034631033	9802.547342639
1654	-176.27808034631033	9808.709768678
1655	-176.27808034631033	9813.010034845
1656	-176.27808034631033	9817.275361517
1657	-176.27808034631033	9822.172517047
1658	-176.27808034631033	9829.020946362
1659	-176.27808034631033	9836.731122159
1660	-176.27808034631033	9846.070815531
1661	-176.27808034631033	9853.01237093
1662	-176.27808034631033	9858.774210581
1663	-176.27808034631033	9864.053692035
1664	-176.27808034631033	9870.223476713
1665	-176.27808034631033	9878.279940746
1666	-176.27808034631033	9885.240082758
1667	-176.27808034631033	9890.918448286
1668	-176.27808034631033	9896.994408678
1669	-176.27808034631033	9902.81023829
1670	-176.27808034631033	9909.252786681
1671	-176.27808034631033	9915.906469935
1672	-176.27808034631033	9923.754809159
1673	-176.27808034631033	9931.432105002
1674	-176.27808034631033	9938.258366314
1675	-176.27808034631033	9944.994219658
1676	-176.27808034631033	9951.469725263
1677	-176.27808034631033	9958.248325198
1678	-176.27808034631033	9964.381038426
1679	-176.27808034631033	9970.969345514
1680	-176.27808034631033	9977.301185319
1681	-176.27808034631033	9984.070696646
1682	-176.27808034631033	9990.644432996
1683	-176.27808034631033	9998.158173532
1684	-176.27808034631033	10003.922190184
1685	-176.27808034631033	10010.733186261
1686	-176.27808034631033	10016.690616431
1687	-176.27808034631033	10023.032700057
1688	-176.27808034631033	10029.442714603
1689	-176.27808034631033	10036.826115342
1690	-176.27808034631033	10043.747662347
1691	-176.27808034631033	10050.559143945
1692	-176.27808034631033	10057.427311381
1693	-176.27808034631033	10064.888584659
1694	-176.27808034631033	10071.785740474
1695	-176.27808034631033	10079.546132117
1696	-176.27808034631033	10087.964672774
1697	-176.27808034631033	10096.049078025
1698	-176.27808034631033	10103.381890011
1699	-176.27808034631033	10111.3145156
1700	-176.27808034631033	10117.89994777
1701	-176.27808034631033	10124.887644979
1702	-176.27808034631033	10134.477983384
1703	-176.27808034631033	10141.897930994
1704	-176.27808034631033	10149.236907918
1705	-176.27808034631033	10156.649385416
1706	-176.27808034631033	10163.863556277
1707	-176.27808034631033	10171.231763627
1708	-176.27808034631033	10177.006403279
1709	-176.27808034631033	10183.354832594
1710	-176.27808034631033	10189.612092447
1711	-176.27808034631033	10195.825650919
1712	-176.27808034631033	10202.71189151
1713	-176.27808034631033	10209.449103912
1714	-176.27808034631033	10215.696742596
1715	-176.27808034631033	10223.554200078
1716	-176.27808034631033	10229.789017094
1717	-176.27808034631033	10236.504953846
1718	-176.27808034631033	10242.437811789
1719	-176.27808034631033	10249.295464563
1720	-176.27808034631033	10255.505673431
1721	-176.27808034631033	10262.247254658
1722	-176.27808034631033	10268.170965549
1723	-176.27808034631033	10277.857585776
1724	-176.27808034631033	10283.723057335
1725	-176.27808034631033	10288.813457035
1726	-176.27808034631033	10294.402807578
1727	-176.27808034631033	10300.466105387
1728	-176.27808034631033	10307.347469679
1729	-176.27808034631033	10312.620160977
1730	-176.27808034631033	10320.473920181
1731	-176.27808034631033	10330.011522196
1732	-176.27808034631033	10336.456875086
1733	-176.27808034631033	10342.094204605
1734	-176.27808034631033	10348.856052524
1735	-176.27808034631033	10356.572492187
1736	-176.27808034631033	10362.719566322
1737	-176.27808034631033	10369.111961872
1738	-176.27808034631033	10377.951017198
1739	-176.27808034631033	10391.696184376
1740	-176.27808034631033	10399.075272738
1741	-176.27808034631033	10406.442173774
1742	-176.27808034631033	10411.794922308
1743	-176.27808034631033	10417.443680796
1744	-176.27808034631033	10423.243891084
1745	-176.27808034631033	10431.194285059
1746	-176.27808034631033	10437.143129533
1747	-176.27808034631033	10444.348764019
1748	-176.27808034631033	10450.945457236
1749	-176.27808034631033	10457.001811792
1750	-176.27808034631033	10465.231660422
1751	-176.27808034631033	10471.100425422
1752	-176.27808034631033	10477.223608427
1753	-176.27808034631033	10482.633676001
1754	-176.27808034631033	10489.897574338
1755	-176.27808034631033	10497.537662741
1756	-176.27808034631033	10507.417858705
1757	-176.27808034631033	10514.49062373
1758	-176.27808034631033	10520.266155735
1759	-176.27808034631033	10525.802883072
1760	-176.27808034631033	10532.830140057
1761	-176.27808034631033	10540.906038583
1762	-176.27808034631033	10549.831159849
1763	-176.27808034631033	10556.891771758
1764	-176.27808034631033	10562.20314673
1765	-176.27808034631033	10568.723345283
1766	-176.27808034631033	10575.501879645
1767	-176.27808034631033	10583.571122011
1768	-176.27808034631033	10592.300726883
1769	-176.27808034631033	10602.63943382
1770	-176.27808034631033	10609.681960601
1771	-176.27808034631033	10616.81436678
1772	-176.27808034631033	10624.376204321
1773	-176.27808034631033	10631.083821372
1774	-176.27808034631033	10638.683235555
1775	-176.27808034631033	10646.141104774
1776	-176.27808034631033	10651.871816678
1777	-176.27808034631033	10658.652296257
1778	-176.27808034631033	10664.282894636
1779	-176.27808034631033	10670.635397987
1780	-176.27808034631033	10677.988823627
1781	-176.27808034631033	10684.076133161
1782	-176.27808034631033	10689.889633246
1783	-176.27808034631033	10696.878623939
1784	-176.27808034631033	10703.380295463
1785	-176.27808034631033	10709.637159886
1786	-176.27808034631033	10716.366286651
1787	-176.27808034631033	10722.0767025
1788	-176.27808034631033	10727.943449868
1789	-176.27808034631033	10734.842192818
1790	-176.27808034631033	10743.093349884
1791	-176.27808034631033	10749.757146669
1792	-176.27808034631033	10757.281152978
1793	-176.27808034631033	10763.549895683
1794	-176.27808034631033	10769.21816507
1795	-176.27808034631033	10776.652296257
1796	-176.27808034631033	10782.534080497
1797	-176.27808034631033	10790.595959947
1798	-176.27808034631033	10797.029967972
1799	-176.27808034631033	10802.827188162
1800	-176.27808034631033	10808.434442228
1801	-176.27808034631033	10815.255451768
1802	-176.27808034631033	10823.494425783
1803	-176.27808034631033	10829.820575907
1804	-176.27808034631033	10836.500455585
1805	-176.27808034631033	10842.644308694
1806	-176.27808034631033	10848.745042591
1807	-176.27808034631033	10854.085920541
1808	-176.27808034631033	10862.328563185
1809	-176.27808034631033	10868.266300279
1810	-176.27808034631033	10873.470380702
1811	-176.27808034631033	10879.051762213
1812	-176.27808034631033	10887.343752869
1813	-176.27808034631033	10894.427459347
1814	-176.27808034631033	10900.345271296
1815	-176.27808034631033	10908.577159225
1816	-176.27808034631033	10915.515930081
1817	-176.27808034631033	10921.941531165
1818	-176.27808034631033	10928.634640769
1819	-176.27808034631033	10935.038872122
1820	-176.27808034631033	10941.916090248
1821	-176.27808034631033	10949.317164722
1822	-176.27808034631033	10955.660840899
1823	-176.27808034631033	10961.875278611
1824	-176.27808034631033	10970.239952754
1825	-176.27808034631033	10977.137718962
1826	-176.27808034631033	10983.245946348
1827	-176.27808034631033	10989.391995559
1828	-176.27808034631033	10996.179375056
1829	-176.27808034631033	11004.65253916
1830	-176.27808034631033	11011.557238927
1831	-176.27808034631033	11018.770430194
1832	-176.27808034631033	11026.509387674
1833	-176.27808034631033	11034.189868052
1834	-176.27808034631033	11041.268278852
1835	-176.27808034631033	11049.380274936
1836	-176.27808034631033	11056.418867948
1837	-176.27808034631033	11064.226542931
1838	-176.27808034631033	11070.586117828
1839	-176.27808034631033	11078.746185545
1840	-176.27808034631033	11086.572169172
1841	-176.27808034631033	11095.171016582
1842	-176.27808034631033	11100.771968293
1843	-176.27808034631033	11106.72908229
1844	-176.27808034631033	11116.071390287
1845	-176.27808034631033	11122.137456387
1846	-176.27808034631033	11130.287942848
1847	-176.27808034631033	11138.817942752
1848	-176.27808034631033	11146.552776018
1849	-176.27808034631033	11152.852471991
1850	-176.27808034631033	11158.817303564
1851	-176.27808034631033	11165.021518837
1852	-176.27808034631033	11175.906503861
1853	-176.27808034631033	11183.45349184
1854	-176.27808034631033	11189.986707637
1855	-176.27808034631033	11197.450695608
1856	-176.27808034631033	11204.150213338
1857	-176.27808034631033	11211.059411081
1858	-176.27808034631033	11217.992639651
1859	-176.27808034631033	11225.120820407
1860	-176.27808034631033	11232.701006507
1861	-176.27808034631033	11238.851363534
1862	-176.27808034631033	11247.223635226
1863	-176.27808034631033	11255.164564552
1864	-176.27808034631033	11262.009307847
1865	-176.27808034631033	11268.401090154
1866	-176.27808034631033	11274.461467999
1867	-176.27808034631033	11280.519502916
1868	-176.27808034631033	11286.795983439
1869	-176.27808034631033	11292.805529057
1870	-176.27808034631033	11300.729741149
1871	-176.27808034631033	11307.325679999
1872	-176.27808034631033	11313.829646269
1873	-176.27808034631033	11318.766151173
1874	-176.27808034631033	11327.152811427
1875	-176.27808034631033	11334.726814628
1876	-176.27808034631033	11341.248200325
1877	-176.27808034631033	11347.596337416
1878	-176.27808034631033	11355.248689837
1879	-176.27808034631033	11362.790002104
1880	-176.27808034631033	11369.629474241
1881	-176.27808034631033	11377.14335647
1882	-176.27808034631033	11384.377222403
1883	-176.27808034631033	11389.333667562
1884	-176.27808034631033	11394.440017015
1885	-176.27808034631033	11400.110356776
1886	-176.27808034631033	11406.843610891
1887	-176.27808034631033	11414.627377068
1888	-176.27808034631033	11422.111319834
1889	-176.27808034631033	11428.948718746
1890	-176.27808034631033	11436.676315395
1891	-176.27808034631033	11442.894732206
1892	-176.27808034631033	11453.035431856
1893	-176.27808034631033	11458.724998845
1894	-176.27808034631033	11464.461374772
1895	-176.27808034631033	11470.193085941
1896	-176.27808034631033	11476.153316049
1897	-176.27808034631033	11483.203944431
1898	-176.27808034631033	11490.811551447
1899	-176.27808034631033	11497.55250147
1900	-176.27808034631033	11506.701620891
1901	-176.27808034631033	11516.804912678
1902	-176.27808034631033	11523.51544171
1903	-176.27808034631033	11529.710576643
1904	-176.27808034631033	11537.309472804
1905	-176.27808034631033	11542.88613311
1906	-176.27808034631033	11553.362909392
1907	-176.27808034631033	11563.707962018
1908	-176.27808034631033	11569.920018315
1909	-176.27808034631033	11575.928479139
1910	-176.27808034631033	11582.084060854
1911	-176.27808034631033	11589.27379662
1912	-176.27808034631033	11594.166709621
1913	-176.27808034631033	11601.117952616
1914	-176.27808034631033	11608.043997881
1915	-176.27808034631033	11614.218302772
1916	-176.27808034631033	11621.120619128
1917	-176.27808034631033	11629.001993398
1918	-176.27808034631033	11635.685430231
1919	-176.27808034631033	11643.98895078
1920	-176.27808034631033	11649.493125741
1921	-176.27808034631033	11658.035362578
1922	-176.27808034631033	11668.40959973
1923	-176.27808034631033	11678.096690081
1924	-176.27808034631033	11686.719398685
1925	-176.27808034631033	11698.651289009
1926	-176.27808034631033	11711.292785221
1927	-176.27808034631033	11721.982238456
1928	-176.27808034631033	11730.177087153
1929	-176.27808034631033	11743.310356035
1930	-176.27808034631033	11753.439372695
1931	-176.27808034631033	11764.29137285
1932	-176.27808034631033	11775.051439198
1933	-176.27808034631033	11789.807973194
1934	-176.27808034631033	11805.078666248
1935	-176.27808034631033	11817.290630173
1936	-176.27808034631033	11831.263527711
1937	-176.27808034631033	11845.086242416
1938	-176.27808034631033	11855.693554356
1939	-176.27808034631033	11870.342669215
1940	-176.27808034631033	11879.624996793
1941	-176.27808034631033	11891.000880665
1942	-176.27808034631033	11903.348440719
1943	-176.27808034631033	11916.994656712
1944	-176.27808034631033	11927.82687142
1945	-176.27808034631033	11941.368729363
1946	-176.27808034631033	11955.612322235
1947	-176.27808034631033	11968.877894091
1948	-176.27808034631033	11982.8764649
1949	-176.27808034631033	11994.190721917
1950	-176.27808034631033	12006.996379268
1951	-176.27808034631033	12019.61988985
1952	-176.27808034631033	12032.503677466
1953	-176.27808034631033	12045.479937153
1954	-176.27808034631033	12056.946966825
1955	-176.27808034631033	12069.09371994
1956	-176.27808034631033	12081.674476804
1957	-176.27808034631033	12096.935362521
1958	-176.27808034631033	12110.050291968
1959	-176.27808034631033	12122.78259956
1960	-176.27808034631033	12138.099468921
1961	-176.27808034631033	12152.202526929
1962	-176.27808034631033	12166.799177096
1963	-176.27808034631033	12179.08237536
1964	-176.27808034631033	12194.105362447
1965	-176.27808034631033	12205.929106637
1966	-176.27808034631033	12218.076841342
1967	-176.27808034631033	12229.490969267
1968	-176.27808034631033	12242.532365068
1969	-176.27808034631033	12254.017400896
1970	-176.27808034631033	12268.885727417
1971	-176.27808034631033	12283.556526754
1972	-176.27808034631033	12298.415036815
1973	-176.27808034631033	12311.241377098
1974	-176.27808034631033	12326.500790859
1975	-176.27808034631033	12341.595445062
1976	-176.27808034631033	12355.618185825
1977	-176.27808034631033	12367.824521365
1978	-176.27808034631033	12380.341595825
1979	-176.27808034631033	12390.212575743
1980	-176.27808034631033	12402.250479106
1981	-176.27808034631033	12416.003562002
1982	-176.27808034631033	12430.426212617
1983	-176.27808034631033	12445.707834865
1984	-176.27808034631033	12457.014351499
1985	-176.27808034631033	12470.257251585
1986	-176.27808034631033	12484.732724404
1987	-176.27808034631033	12498.865110341
1988	-176.27808034631033	12513.83276466
1989	-176.27808034631033	12530.259215333
1990	-176.27808034631033	12543.269357374
1991	-176.27808034631033	12556.451265802
1992	-176.27808034631033	12569.211633213
1993	-176.27808034631033	12586.635354937
1994	-176.27808034631033	12599.943836174
1995	-176.27808034631033	12613.998995033
1996	-176.27808034631033	12630.034284056
1997	-176.27808034631033	12641.749666294
1998	-176.27808034631033	12656.664967394
1999	-176.27808034631033	12674.554743758
2000	-176.27808034631033	12690.730561088
2001	-176.27808034631033	12705.664093856
2002	-176.27808034631033	12718.905494903
2003	-176.27808034631033	12735.117264677
2004	-176.27808034631033	12748.824701261
2005	-176.27808034631033	12760.869586079
2006	-176.27808034631033	12775.223860453
2007	-176.27808034631033	12789.466516497
2008	-176.27808034631033	12803.437962321
2009	-176.27808034631033	12820.589878258
2010	-176.27808034631033	12832.155215365
2011	-176.27808034631033	12845.040788829
2012	-176.27808034631033	12855.704126038
2013	-176.27808034631033	12868.86510749
2014	-176.27808034631033	12881.435428378
2015	-176.27808034631033	12894.880567731
2016	-176.27808034631033	12907.751037611
2017	-176.27808034631033	12920.626735029
2018	-176.27808034631033	12933.509310983
2019	-176.27808034631033	12946.990292732
2020	-176.27808034631033	12959.692683099
2021	-176.27808034631033	12974.258181286
2022	-176.27808034631033	12987.432587102
2023	-176.27808034631033	13003.256646324
2024	-176.27808034631033	13016.458723655
2025	-176.27808034631033	13033.410566208
2026	-176.27808034631033	13046.330621871
2027	-176.27808034631033	13058.884620955
2028	-176.27808034631033	13072.57681996
2029	-176.27808034631033	13087.014445295
2030	-176.27808034631033	13103.925095322
2031	-176.27808034631033	13120.347382154
2032	-176.27808034631033	13133.469616927
2033	-176.27808034631033	13150.020107322
2034	-176.27808034631033	13167.736207719
2035	-176.27808034631033	13183.04252507
2036	-176.27808034631033	13198.91589068
2037	-176.27808034631033	13212.924970165
2038	-176.27808034631033	13227.120498532
2039	-176.27808034631033	13240.08340513
2040	-176.27808034631033	13254.590464703
2041	-176.27808034631033	13269.653826373
2042	-176.27808034631033	13286.146833513
2043	-176.27808034631033	13298.163394228
2044	-176.27808034631033	13313.02420046
2045	-176.27808034631033	13325.969110309
2046	-176.27808034631033	13338.214356744
2047	-176.27808034631033	13350.801517457
2048	-176.27808034631033	13362.620229115
2049	-176.27808034631033	13373.768736148
2050	-176.27808034631033	13385.67787174
2051	-176.27808034631033	13399.453171106
2052	-176.27808034631033	13417.306672296
2053	-176.27808034631033	13430.43477123
2054	-176.27808034631033	13445.309980847
2055	-176.27808034631033	13460.972111811
2056	-176.27808034631033	13474.515808629
2057	-176.27808034631033	13488.809005815
2058	-176.27808034631033	13505.947029261
2059	-176.27808034631033	13519.892120147
2060	-176.27808034631033	13531.299774945
2061	-176.27808034631033	13543.713447855
2062	-176.27808034631033	13554.910426511
2063	-176.27808034631033	13567.350091716
2064	-176.27808034631033	13578.154990994
2065	-176.27808034631033	13591.029417165
2066	-176.27808034631033	13603.938446415
2067	-176.27808034631033	13616.192284249
2068	-176.27808034631033	13629.089425809
2069	-176.27808034631033	13643.446594773
2070	-176.27808034631033	13657.890038654
2071	-176.27808034631033	13673.13616946
2072	-176.27808034631033	13687.124097027
2073	-176.27808034631033	13700.189853226
2074	-176.27808034631033	13719.258880914
2075	-176.27808034631033	13734.010134629
2076	-176.27808034631033	13746.323168009
2077	-176.27808034631033	13762.529841674
2078	-176.27808034631033	13780.474362366
2079	-176.27808034631033	13798.609663991
2080	-176.27808034631033	13813.885037482
2081	-176.27808034631033	13830.408120361
2082	-176.27808034631033	13847.225465549
2083	-176.27808034631033	13863.230687671
2084	-176.27808034631033	13878.650754167
2085	-176.27808034631033	13893.234484023
2086	-176.27808034631033	13908.494637896
2087	-176.27808034631033	13925.741805314
2088	-176.27808034631033	13943.96686517
2089	-176.27808034631033	13958.895216015
2090	-176.27808034631033	13976.731127576
2091	-176.27808034631033	13991.456333687
2092	-176.27808034631033	14004.464188109
2093	-176.27808034631033	14017.374073791
2094	-176.27808034631033	14034.127842916
2095	-176.27808034631033	14049.579238438
2096	-176.27808034631033	14065.394215325
2097	-176.27808034631033	14080.020665257
2098	-176.27808034631033	14096.343224869
2099	-176.27808034631033	14111.673174196
2100	-176.27808034631033	14128.956903025
2101	-176.27808034631033	14146.294399155
2102	-176.27808034631033	14163.099828144
2103	-176.27808034631033	14177.376489418
2104	-176.27808034631033	14192.851849054
2105	-176.27808034631033	14211.384477551
2106	-176.27808034631033	14227.332116064
2107	-176.27808034631033	14241.029297994
2108	-176.27808034631033	14256.876265332
2109	-176.27808034631033	14274.612566278
2110	-176.27808034631033	14292.894751307
2111	-176.27808034631033	14311.31131168
2112	-176.27808034631033	14327.279710387
2113	-176.27808034631033	14341.29514668
2114	-176.27808034631033	14358.070420672
2115	-176.27808034631033	14374.676739334
2116	-176.27808034631033	14393.507453291
2117	-176.27808034631033	14409.544825518
2118	-176.27808034631033	14425.681907858
2119	-176.27808034631033	14441.630336945
2120	-176.27808034631033	14461.014398254
2121	-176.27808034631033	14477.390104511
2122	-176.27808034631033	14491.495464677
2123	-176.27808034631033	14507.601223408
2124	-176.27808034631033	14523.149920259
2125	-176.27808034631033	14536.999994868
2126	-176.27808034631033	14553.403078706
2127	-176.27808034631033	14569.331703814
2128	-176.27808034631033	14583.529543463
2129	-176.27808034631033	14599.501902452
2130	-176.27808034631033	14615.762489387
2131	-176.27808034631033	14629.270307318
2132	-176.27808034631033	14643.779974387
2133	-176.27808034631033	14662.634824942
2134	-176.27808034631033	14676.708429862
2135	-176.27808034631033	14694.555286012
2136	-176.27808034631033	14706.656096315
2137	-176.27808034631033	14718.394147187
2138	-176.27808034631033	14730.726294041
2139	-176.27808034631033	14741.965463063
2140	-176.27808034631033	14750.912342078
2141	-176.27808034631033	14762.729927317
2142	-176.27808034631033	14773.456682646
2143	-176.27808034631033	14786.011809288
2144	-176.27808034631033	14795.395998321
2145	-176.27808034631033	14807.208294727
2146	-176.27808034631033	14818.366280664
2147	-176.27808034631033	14830.317431002
2148	-176.27808034631033	14842.216482428
2149	-176.27808034631033	14853.010422577
2150	-176.27808034631033	14865.361058828
2151	-176.27808034631033	14878.277943926
2152	-176.27808034631033	14889.705848879
2153	-176.27808034631033	14900.246710408
2154	-176.27808034631033	14915.955875251
2155	-176.27808034631033	14928.009520245
2156	-176.27808034631033	14938.926701559
2157	-176.27808034631033	14950.318755848
2158	-176.27808034631033	14960.724574906
2159	-176.27808034631033	14969.422130028
2160	-176.27808034631033	14980.885646164
2161	-176.27808034631033	14990.92035587
2162	-176.27808034631033	14999.935694659
2163	-176.27808034631033	15012.200590265
2164	-176.27808034631033	15024.545100066
2165	-176.27808034631033	15034.343535625
2166	-176.27808034631033	15045.068505675
2167	-176.27808034631033	15054.965270908
2168	-176.27808034631033	15062.691385623
2169	-176.27808034631033	15074.805921636
2170	-176.27808034631033	15084.956133549
2171	-176.27808034631033	15096.002655109
2172	-176.27808034631033	15110.607959395
2173	-176.27808034631033	15121.01340127
2174	-176.27808034631033	15132.465388938
2175	-176.27808034631033	15144.558037769
2176	-176.27808034631033	15155.820819665
2177	-176.27808034631033	15166.461456025
2178	-176.27808034631033	15180.410444187
2179	-176.27808034631033	15190.644831277
2180	-176.27808034631033	15201.594401607
2181	-176.27808034631033	15211.248548144
2182	-176.27808034631033	15224.24605383
2183	-176.27808034631033	15234.81019467
2184	-176.27808034631033	15249.779435839
2185	-176.27808034631033	15263.314775039
2186	-176.27808034631033	15277.756027093
2187	-176.27808034631033	15289.630777135
2188	-176.27808034631033	15300.895203186
2189	-176.27808034631033	15313.383323193
2190	-176.27808034631033	15327.111032456
2191	-176.27808034631033	15340.69563813
2192	-176.27808034631033	15353.211902059
2193	-176.27808034631033	15365.685724452
2194	-176.27808034631033	15377.216814566
2195	-176.27808034631033	15389.344108955
2196	-176.27808034631033	15400.269277832
2197	-176.27808034631033	15413.170222587
2198	-176.27808034631033	15426.676212475
2199	-176.27808034631033	15440.339962789
2200	-176.27808034631033	15454.164253796
2201	-176.27808034631033	15466.96373566
2202	-176.27808034631033	15477.550369799
2203	-176.27808034631033	15487.410216109
2204	-176.27808034631033	15500.915873289
2205	-176.27808034631033	15515.780258914
2206	-176.27808034631033	15526.473298384
2207	-176.27808034631033	15534.409001311
2208	-176.27808034631033	15545.422856456
2209	-176.27808034631033	15557.357047228
2210	-176.27808034631033	15573.173775181
2211	-176.27808034631033	15584.926374838
2212	-176.27808034631033	15594.780951985
2213	-176.27808034631033	15609.589303502
2214	-176.27808034631033	15621.183036272
2215	-176.27808034631033	15632.935958944
2216	-176.27808034631033	15643.525382187
2217	-176.27808034631033	15654.845385334
2218	-176.27808034631033	15668.385392998
2219	-176.27808034631033	15680.12964587
2220	-176.27808034631033	15689.489349061
2221	-176.27808034631033	15699.160137565
2222	-176.27808034631033	15714.675308717
2223	-176.27808034631033	15727.231510746
2224	-176.27808034631033	15740.780281436
2225	-176.27808034631033	15753.400942474
2226	-176.27808034631033	15768.181063971
2227	-176.27808034631033	15779.393092898
2228	-176.27808034631033	15790.622701477
2229	-176.27808034631033	15805.262997715
2230	-176.27808034631033	15817.037660175
2231	-176.27808034631033	15829.44780729
2232	-176.27808034631033	15840.278398941
2233	-176.27808034631033	15855.03169566
2234	-176.27808034631033	15866.632539889
2235	-176.27808034631033	15876.649680207
2236	-176.27808034631033	15888.883083997
2237	-176.27808034631033	15900.098526106
2238	-176.27808034631033	15911.575815848
2239	-176.27808034631033	15926.946002911
2240	-176.27808034631033	15939.590954499
2241	-176.27808034631033	15954.227647397
2242	-176.27808034631033	15965.274031825
2243	-176.27808034631033	15978.135616941
2244	-176.27808034631033	15991.193770459
2245	-176.27808034631033	16002.394174556
2246	-176.27808034631033	16014.641848307
2247	-176.27808034631033	16028.323529512
2248	-176.27808034631033	16042.270236043
2249	-176.27808034631033	16054.359201991
2250	-176.27808034631033	16066.255570083
2251	-176.27808034631033	16076.699114603
2252	-176.27808034631033	16090.406989666
2253	-176.27808034631033	16100.442733704
2254	-176.27808034631033	16110.991517509
2255	-176.27808034631033	16122.447418988
2256	-176.27808034631033	16137.25259253
2257	-176.27808034631033	16149.115211123
2258	-176.27808034631033	16162.0955993
2259	-176.27808034631033	16175.947225122
2260	-176.27808034631033	16189.304823442
2261	-176.27808034631033	16202.771703723
2262	-176.27808034631033	16215.006217966
2263	-176.27808034631033	16228.298567559
2264	-176.27808034631033	16239.623815066
2265	-176.27808034631033	16250.983266231
2266	-176.27808034631033	16261.769241625
2267	-176.27808034631033	16275.900775407
2268	-176.27808034631033	16288.696813585
2269	-176.27808034631033	16300.132440391
2270	-176.27808034631033	16311.339120898
2271	-176.27808034631033	16326.209974803
2272	-176.27808034631033	16340.176012907
2273	-176.27808034631033	16352.165742857
2274	-176.27808034631033	16364.775656878
2275	-176.27808034631033	16377.047251123
2276	-176.27808034631033	16389.320367216
2277	-176.27808034631033	16399.99725195
2278	-176.27808034631033	16413.120067751
2279	-176.27808034631033	16424.09436711
2280	-176.27808034631033	16435.944692606
2281	-176.27808034631033	16446.913739053
2282	-176.27808034631033	16460.280479294
2283	-176.27808034631033	16470.510871604
2284	-176.27808034631033	16481.735000619
2285	-176.27808034631033	16496.106873746
2286	-176.27808034631033	16509.741564692
2287	-176.27808034631033	16522.667243608
2288	-176.27808034631033	16537.256873546
2289	-176.27808034631033	16547.715793063
2290	-176.27808034631033	16558.414419865
2291	-176.27808034631033	16567.782837901
2292	-176.27808034631033	16580.502705001
2293	-176.27808034631033	16591.442344832
2294	-176.27808034631033	16605.139949561
2295	-176.27808034631033	16618.763499486
2296	-176.27808034631033	16630.214092174
2297	-176.27808034631033	16642.901825134
2298	-176.27808034631033	16657.560764722
2299	-176.27808034631033	16670.122275542
2300	-176.27808034631033	16680.852289814
2301	-176.27808034631033	16690.583189312
2302	-176.27808034631033	16702.124018055
2303	-176.27808034631033	16713.386533101
2304	-176.27808034631033	16724.929096659
2305	-176.27808034631033	16734.497787362
2306	-176.27808034631033	16743.752319977
2307	-176.27808034631033	16754.292168271
2308	-176.27808034631033	16765.49750141
2309	-176.27808034631033	16778.468170059
2310	-176.27808034631033	16791.100372964
2311	-176.27808034631033	16802.946494134
2312	-176.27808034631033	16812.130970715
2313	-176.27808034631033	16825.400912539
2314	-176.27808034631033	16838.367916551
2315	-176.27808034631033	16852.516005916
2316	-176.27808034631033	16864.639755695
2317	-176.27808034631033	16877.053403517
2318	-176.27808034631033	16889.974489235
2319	-176.27808034631033	16901.37701029
2320	-176.27808034631033	16913.392768457
2321	-176.27808034631033	16927.786246236
2322	-176.27808034631033	16940.44949478
2323	-176.27808034631033	16954.393372578
2324	-176.27808034631033	16966.26202753
2325	-176.27808034631033	16978.130747485
2326	-176.27808034631033	16991.435984318
2327	-176.27808034631033	17004.110204249
2328	-176.27808034631033	17013.711605558
2329	-176.27808034631033	17025.149519982
2330	-176.27808034631033	17041.741836675
2331	-176.27808034631033	17052.568932181
2332	-176.27808034631033	17062.061240263
2333	-176.27808034631033	17074.344489845
2334	-176.27808034631033	17090.710045507
2335	-176.27808034631033	17106.626801172
2336	-176.27808034631033	17119.579153194
2337	-176.27808034631033	17129.98477582
2338	-176.27808034631033	17140.94169196
2339	-176.27808034631033	17152.726461108
2340	-176.27808034631033	17165.197104954
2341	-176.27808034631033	17175.288030373
2342	-176.27808034631033	17187.944434878
2343	-176.27808034631033	17199.166290814
2344	-176.27808034631033	17213.678968793
2345	-176.27808034631033	17225.552480658
2346	-176.27808034631033	17236.443460987
2347	-176.27808034631033	17248.262289534
2348	-176.27808034631033	17257.894388094
2349	-176.27808034631033	17270.092657099
2350	-176.27808034631033	17280.741082593
2351	-176.27808034631033	17292.20789388
2352	-176.27808034631033	17303.878421806
2353	-176.27808034631033	17315.668567028
2354	-176.27808034631033	17328.784498306
2355	-176.27808034631033	17341.836734921
2356	-176.27808034631033	17353.288628507
2357	-176.27808034631033	17367.982771018
2358	-176.27808034631033	17378.781582049
2359	-176.27808034631033	17390.073108852
2360	-176.27808034631033	17403.079409211
2361	-176.27808034631033	17415.605580831
2362	-176.27808034631033	17426.989950331
2363	-176.27808034631033	17439.211122319
2364	-176.27808034631033	17451.114484411
2365	-176.27808034631033	17463.58218577
2366	-176.27808034631033	17474.333092807
2367	-176.27808034631033	17485.003711393
2368	-176.27808034631033	17494.42623343
2369	-176.27808034631033	17507.48601143
2370	-176.27808034631033	17522.236644488
2371	-176.27808034631033	17536.272483178
2372	-176.27808034631033	17548.075912496
2373	-176.27808034631033	17557.781418688
2374	-176.27808034631033	17568.944442861
2375	-176.27808034631033	17582.375248961
2376	-176.27808034631033	17598.694794813
2377	-176.27808034631033	17611.707395816
2378	-176.27808034631033	17624.847137541
2379	-176.27808034631033	17637.523736037
2380	-176.27808034631033	17648.949107333
2381	-176.27808034631033	17659.99991276
2382	-176.27808034631033	17674.519876964
2383	-176.27808034631033	17688.554100864
2384	-176.27808034631033	17703.575178656
2385	-176.27808034631033	17714.141279253
2386	-176.27808034631033	17725.875615311
2387	-176.27808034631033	17738.221311686
2388	-176.27808034631033	17751.311861062
2389	-176.27808034631033	17763.83903993
2390	-176.27808034631033	17773.048017464
2391	-176.27808034631033	17784.752307148
2392	-176.27808034631033	17795.887607916
2393	-176.27808034631033	17806.820306776
2394	-176.27808034631033	17818.812999169
2395	-176.27808034631033	17830.069430815
2396	-176.27808034631033	17841.091894179
2397	-176.27808034631033	17854.365745822
2398	-176.27808034631033	17865.366494202
2399	-176.27808034631033	17877.145848788
2400	-176.27808034631033	17892.139359125
2401	-176.27808034631033	17902.944049712
2402	-176.27808034631033	17916.43970968
2403	-176.27808034631033	17929.074424289
2404	-176.27808034631033	17939.867643428
2405	-176.27808034631033	17953.141308333
2406	-176.27808034631033	17965.898426208
2407	-176.27808034631033	17978.220168732
2408	-176.27808034631033	17990.176715956
2409	-176.27808034631033	18001.940385075
2410	-176.27808034631033	18015.234949872
2411	-176.27808034631033	18027.122199706
2412	-176.27808034631033	18037.540515706
2413	-176.27808034631033	18049.883614563
2414	-176.27808034631033	18061.529223014
2415	-176.27808034631033	18072.435306357
2416	-176.27808034631033	18085.474033079
2417	-176.27808034631033	18096.23594372
2418	-176.27808034631033	18109.006433784
2419	-176.27808034631033	18120.834049022
2420	-176.27808034631033	18132.201973271
2421	-176.27808034631033	18144.592186118
2422	-176.27808034631033	18155.941015709
2423	-176.27808034631033	18168.17800545
2424	-176.27808034631033	18180.403585893
2425	-176.27808034631033	18193.908445657
2426	-176.27808034631033	18204.066220053
2427	-176.27808034631033	18215.592580407
2428	-176.27808034631033	18228.476832162
2429	-176.27808034631033	18240.991369258
2430	-176.27808034631033	18257.666444196
2431	-176.27808034631033	18268.440462906
2432	-176.27808034631033	18280.983010214
2433	-176.27808034631033	18293.75079984
2434	-176.27808034631033	18307.147628079
2435	-176.27808034631033	18315.899965161
2436	-176.27808034631033	18329.186234775
2437	-176.27808034631033	18340.264425196
2438	-176.27808034631033	18351.312535887
2439	-176.27808034631033	18362.661531975
2440	-176.27808034631033	18373.87816864
2441	-176.27808034631033	18385.884441914
2442	-176.27808034631033	18396.781179777
2443	-176.27808034631033	18407.950590408
2444	-176.27808034631033	18420.691306081
2445	-176.27808034631033	18432.091438879
2446	-176.27808034631033	18445.133839077
2447	-176.27808034631033	18456.109172198
2448	-176.27808034631033	18468.262360809
2449	-176.27808034631033	18478.890414126
2450	-176.27808034631033	18490.175939067
2451	-176.27808034631033	18504.475143247
2452	-176.27808034631033	18517.274344006
2453	-176.27808034631033	18529.668635167
2454	-176.27808034631033	18543.240545185
2455	-176.27808034631033	18553.403603284
2456	-176.27808034631033	18564.163478332
2457	-176.27808034631033	18577.834593842
2458	-176.27808034631033	18591.510912088
2459	-176.27808034631033	18605.11571774
2460	-176.27808034631033	18617.534476496
2461	-176.27808034631033	18628.921702098
2462	-176.27808034631033	18641.012162524
2463	-176.27808034631033	18653.32414019
2464	-176.27808034631033	18663.5420099
2465	-176.27808034631033	18672.695760722
2466	-176.27808034631033	18685.100637534
2467	-176.27808034631033	18697.409899652
2468	-176.27808034631033	18710.73021498
2469	-176.27808034631033	18725.764089352
2470	-176.27808034631033	18737.600855063
2471	-176.27808034631033	18750.815919133
2472	-176.27808034631033	18764.434075023
2473	-176.27808034631033	18776.427748435
2474	-176.27808034631033	18790.430641029
2475	-176.27808034631033	18803.311009192
2476	-176.27808034631033	18814.680122866
2477	-176.27808034631033	18826.754219578
2478	-176.27808034631033	18838.065046594
2479	-176.27808034631033	18848.13392147
2480	-176.27808034631033	18862.480628799
2481	-176.27808034631033	18875.763983011
2482	-176.27808034631033	18888.040977564
2483	-176.27808034631033	18898.865945961
2484	-176.27808034631033	18912.39634785
2485	-176.27808034631033	18922.383239375
2486	-176.27808034631033	18934.274865734
2487	-176.27808034631033	18946.987696354
2488	-176.27808034631033	18957.745802944
2489	-176.27808034631033	18971.163644543
2490	-176.27808034631033	18981.932812043
2491	-176.27808034631033	18994.940730042
2492	-176.27808034631033	19009.125761708
2493	-176.27808034631033	19022.153511911
2494	-176.27808034631033	19033.745565459
2495	-176.27808034631033	19042.820126595
2496	-176.27808034631033	19053.324732337
2497	-176.27808034631033	19066.606958135
2498	-176.27808034631033	19077.943554783
2499	-176.27808034631033	19087.863282584
2500	-176.27808034631033	19098.787333311
2501	-176.27808034631033	19106.870282001
