1	-28.312045301367252	1.933946352
2	-28.31204530137061	2.444743607
3	-28.31204530137061	2.903278292
4	-28.31204530137061	3.295348216
5	-28.312045301373686	3.613967324
6	-28.312045301373686	3.871163071
7	-28.312045301373686	4.167908271
8	-28.31204530137421	4.713325054
9	-28.31204530137421	4.984723559
10	-28.312045301380188	5.457204699
11	-28.312045301380188	5.884869758
12	-28.31204530138278	6.211706264
13	-28.31204530138278	6.413289245
14	-28.31204530138278	6.633537635
15	-28.31204530138278	6.894707372
16	-28.312045301384057	7.133124527
17	-28.312045301384057	7.302802975
18	-28.312045301384057	7.601232253
19	-28.312045301384057	7.841279602
20	-28.312045301384057	8.112136135
21	-28.312045301384057	8.366598357
22	-28.312045301384057	8.654542562
23	-28.312045301384057	8.86883353
24	-28.312045301384057	9.079052434
25	-28.312045301384057	9.303543376
26	-28.312045301384057	9.482653173
27	-28.312045301384057	9.690892068
28	-28.312045301384057	9.892696571
29	-28.312045301384057	10.163315332
30	-28.31204530138558	10.389855278
31	-28.312045301385808	10.680128169
32	-28.312045301385808	10.924647575
33	-28.312045301385808	11.209034889
34	-28.312045301385808	11.653708078
35	-28.312045301385808	11.950218357
36	-28.312045301385808	12.135582362
37	-28.312045301385808	12.403739296
38	-28.312045301385808	12.56938474
39	-28.312045301385808	12.736643556
40	-28.312045301386352	12.879607692
41	-28.312045301386352	13.041963383
42	-28.312045301386352	13.190250311
43	-28.312045301386352	13.374227026
44	-28.312045301386352	13.559581623
45	-28.312045301386352	13.737214894
46	-28.312045301386352	13.874607918
47	-28.312045301386352	14.012373851
48	-28.312045301386352	14.166065678
49	-28.312045301386352	14.374897578
50	-28.312045301386352	14.565420728
51	-28.312045301386352	14.734610233
52	-28.312045301386352	14.890101318
53	-28.312045301386352	15.046437721
54	-28.312045301386352	15.213229831
55	-28.312045301386352	15.364905156
56	-28.312045301386352	15.61126801
57	-28.312045301386352	15.79962327
58	-28.312045301386352	15.972324905
59	-28.312045301386352	16.126425849
60	-28.312045301386352	16.266326316
61	-28.312045301386352	16.438215704
62	-28.312045301386352	16.604724426
63	-28.312045301386352	16.862962779
64	-28.312045301386352	17.064932924
65	-28.312045301386352	17.26216188
66	-28.312045301386352	17.508678687
67	-28.312045301386352	17.710376564
68	-28.312045301386352	17.877914777
69	-28.312045301386352	18.058066894
70	-28.312045301386352	18.210840134
71	-28.312045301386352	18.373579852
72	-28.312045301386352	18.545498036
73	-28.312045301386352	18.761252985
74	-28.312045301386352	19.099903693
75	-28.312045301386352	19.284930142
76	-28.312045301386352	19.486415905
77	-28.312045301386352	19.657796963
78	-28.312045301386352	19.978419458
79	-28.312045301386352	20.348227171
80	-28.312045301386352	20.670788622
81	-28.312045301386352	20.917194811
82	-28.312045301386352	21.07074409
83	-28.312045301386352	21.214380774
84	-28.312045301386352	21.365997369
85	-28.312045301386352	21.529291319
86	-28.312045301386352	21.690723289
87	-28.312045301386352	21.818744551
88	-28.312045301386352	21.935448252
89	-28.312045301386352	22.094900212
90	-28.312045301386352	22.231536299
91	-28.312045301386352	22.479099989
92	-28.312045301386352	22.648929825
93	-28.312045301386352	22.803048445
94	-28.312045301386352	23.158356326
95	-28.312045301386352	23.290183654
96	-28.312045301386352	23.419667757
97	-28.312045301386352	23.580366739
98	-28.312045301386352	23.698755943
99	-28.31204530138691	23.83595567
100	-28.31204530138691	23.957566489
101	-28.31204530138691	24.07279509
102	-28.31204530138691	24.240721607
103	-28.31204530138691	24.438458608
104	-28.31204530138691	24.594944117
105	-28.31204530138691	24.755262208
106	-28.31204530138691	24.942776142
107	-28.31204530138691	25.113833042
108	-28.31204530138691	25.24584654
109	-28.31204530138691	25.374059673
110	-28.31204530138691	25.507149418
111	-28.31204530138691	25.644580645
112	-28.31204530138691	25.797861931
113	-28.31204530138691	25.928265762
114	-28.31204530138691	26.077082403
115	-28.31204530138691	26.203556149
116	-28.31204530138691	26.32469627
117	-28.31204530138691	26.443962152
118	-28.31204530138691	26.588507731
119	-28.31204530138691	26.721659057
120	-28.31204530138691	26.838262403
121	-28.31204530138691	26.975366337
122	-28.31204530138691	27.101991756
123	-28.31204530138691	27.220246108
124	-28.31204530138691	27.331700573
125	-28.31204530138691	27.459280787
126	-28.31204530138691	27.573555162
127	-28.31204530138691	27.695389784
128	-28.31204530138691	27.843501661
129	-28.31204530138691	27.961666207
130	-28.31204530138691	28.076172938
131	-28.31204530138691	28.192370019
132	-28.31204530138691	28.33374359
133	-28.31204530138691	28.45339179
134	-28.31204530138691	28.57934466
135	-28.31204530138691	28.734820921
136	-28.31204530138691	28.851817133
137	-28.312045301388487	28.996766981
138	-28.312045301388487	29.146465147
139	-28.312045301388487	29.396597861
140	-28.312045301388487	29.556441547
141	-28.312045301388487	29.686790068
142	-28.312045301388487	29.806903549
143	-28.312045301388487	29.924966315
144	-28.312045301388487	30.05295251
145	-28.312045301388487	30.168994782
146	-28.312045301388487	30.304510431
147	-28.312045301388487	30.422280116
148	-28.312045301388487	30.549056067
149	-28.312045301388487	30.687137604
150	-28.312045301388487	30.822958308
151	-28.312045301388487	30.948079547
152	-28.312045301388487	31.067582346
153	-28.312045301388487	31.183752913
154	-28.312045301388487	31.299388349
155	-28.312045301388487	31.415250439
156	-28.312045301388487	31.545852413
157	-28.312045301388487	31.674955054
158	-28.312045301388487	31.822609918
159	-28.312045301388487	31.956369645
160	-28.312045301388487	32.107201078
161	-28.312045301388487	32.239118212
162	-28.312045301388487	32.370672131
163	-28.312045301388487	32.501438322
164	-28.312045301388487	32.629011694
165	-28.312045301388487	32.81453564
166	-28.312045301388487	32.926286607
167	-28.312045301388487	33.05175424
168	-28.312045301388487	33.165018511
169	-28.312045301388487	33.277139537
170	-28.312045301388487	33.398594976
171	-28.312045301388487	33.524529031
172	-28.312045301388487	33.638444467
173	-28.312045301388487	33.750059443
174	-28.312045301388487	33.859305248
175	-28.312045301388487	33.968490613
176	-28.312045301388487	34.084135743
177	-28.312045301388487	34.195824274
178	-28.312045301388487	34.314898855
179	-28.312045301388487	34.433961462
180	-28.312045301388487	34.556672477
181	-28.312045301388487	34.687349717
182	-28.312045301388487	34.830803653
183	-28.312045301388487	34.959198393
184	-28.312045301388487	35.08219137
185	-28.312045301388487	35.204317077
186	-28.312045301388487	35.319832202
187	-28.312045301388487	35.438683551
188	-28.312045301388487	35.567566381
189	-28.312045301388487	35.696053778
190	-28.312045301388487	35.814240277
191	-28.312045301388487	35.946282285
192	-28.312045301388487	36.190628066
193	-28.312045301388487	36.309776488
194	-28.312045301388487	36.420911642
195	-28.312045301388487	36.543900628
196	-28.312045301388487	36.65614225
197	-28.312045301388487	36.775224529
198	-28.312045301388487	36.935318247
199	-28.312045301388487	37.053938951
200	-28.312045301388487	37.167916824
201	-28.312045301388487	37.280477186
202	-28.312045301388487	37.448720733
203	-28.312045301388487	37.560869699
204	-28.312045301388487	37.681147396
205	-28.312045301388487	37.797818311
206	-28.312045301388487	37.95736635
207	-28.312045301388487	38.074985787
208	-28.312045301388487	38.198244761
209	-28.312045301388487	38.308129473
210	-28.312045301388487	38.418574974
211	-28.312045301388487	38.532887838
212	-28.312045301388487	38.656896336
213	-28.312045301388487	38.786070536
214	-28.312045301388487	38.895499375
215	-28.312045301388487	39.01154735
216	-28.312045301388487	39.130959488
217	-28.312045301388487	39.253092037
218	-28.312045301388487	39.369450769
219	-28.312045301388487	39.485400384
220	-28.312045301388487	39.602677988
221	-28.312045301388487	39.727185979
222	-28.312045301388487	39.84886066
223	-28.312045301388487	39.990869146
224	-28.312045301388487	40.137393309
225	-28.312045301388487	40.253751185
226	-28.312045301388487	40.381184573
227	-28.312045301388487	40.501549511
228	-28.312045301388487	40.633354031
229	-28.312045301388487	40.771633712
230	-28.312045301388487	40.931134424
231	-28.312045301388487	41.068892089
232	-28.312045301388487	41.201048991
233	-28.312045301388487	41.334188059
234	-28.312045301388487	41.48848401
235	-28.312045301388487	41.62167297
236	-28.312045301388487	41.7543
237	-28.312045301388487	41.938546989
238	-28.312045301388487	42.049742584
239	-28.312045301388487	42.162696668
240	-28.312045301388487	42.27557349
241	-28.312045301388487	42.386689543
242	-28.312045301388487	42.527592416
243	-28.312045301388487	42.643288863
244	-28.312045301388487	42.756437384
245	-28.312045301388487	42.907043019
246	-28.312045301388487	43.01719829
247	-28.312045301388487	43.136495533
248	-28.312045301388487	43.249014841
249	-28.312045301388487	43.358664632
250	-28.312045301388487	43.472842359
251	-28.312045301388487	43.586953658
252	-28.312045301388487	43.707775894
253	-28.312045301388487	43.82368588
254	-28.312045301388487	43.945827267
255	-28.312045301388487	44.117593778
256	-28.312045301388487	44.245499575
257	-28.312045301388487	44.367951435
258	-28.312045301388487	44.483821222
259	-28.312045301388487	44.600623852
260	-28.312045301388487	44.731862167
261	-28.312045301388487	44.844560232
262	-28.312045301388487	44.961040416
263	-28.312045301388487	45.075911788
264	-28.312045301388487	45.194035565
265	-28.312045301388487	45.31313381
266	-28.312045301388487	45.448231504
267	-28.312045301388487	45.561929695
268	-28.312045301388487	45.682015522
269	-28.312045301388487	45.806003208
270	-28.312045301394164	45.942442862
271	-28.312045301394164	46.12274266
272	-28.312045301394164	46.272014889
273	-28.312045301394164	46.410260357
274	-28.312045301394164	46.545709294
275	-28.312045301394164	46.674903166
276	-28.312045301394164	46.801095235
277	-28.312045301394164	46.964655181
278	-28.312045301394164	47.199665408
279	-28.312045301394164	47.335047631
280	-28.312045301394164	47.479635404
281	-28.312045301394164	47.592998034
282	-28.312045301394164	47.709696318
283	-28.312045301394164	47.815769261
284	-28.312045301394164	47.931071417
285	-28.312045301394164	48.040979222
286	-28.312045301394164	48.162308934
287	-28.312045301394164	48.296159892
288	-28.312045301394164	48.417223606
289	-28.312045301394164	48.533595168
290	-28.312045301394164	48.654083838
291	-28.312045301394164	48.770741638
292	-28.312045301394164	48.890392404
293	-28.312045301394164	49.014166266
294	-28.312045301394164	49.137219969
295	-28.312045301394164	49.258518604
296	-28.312045301394164	49.376588783
297	-28.312045301394164	49.525058459
298	-28.312045301394164	49.694942179
299	-28.312045301394164	49.853605842
300	-28.312045301394164	49.98323563
301	-28.312045301394164	50.098597371
302	-28.312045301394164	50.218068525
303	-28.312045301394164	50.334406444
304	-28.312045301394164	50.481706075
305	-28.312045301394164	50.626002478
306	-28.312045301394164	50.77424379
307	-28.312045301394164	50.922857441
308	-28.312045301394164	51.080777851
309	-28.312045301394164	51.242464985
310	-28.312045301394164	51.439411123
311	-28.312045301394164	51.554509433
312	-28.312045301394164	51.668974825
313	-28.312045301394164	51.782926184
314	-28.312045301394164	51.907478935
315	-28.312045301394164	52.029047274
316	-28.312045301394164	52.169331198
317	-28.312045301394164	52.549632821
318	-28.312045301394164	52.70675296
319	-28.312045301394164	52.877424977
320	-28.312045301394164	53.021179407
321	-28.312045301394164	53.163537424
322	-28.312045301394164	53.314020181
323	-28.312045301394164	53.450267394
324	-28.312045301394164	53.589986822
325	-28.312045301394164	53.72729061
326	-28.312045301394164	53.858849661
327	-28.312045301394164	53.984993833
328	-28.312045301394164	54.10732139
329	-28.312045301394164	54.267390874
330	-28.312045301394164	54.421197311
331	-28.312045301394164	54.547003356
332	-28.312045301394164	54.71202757
333	-28.312045301394164	54.915592272
334	-28.312045301394164	55.139597976
335	-28.312045301394164	55.260872094
336	-28.312045301394164	55.384633981
337	-28.312045301394164	55.517750241
338	-28.312045301394164	55.639207961
339	-28.312045301394164	55.774379497
340	-28.312045301394164	55.974136707
341	-28.312045301394164	56.154977622
342	-28.312045301394164	56.352009574
343	-28.312045301394164	56.49809326
344	-28.312045301394164	56.62700574
345	-28.312045301394164	56.75378112
346	-28.312045301394164	56.906971459
347	-28.312045301394164	57.257721183
348	-28.312045301394164	57.398751211
349	-28.312045301394164	57.541683701
350	-28.312045301394164	57.724315036
351	-28.312045301394164	57.890161759
352	-28.312045301394164	58.044270401
353	-28.312045301394164	58.186019447
354	-28.312045301394164	58.323644256
355	-28.312045301394164	58.464010003
356	-28.312045301394164	58.63562085
357	-28.312045301394164	58.80249906
358	-28.312045301394164	59.01592789
359	-28.312045301394164	59.169148735
360	-28.312045301394164	59.31018589
361	-28.312045301394164	59.472516491
362	-28.312045301394164	59.610923326
363	-28.312045301394164	59.733511463
364	-28.312045301394164	59.863705176
365	-28.312045301394164	60.007321333
366	-28.312045301394164	60.138179896
367	-28.312045301394164	60.263606475
368	-28.312045301394164	60.377624261
369	-28.312045301394164	60.493386281
370	-28.312045301394164	60.612118174
371	-28.312045301394164	60.77626799
372	-28.312045301394164	60.928031126
373	-28.312045301394164	61.068062737
374	-28.312045301394164	61.195318224
375	-28.312045301394164	61.345414958
376	-28.312045301394164	61.494318839
377	-28.312045301394164	61.629107487
378	-28.312045301394164	61.744480062
379	-28.312045301394164	61.861592025
380	-28.312045301394164	61.985346785
381	-28.312045301394164	62.108620869
382	-28.312045301394164	62.324889282
383	-28.312045301394164	62.473461308
384	-28.312045301394164	62.610438088
385	-28.312045301394164	62.772167416
386	-28.312045301394164	62.920162688
387	-28.312045301394164	63.056860927
388	-28.312045301394164	63.212340038
389	-28.312045301394164	63.470123088
390	-28.312045301394164	63.597873791
391	-28.312045301394164	63.737460649
392	-28.312045301394164	63.890315997
393	-28.312045301394164	64.058601739
394	-28.312045301394164	64.198359941
395	-28.312045301394164	64.344405138
396	-28.312045301394164	64.454816712
397	-28.312045301394164	64.58576052
398	-28.312045301394164	64.717732393
399	-28.312045301394164	64.875419593
400	-28.312045301394164	65.049558695
401	-28.312045301394164	65.198686949
402	-28.312045301394164	65.326807995
403	-28.312045301394164	65.467348223
404	-28.312045301394164	65.625170845
405	-28.312045301394164	65.770884187
406	-28.312045301394164	65.92002413
407	-28.312045301394164	66.106539934
408	-28.312045301394164	66.252456552
409	-28.312045301394164	66.412443643
410	-28.312045301394164	66.555908697
411	-28.312045301394164	66.69170859
412	-28.312045301394164	66.828152235
413	-28.312045301394164	66.990830942
414	-28.312045301394164	67.383809761
415	-28.312045301394164	68.202219892
416	-28.312045301394164	68.421892382
417	-28.312045301394164	68.6218905
418	-28.312045301394164	68.839747482
419	-28.312045301394164	68.98285987
420	-28.312045301394164	69.139435185
421	-28.312045301394164	69.258051043
422	-28.312045301394164	69.384905965
423	-28.312045301394164	69.495932497
424	-28.312045301394164	69.611120044
425	-28.312045301394164	69.75011076
426	-28.312045301394164	69.866607195
427	-28.312045301394164	69.979756286
428	-28.312045301394164	70.089285195
429	-28.312045301394164	70.200021781
430	-28.312045301394164	70.310752381
431	-28.312045301394164	70.424429474
432	-28.312045301394164	70.575937447
433	-28.312045301394164	70.710321825
434	-28.312045301394164	70.85588606
435	-28.312045301394164	71.030144334
436	-28.312045301394164	71.15346717
437	-28.312045301394164	71.280176407
438	-28.312045301394164	71.39515013
439	-28.312045301394164	71.514358137
440	-28.312045301394164	71.656674814
441	-28.312045301394164	71.816409878
442	-28.312045301394164	71.942723399
443	-28.312045301394164	72.068279697
444	-28.312045301394164	72.195443952
445	-28.312045301394164	72.330951619
446	-28.312045301394164	72.473212987
447	-28.312045301394164	72.603876828
448	-28.312045301394164	72.720670335
449	-28.312045301394164	72.855372598
450	-28.312045301394164	72.97811982
451	-28.312045301394164	73.10261156
452	-28.312045301394164	73.235494039
453	-28.312045301394164	73.359642805
454	-28.312045301394164	73.480912076
455	-28.312045301394164	73.605503031
456	-28.312045301394164	73.782280435
457	-28.312045301394164	73.923805394
458	-28.312045301394164	74.052884941
459	-28.312045301394164	74.168885304
460	-28.312045301394164	74.294006542
461	-28.312045301394164	74.411823268
462	-28.312045301394164	74.531842381
463	-28.312045301394164	74.645265737
464	-28.312045301394164	74.776865557
465	-28.312045301394164	74.904393313
466	-28.312045301394164	75.040682149
467	-28.312045301394164	75.192004807
468	-28.312045301394164	75.303935387
469	-28.312045301394164	75.425324684
470	-28.312045301394164	75.551182047
471	-28.312045301394164	75.685823299
472	-28.312045301394164	75.804528392
473	-28.312045301394164	75.939365222
474	-28.312045301394164	76.077331579
475	-28.312045301394164	76.192506296
476	-28.312045301394164	76.306467633
477	-28.312045301394164	76.43148481
478	-28.312045301394164	76.575385781
479	-28.312045301394164	76.695875877
480	-28.312045301394164	76.824156008
481	-28.312045301394164	76.985261255
482	-28.312045301394164	77.123820903
483	-28.312045301394164	77.272965122
484	-28.312045301394164	77.418527933
485	-28.312045301394164	77.558290411
486	-28.312045301394164	77.708255145
487	-28.312045301394164	77.860214143
488	-28.312045301394164	78.075751277
489	-28.312045301394164	78.235627465
490	-28.312045301394164	78.360603588
491	-28.312045301394164	78.484096913
492	-28.312045301394164	78.601768809
493	-28.312045301394164	78.728179833
494	-28.312045301394164	78.853368069
495	-28.312045301394164	78.973159103
496	-28.312045301394164	79.104030781
497	-28.312045301394164	79.240509779
498	-28.312045301394164	79.348661661
499	-28.312045301394164	79.504098007
500	-28.312045301394164	79.637583184
501	-28.312045301394164	79.770332522
502	-28.312045301394164	79.888854296
503	-28.312045301394164	80.01780555
504	-28.312045301394164	80.147890925
505	-28.312045301394164	80.306311684
506	-28.312045301394164	80.433065682
507	-28.312045301394164	80.547929927
508	-28.312045301394164	80.674961896
509	-28.312045301394164	80.804612496
510	-28.312045301394164	80.977317837
511	-28.312045301394164	81.10564615
512	-28.312045301394164	81.23272288
513	-28.312045301394164	81.364768023
514	-28.312045301394164	81.490310067
515	-28.312045301394164	81.62366695
516	-28.312045301394164	81.750276973
517	-28.312045301394164	81.871735264
518	-28.312045301394164	82.001425778
519	-28.312045301394164	82.131258556
520	-28.312045301394164	82.277237896
521	-28.312045301394164	82.418300424
522	-28.312045301394164	82.54574208
523	-28.312045301394164	82.683894322
524	-28.312045301394164	82.821375726
525	-28.312045301394164	82.940283239
526	-28.312045301394164	83.06562771
527	-28.312045301394164	83.198961214
528	-28.312045301394164	83.310478971
529	-28.312045301394164	83.426572561
530	-28.312045301394164	83.597429322
531	-28.312045301394164	83.746619157
532	-28.312045301394164	83.870709764
533	-28.312045301394164	83.989722479
534	-28.312045301394164	84.098666935
535	-28.312045301394164	84.229607322
536	-28.312045301394164	84.35036427
537	-28.312045301394164	84.476346506
538	-28.312045301394164	84.602122901
539	-28.312045301394164	84.724606692
540	-28.312045301394164	84.845366206
541	-28.312045301394164	84.970153594
542	-28.312045301394164	85.115042431
543	-28.312045301394164	85.251307034
544	-28.312045301394164	85.358495283
545	-28.312045301394164	85.475667971
546	-28.312045301394164	85.588992969
547	-28.312045301394164	85.718328535
548	-28.312045301394164	85.847396678
549	-28.312045301394164	85.98750042
550	-28.312045301394164	86.116784954
551	-28.312045301394164	86.261218488
552	-28.312045301394164	86.378583048
553	-28.312045301394164	86.5298159
554	-28.312045301394164	86.652539459
555	-28.312045301394164	86.909667067
556	-28.312045301394164	87.116177123
557	-28.312045301394164	87.282119925
558	-28.312045301394164	87.427499417
559	-28.312045301394164	87.568199585
560	-28.312045301394164	87.70646558
561	-28.312045301394164	87.90143741
562	-28.312045301394164	88.016530018
563	-28.312045301394164	88.164035206
564	-28.312045301394164	88.29064637
565	-28.312045301394164	88.411118504
566	-28.312045301394164	88.527383724
567	-28.312045301394164	88.650297728
568	-28.312045301394164	88.775294663
569	-28.312045301394164	88.891874061
570	-28.312045301394164	89.012969137
571	-28.312045301394164	89.132703721
572	-28.312045301394164	89.25088965
573	-28.312045301394164	89.381196547
574	-28.312045301394164	89.515426972
575	-28.312045301394164	89.630354223
576	-28.312045301394164	89.757523895
577	-28.312045301394164	89.874841699
578	-28.312045301394164	89.993863251
579	-28.312045301394164	90.148953488
580	-28.312045301394164	90.262202079
581	-28.312045301394164	90.394379223
582	-28.312045301394164	90.501243885
583	-28.312045301394164	90.609993334
584	-28.312045301394164	90.753186975
585	-28.312045301394164	90.910290008
586	-28.312045301394164	91.04340085
587	-28.312045301394164	91.170548854
588	-28.312045301394164	91.300601444
589	-28.312045301394164	91.420351139
590	-28.312045301394164	91.552685657
591	-28.312045301394164	91.68205572
592	-28.312045301394164	91.809639356
593	-28.312045301394164	91.942852263
594	-28.312045301394164	92.064722807
595	-28.312045301394164	92.184593098
596	-28.312045301394164	92.334312362
597	-28.312045301394164	92.454992903
598	-28.312045301394164	92.578877669
599	-28.312045301394164	92.691536676
600	-28.312045301394164	92.815095003
601	-28.312045301394164	92.93246555
602	-28.312045301394164	93.041209867
603	-28.312045301394164	93.249205857
604	-28.312045301394164	93.422165506
605	-28.312045301394164	93.535042613
606	-28.312045301394164	93.649518839
607	-28.312045301394164	93.78650075
608	-28.312045301394164	93.912056479
609	-28.312045301394164	94.024475432
610	-28.312045301394164	94.146865426
611	-28.312045301394164	94.270844559
612	-28.312045301394164	94.390838868
613	-28.312045301394164	94.513119669
614	-28.312045301394164	94.634419445
615	-28.312045301394164	94.744868082
616	-28.312045301394164	94.884947305
617	-28.312045301394164	95.028482494
618	-28.312045301394164	95.149389689
619	-28.312045301394164	95.272476178
620	-28.312045301394164	95.391935643
621	-28.312045301394164	95.524935867
622	-28.312045301394164	95.646302071
623	-28.312045301394164	95.777258708
624	-28.312045301394164	95.899308293
625	-28.312045301394164	96.033480558
626	-28.312045301394164	96.166571158
627	-28.312045301394164	96.295540088
628	-28.312045301394164	96.512176562
629	-28.312045301394164	96.657264113
630	-28.312045301394164	96.78816202
631	-28.312045301394164	96.929194898
632	-28.312045301394164	97.073088456
633	-28.312045301394164	97.205303518
634	-28.312045301394164	97.428646653
635	-28.312045301394164	97.546820323
636	-28.312045301394164	97.674833032
637	-28.312045301394164	97.799596186
638	-28.312045301394164	97.920714354
639	-28.312045301394164	98.069508187
640	-28.312045301394164	98.182526703
641	-28.312045301394164	98.300704934
642	-28.312045301394164	98.423928841
643	-28.312045301394164	98.531141894
644	-28.312045301394164	98.642518527
645	-28.312045301394164	98.748810711
646	-28.312045301394164	98.864808507
647	-28.312045301394164	98.989693399
648	-28.312045301394164	99.112692078
649	-28.312045301394164	99.234683218
650	-28.312045301394164	99.399296604
651	-28.312045301394164	99.515942145
652	-28.312045301394164	99.65031626
653	-28.312045301394164	99.774132031
654	-28.312045301394164	99.907211513
655	-28.312045301394164	100.034805981
656	-28.312045301394164	100.196008163
657	-28.312045301394164	100.330156194
658	-28.312045301394164	100.46294459
659	-28.312045301394164	100.590839552
660	-28.312045301394164	100.738508386
661	-28.312045301394164	100.877549565
662	-28.312045301394164	101.003106719
663	-28.312045301394164	101.12352212
664	-28.312045301394164	101.248584057
665	-28.312045301394164	101.374841414
666	-28.312045301394164	101.503722247
667	-28.312045301394164	101.628699226
668	-28.312045301394164	101.750162933
669	-28.312045301394164	101.908440858
670	-28.312045301394164	102.033798443
671	-28.312045301394164	102.172353529
672	-28.312045301394164	102.289423582
673	-28.312045301394164	102.402894549
674	-28.312045301394164	102.529230307
675	-28.312045301394164	102.63900155
676	-28.312045301394164	102.75013756
677	-28.312045301394164	102.93065945
678	-28.312045301394164	103.070161633
679	-28.312045301394164	103.18838377
680	-28.312045301394164	103.315033422
681	-28.312045301394164	103.4223799
682	-28.312045301394164	103.622403107
683	-28.312045301394164	103.748281282
684	-28.312045301394164	103.869795168
685	-28.312045301394164	104.01912242
686	-28.312045301394164	104.143852503
687	-28.312045301394164	104.260382864
688	-28.312045301394164	104.387323032
689	-28.312045301394164	104.503995942
690	-28.312045301394164	104.627808292
691	-28.312045301394164	104.754920374
692	-28.312045301394164	104.870810689
693	-28.312045301394164	105.042175211
694	-28.312045301394164	105.152936601
695	-28.312045301394164	105.287299597
696	-28.312045301394164	105.408762449
697	-28.312045301394164	105.538096875
698	-28.312045301394164	105.658922817
699	-28.312045301394164	105.783770646
700	-28.312045301394164	105.899907
701	-28.312045301394164	106.040249655
702	-28.312045301394164	106.211660078
703	-28.312045301394164	106.370994578
704	-28.312045301394164	106.560460297
705	-28.312045301394164	106.68587034
706	-28.312045301394164	106.818770495
707	-28.312045301394164	106.951518406
708	-28.312045301394164	107.151273621
709	-28.312045301394164	107.269755767
710	-28.312045301394164	107.383172281
711	-28.312045301394164	107.497151864
712	-28.312045301394164	107.629816242
713	-28.312045301394164	107.739316641
714	-28.312045301394164	107.867940031
715	-28.312045301394164	107.994866514
716	-28.312045301394164	108.114284924
717	-28.312045301394164	108.230597184
718	-28.312045301394164	108.345787297
719	-28.312045301394164	108.456511339
720	-28.312045301394164	108.591173118
721	-28.312045301394164	108.724742969
722	-28.312045301394164	108.835819108
723	-28.312045301394164	108.950591836
724	-28.312045301394164	109.077382327
725	-28.312045301394164	109.193912402
726	-28.312045301394164	109.312503456
727	-28.312045301394164	109.449590569
728	-28.312045301394164	109.585017268
729	-28.312045301394164	109.698696643
730	-28.312045301394164	109.821963314
731	-28.312045301394164	109.944435131
732	-28.312045301394164	110.082845957
733	-28.312045301394164	110.192462106
734	-28.312045301394164	110.310693935
735	-28.312045301394164	110.427155017
736	-28.312045301394164	110.601659901
737	-28.312045301394164	110.721949573
738	-28.312045301394164	110.856105301
739	-28.312045301394164	110.976868237
740	-28.312045301394164	111.105669528
741	-28.312045301394164	111.232065157
742	-28.312045301394164	111.34783573
743	-28.312045301394164	111.460256395
744	-28.312045301394164	111.603696646
745	-28.312045301394164	111.721821278
746	-28.312045301394164	111.831170575
747	-28.312045301394164	111.963395901
748	-28.312045301394164	112.10080375
749	-28.312045301394164	112.221988916
750	-28.312045301394164	112.329966318
751	-28.312045301394164	112.459908289
752	-28.312045301394164	112.614825186
753	-28.312045301394164	112.741359658
754	-28.312045301394164	112.86676742
755	-28.312045301394164	112.980325913
756	-28.312045301394164	113.100735611
757	-28.312045301394164	113.232706059
758	-28.312045301394164	113.369171372
759	-28.312045301394164	113.483449454
760	-28.312045301394164	113.594383328
761	-28.312045301394164	113.718437157
762	-28.312045301394164	113.833373817
763	-28.312045301394164	113.955868156
764	-28.312045301394164	114.076765658
765	-28.312045301394164	114.200815781
766	-28.312045301394164	114.321215501
767	-28.312045301394164	114.440724002
768	-28.312045301394164	114.586180185
769	-28.312045301394164	114.734150939
770	-28.312045301394164	114.849503557
771	-28.312045301394164	114.979748303
772	-28.312045301394164	115.092594905
773	-28.312045301394164	115.244727243
774	-28.312045301394164	115.364476653
775	-28.312045301394164	115.483394145
776	-28.312045301394164	115.611150549
777	-28.312045301394164	115.783677704
778	-28.312045301394164	115.940363067
779	-28.312045301394164	116.126397624
780	-28.312045301394164	116.270853967
781	-28.312045301394164	116.398999817
782	-28.312045301394164	116.524953543
783	-28.312045301394164	116.733806825
784	-28.312045301394164	116.852868292
785	-28.312045301394164	116.966939962
786	-28.312045301394164	117.076340576
787	-28.312045301394164	117.1951905
788	-28.312045301394164	117.330473223
789	-28.312045301394164	117.445331481
790	-28.312045301394164	117.586287097
791	-28.312045301394164	117.707389585
792	-28.312045301394164	117.833591632
793	-28.312045301394164	117.951501015
794	-28.312045301394164	118.066416008
795	-28.312045301394164	118.182321717
796	-28.312045301394164	118.307136189
797	-28.312045301394164	118.429202596
798	-28.312045301394164	118.54116197
799	-28.312045301394164	118.656166198
800	-28.312045301394164	118.800146711
801	-28.312045301394164	118.961570699
802	-28.312045301394164	119.070539104
803	-28.312045301394164	119.188488686
804	-28.312045301394164	119.302343967
805	-28.312045301394164	119.415735392
806	-28.312045301394164	119.549088283
807	-28.312045301394164	119.668709968
808	-28.312045301394164	119.7996227
809	-28.312045301394164	119.921835647
810	-28.312045301394164	120.054580708
811	-28.312045301394164	120.206050762
812	-28.312045301394164	120.344900355
813	-28.312045301394164	120.4595197
814	-28.312045301394164	120.583998611
815	-28.312045301394164	120.705349704
816	-28.312045301394164	120.83118711
817	-28.312045301394164	120.948116039
818	-28.312045301394164	121.072264521
819	-28.312045301394164	121.197445345
820	-28.312045301394164	121.32377255
821	-28.312045301394164	121.438909634
822	-28.312045301394164	121.598745338
823	-28.312045301394164	121.717479796
824	-28.312045301394164	121.829788131
825	-28.312045301394164	121.977320403
826	-28.312045301394164	122.091898979
827	-28.312045301394164	122.214792171
828	-28.312045301394164	122.342954272
829	-28.312045301394164	122.460349622
830	-28.312045301394164	122.573365002
831	-28.312045301394164	122.699333838
832	-28.312045301394164	122.828346958
833	-28.312045301394164	122.980712792
834	-28.312045301394164	123.092242238
835	-28.312045301394164	123.21595965
836	-28.312045301394164	123.341314669
837	-28.312045301394164	123.465351677
838	-28.312045301394164	123.581523669
839	-28.312045301394164	123.709405803
840	-28.312045301394164	123.838554344
841	-28.312045301394164	123.959524831
842	-28.312045301394164	124.07573075
843	-28.312045301394164	124.202645829
844	-28.312045301394164	124.340050827
845	-28.312045301394164	124.460265233
846	-28.312045301394164	124.585663587
847	-28.312045301394164	124.703001632
848	-28.312045301394164	124.822014632
849	-28.312045301394164	124.943471497
850	-28.312045301394164	125.078546955
851	-28.312045301394164	125.244760599
852	-28.312045301394164	125.386120486
853	-28.312045301394164	125.535854574
854	-28.312045301394164	125.702511262
855	-28.312045301394164	125.886611711
856	-28.312045301394164	126.021960577
857	-28.312045301394164	126.223988028
858	-28.312045301394164	126.348803925
859	-28.312045301394164	126.469191386
860	-28.312045301394164	126.57772473
861	-28.312045301394164	126.701361745
862	-28.312045301394164	126.823346613
863	-28.312045301394164	126.945326064
864	-28.312045301394164	127.062152357
865	-28.312045301394164	127.191429193
866	-28.312045301394164	127.329501607
867	-28.312045301394164	127.437141738
868	-28.312045301394164	127.559029387
869	-28.312045301394164	127.67342664
870	-28.312045301394164	127.798961841
871	-28.312045301394164	127.912023978
872	-28.312045301394164	128.038857518
873	-28.312045301394164	128.159666639
874	-28.312045301394164	128.283834508
875	-28.312045301394164	128.430408848
876	-28.312045301394164	128.57542712
877	-28.312045301394164	128.704871309
878	-28.312045301394164	128.839054407
879	-28.312045301394164	128.961143621
880	-28.312045301394164	129.081433293
881	-28.312045301394164	129.215847321
882	-28.312045301394164	129.363785003
883	-28.312045301394164	129.495469497
884	-28.312045301394164	129.641220758
885	-28.312045301394164	129.794802823
886	-28.312045301394164	129.94295775
887	-28.312045301394164	130.150913541
888	-28.312045301394164	130.29050325
889	-28.312045301394164	130.433449425
890	-28.312045301394164	130.586020815
891	-28.312045301394164	130.71064085
892	-28.312045301394164	130.857682467
893	-28.312045301394164	130.993299326
894	-28.312045301394164	131.13099427
895	-28.312045301394164	131.266332017
896	-28.312045301394164	131.404448622
897	-28.312045301394164	131.531400478
898	-28.312045301394164	131.688097531
899	-28.312045301394164	131.858649807
900	-28.312045301394164	131.993875511
901	-28.312045301394164	132.112159513
902	-28.312045301394164	132.251648868
903	-28.312045301394164	132.382575284
904	-28.312045301394164	132.509955644
905	-28.312045301394164	132.654693949
906	-28.312045301394164	132.79326272
907	-28.312045301394164	132.913559519
908	-28.312045301394164	133.05353297
909	-28.312045301394164	133.197672283
910	-28.312045301394164	133.323517102
911	-28.312045301394164	133.456005289
912	-28.312045301394164	133.576233379
913	-28.312045301394164	133.716785011
914	-28.312045301394164	133.875492009
915	-28.312045301394164	133.9993782
916	-28.312045301394164	134.139915861
917	-28.312045301394164	134.256056778
918	-28.312045301394164	134.371219235
919	-28.312045301394164	134.520987251
920	-28.312045301394164	134.636091263
921	-28.312045301394164	134.786868242
922	-28.312045301394164	134.914128861
923	-28.312045301394164	135.059922316
924	-28.312045301394164	135.201199524
925	-28.312045301394164	135.342315365
926	-28.312045301394164	135.493460122
927	-28.312045301394164	135.641085906
928	-28.312045301394164	135.781143177
929	-28.312045301394164	135.941415651
930	-28.312045301394164	136.165508025
931	-28.312045301394164	136.336632494
932	-28.312045301394164	136.470440973
933	-28.312045301394164	136.591066491
934	-28.312045301394164	136.699441605
935	-28.312045301394164	136.827698644
936	-28.312045301394164	136.951111286
937	-28.312045301394164	137.065677887
938	-28.312045301394164	137.19118743
939	-28.312045301394164	137.30372698
940	-28.312045301394164	137.463503953
941	-28.312045301394164	137.594089392
942	-28.312045301394164	137.714720041
943	-28.312045301394164	137.837115451
944	-28.312045301394164	137.979321796
945	-28.312045301394164	138.092264475
946	-28.312045301394164	138.22753665
947	-28.312045301394164	138.375365995
948	-28.312045301394164	138.50114182
949	-28.312045301394164	138.622905166
950	-28.312045301394164	138.745488456
951	-28.312045301394164	138.904817824
952	-28.312045301394164	139.023143166
953	-28.312045301394164	139.137886244
954	-28.312045301394164	139.276871544
955	-28.312045301394164	139.392220456
956	-28.312045301394164	139.523341595
957	-28.312045301394164	139.653327186
958	-28.312045301394164	139.781272612
959	-28.312045301394164	139.896169928
960	-28.312045301394164	140.006553562
961	-28.312045301394164	140.117110536
962	-28.312045301394164	140.292337004
963	-28.312045301394164	140.411022996
964	-28.312045301394164	140.531980369
965	-28.312045301394164	140.650592805
966	-28.312045301394164	140.786060843
967	-28.312045301394164	140.902133621
968	-28.312045301394164	141.040646512
969	-28.312045301394164	141.157777006
970	-28.312045301394164	141.294430199
971	-28.312045301394164	141.417107856
972	-28.312045301394164	141.581213197
973	-28.312045301394164	141.716004696
974	-28.312045301394164	141.834071738
975	-28.312045301394164	141.952824443
976	-28.312045301394164	142.065092295
977	-28.312045301394164	142.182481658
978	-28.312045301394164	142.304595961
979	-28.312045301394164	142.423100915
980	-28.312045301394164	142.544827769
981	-28.312045301394164	142.657551493
982	-28.312045301394164	142.796388541
983	-28.312045301394164	143.145175931
984	-28.312045301394164	143.369218413
985	-28.312045301394164	143.565164995
986	-28.312045301394164	143.753787963
987	-28.312045301394164	143.941655989
988	-28.312045301394164	144.099028155
989	-28.312045301394164	144.267114043
990	-28.312045301394164	144.484616933
991	-28.312045301394164	144.840586812
992	-28.312045301394164	145.064793511
993	-28.312045301394164	145.257196887
994	-28.312045301394164	145.554380284
995	-28.312045301394164	145.860383206
996	-28.312045301394164	146.058972367
997	-28.312045301394164	146.229613309
998	-28.312045301394164	146.401908393
999	-28.312045301394164	146.584774079
1000	-28.312045301394164	146.749844763
1001	-28.312045301394164	146.914879526
1002	-28.312045301394164	147.118404599
1003	-28.312045301394164	147.290131481
1004	-28.312045301394164	147.465768777
1005	-28.312045301394164	147.65342526
1006	-28.312045301394164	147.873346926
1007	-28.312045301394164	148.102122901
1008	-28.312045301394164	148.297797784
1009	-28.312045301394164	148.533489681
1010	-28.312045301394164	148.730413581
1011	-28.312045301394164	148.948344974
1012	-28.312045301394164	149.174208095
1013	-28.312045301394164	149.396243198
1014	-28.312045301394164	149.588324127
1015	-28.312045301394164	149.802407544
1016	-28.312045301394164	149.915483649
1017	-28.312045301394164	150.029208925
1018	-28.312045301394164	150.153359973
1019	-28.312045301394164	150.337318727
1020	-28.312045301394164	150.474272984
1021	-28.312045301394164	150.633646257
1022	-28.312045301394164	150.772517803
1023	-28.312045301394164	150.944321947
1024	-28.312045301394164	151.097076085
1025	-28.312045301394164	151.352846909
1026	-28.312045301394164	151.470719514
1027	-28.312045301394164	151.589706855
1028	-28.312045301394164	151.696484562
1029	-28.312045301394164	151.850164701
1030	-28.312045301394164	151.961967842
1031	-28.312045301394164	152.078082244
1032	-28.312045301394164	152.201846127
1033	-28.312045301394164	152.316992049
1034	-28.312045301394164	152.453825995
1035	-28.312045301394164	152.576385907
1036	-28.312045301394164	152.6974596
1037	-28.312045301394164	152.821045012
1038	-28.312045301394164	152.94619533
1039	-28.312045301394164	153.063021053
1040	-28.312045301394164	153.189965782
1041	-28.312045301394164	153.307190073
1042	-28.312045301394164	153.436295565
1043	-28.312045301394164	153.556109407
1044	-28.312045301394164	153.737102565
1045	-28.312045301394164	153.86467223
1046	-28.312045301394164	153.997887134
1047	-28.312045301394164	154.127240376
1048	-28.312045301394164	154.238015736
1049	-28.312045301394164	154.346468967
1050	-28.312045301394164	154.462545451
1051	-28.312045301394164	154.589260106
1052	-28.312045301394164	154.715107205
1053	-28.312045301394164	154.916604372
1054	-28.312045301394164	155.100883007
1055	-28.312045301394164	155.26693272
1056	-28.312045301394164	155.46298935
1057	-28.312045301394164	155.655852305
1058	-28.312045301394164	155.841454653
1059	-28.312045301394164	155.996262642
1060	-28.312045301394164	156.149614917
1061	-28.312045301394164	156.28323238
1062	-28.312045301394164	156.464113209
1063	-28.312045301394164	156.649242293
1064	-28.312045301394164	156.81702227
1065	-28.312045301394164	157.005071334
1066	-28.312045301394164	157.191243879
1067	-28.312045301394164	157.324417158
1068	-28.312045301394164	157.484341242
1069	-28.312045301394164	157.647072692
1070	-28.312045301394164	157.844620388
1071	-28.312045301394164	157.961491727
1072	-28.312045301394164	158.086016254
1073	-28.312045301394164	158.206607275
1074	-28.312045301394164	158.339853254
1075	-28.312045301394164	158.471134333
1076	-28.312045301394164	158.596995687
1077	-28.312045301394164	158.770570579
1078	-28.312045301394164	158.904396449
1079	-28.312045301394164	159.105258986
1080	-28.312045301394164	159.25026956
1081	-28.312045301394164	159.379333998
1082	-28.312045301394164	159.51416484
1083	-28.312045301394164	159.684984539
1084	-28.312045301394164	159.882453832
1085	-28.312045301394164	160.109507811
1086	-28.312045301394164	160.34195215
1087	-28.312045301394164	160.547740336
1088	-28.312045301394164	160.776018529
1089	-28.312045301394164	161.018517156
1090	-28.312045301394164	161.255309819
1091	-28.312045301394164	161.47098209
1092	-28.312045301394164	161.679914345
1093	-28.312045301394164	161.940289512
1094	-28.312045301394164	162.126019299
1095	-28.312045301394164	162.319869265
1096	-28.312045301394164	162.484661978
1097	-28.312045301394164	162.65595266
1098	-28.312045301394164	162.853797143
1099	-28.312045301394164	163.0387603
1100	-28.312045301394164	163.209191123
1101	-28.312045301394164	163.390301457
1102	-28.312045301394164	163.562817493
1103	-28.312045301394164	163.743602244
1104	-28.312045301394164	163.907594115
1105	-28.312045301394164	164.081445267
1106	-28.312045301394164	164.263450526
1107	-28.312045301394164	164.444134352
1108	-28.312045301394164	164.616891295
1109	-28.312045301394164	164.799179942
1110	-28.312045301394164	164.982505492
1111	-28.312045301394164	165.169874311
1112	-28.312045301394164	165.401433704
1113	-28.312045301394164	165.568109779
1114	-28.312045301394164	165.76223401
1115	-28.312045301394164	165.965586599
1116	-28.312045301394164	166.143249234
1117	-28.312045301394164	166.399155765
1118	-28.312045301394164	166.58976359
1119	-28.312045301394164	166.769399109
1120	-28.312045301394164	166.946290268
1121	-28.312045301394164	167.133783675
1122	-28.312045301394164	167.314265081
1123	-28.312045301394164	167.449362776
1124	-28.312045301394164	167.625247537
1125	-28.312045301394164	167.794864404
1126	-28.312045301394164	167.976264398
1127	-28.312045301394164	168.166923825
1128	-28.312045301394164	168.339790532
1129	-28.312045301394164	168.505474464
1130	-28.312045301394164	168.686365271
1131	-28.312045301394164	168.882126254
1132	-28.312045301394164	169.04668148
1133	-28.312045301394164	169.208561626
1134	-28.312045301394164	169.363203117
1135	-28.312045301394164	169.533131312
1136	-28.312045301394164	169.719389957
1137	-28.312045301394164	169.873572725
1138	-28.312045301394164	170.048711952
1139	-28.312045301394164	170.204816
1140	-28.312045301394164	170.370351965
1141	-28.312045301394164	170.548263492
1142	-28.312045301394164	170.716215099
1143	-28.312045301394164	170.890663818
1144	-28.312045301394164	171.101785629
1145	-28.312045301394164	171.271017614
1146	-28.312045301394164	171.448952804
1147	-28.312045301394164	171.621972894
1148	-28.312045301394164	171.797268641
1149	-28.312045301394164	171.996631274
1150	-28.312045301394164	172.178088573
1151	-28.312045301394164	172.329932391
1152	-28.312045301394164	172.504734918
1153	-28.312045301394164	172.717924835
1154	-28.312045301394164	172.896979037
1155	-28.312045301394164	173.102724459
1156	-28.312045301394164	173.261535233
1157	-28.312045301394164	173.368174952
1158	-28.312045301394164	173.541452201
1159	-28.312045301394164	173.717609231
1160	-28.312045301394164	173.903776074
1161	-28.312045301394164	174.064851956
1162	-28.312045301394164	174.233770332
1163	-28.312045301394164	174.410635832
1164	-28.312045301394164	174.594252183
1165	-28.312045301394164	174.846039609
1166	-28.312045301394164	175.049651067
1167	-28.312045301394164	175.219044132
1168	-28.312045301394164	175.405634062
1169	-28.312045301394164	175.590508553
1170	-28.312045301394164	175.827840337
1171	-28.312045301394164	175.986365442
1172	-28.312045301394164	176.113146525
1173	-28.312045301394164	176.237553876
1174	-28.312045301394164	176.400392809
1175	-28.312045301394164	176.562855411
1176	-28.312045301394164	176.726638875
1177	-28.312045301394164	176.837182164
1178	-28.312045301394164	176.958866539
1179	-28.312045301394164	177.092459198
1180	-28.312045301394164	177.251772886
1181	-28.312045301394164	177.440837186
1182	-28.312045301394164	177.561834758
1183	-28.312045301394164	177.681815382
1184	-28.312045301394164	177.83959695
1185	-28.312045301394164	177.95983787
1186	-28.312045301394164	178.078805824
1187	-28.312045301394164	178.204985348
1188	-28.312045301394164	178.3685892
1189	-28.312045301394164	178.513618591
1190	-28.312045301394164	178.629987586
1191	-28.312045301394164	178.766880547
1192	-28.312045301394164	178.884931624
1193	-28.312045301394164	178.993291914
1194	-28.312045301394164	179.115071511
1195	-28.312045301394164	179.227252122
1196	-28.312045301394164	179.348959304
1197	-28.312045301394164	179.477984113
1198	-28.312045301394164	179.609698827
1199	-28.312045301394164	179.745381544
1200	-28.312045301394164	179.878420827
1201	-28.312045301394164	180.008168646
1202	-28.312045301394164	180.155215109
1203	-28.312045301394164	180.277310881
1204	-28.312045301394164	180.447391033
1205	-28.312045301394164	180.581124531
1206	-28.312045301394164	180.702788949
1207	-28.312045301394164	180.878987033
1208	-28.312045301394164	181.052411107
1209	-28.312045301394164	181.231171088
1210	-28.312045301394164	181.358926067
1211	-28.312045301394164	181.501929547
1212	-28.312045301394164	181.648206245
1213	-28.312045301394164	181.845910744
1214	-28.312045301394164	181.961665922
1215	-28.312045301394164	182.133090885
1216	-28.312045301394164	182.322620182
1217	-28.312045301394164	182.511776854
1218	-28.312045301394164	182.710462378
1219	-28.312045301394164	182.879420098
1220	-28.312045301394164	183.036323276
1221	-28.312045301394164	183.197132877
1222	-28.312045301394164	183.358808321
1223	-28.312045301394164	183.510294911
1224	-28.312045301394164	183.693028027
1225	-28.312045301394164	183.869900939
1226	-28.312045301394164	184.015687837
1227	-28.312045301394164	184.187601459
1228	-28.312045301394164	184.364504307
1229	-28.312045301394164	184.577699641
1230	-28.312045301394164	184.788461944
1231	-28.312045301394164	184.945231411
1232	-28.312045301394164	185.136136024
1233	-28.312045301394164	185.303766039
1234	-28.312045301394164	185.462923207
1235	-28.312045301394164	185.615705855
1236	-28.312045301394164	185.845928991
1237	-28.312045301394164	186.019606803
1238	-28.312045301394164	186.213549426
1239	-28.312045301394164	186.393131346
1240	-28.312045301394164	186.630595417
1241	-28.312045301394164	186.89808465
1242	-28.312045301394164	187.065804756
1243	-28.312045301394164	187.254934629
1244	-28.312045301394164	187.447497945
1245	-28.312045301394164	187.643630411
1246	-28.312045301394164	187.828888075
1247	-28.312045301394164	187.992050879
1248	-28.312045301394164	188.173779592
1249	-28.312045301394164	188.387008283
1250	-28.312045301394164	188.551819528
1251	-28.312045301394164	188.726806513
1252	-28.312045301394164	188.899439439
1253	-28.312045301394164	189.079615504
1254	-28.312045301394164	189.264873453
1255	-28.312045301394164	189.442645852
1256	-28.312045301394164	189.605371885
1257	-28.312045301394164	189.784949243
1258	-28.312045301394164	189.969668356
1259	-28.312045301394164	190.156314735
1260	-28.312045301394164	190.379478258
1261	-28.312045301394164	190.575264614
1262	-28.312045301394164	190.740415126
1263	-28.312045301394164	190.941537673
1264	-28.312045301394164	191.132928379
1265	-28.312045301394164	191.334505659
1266	-28.312045301394164	191.537365312
1267	-28.312045301394164	191.720052241
1268	-28.312045301394164	191.907736664
1269	-28.312045301394164	192.073742472
1270	-28.312045301394164	192.233089802
1271	-28.312045301394164	192.407332965
1272	-28.312045301394164	192.610916198
1273	-28.312045301394164	192.782482285
1274	-28.312045301394164	192.968014213
1275	-28.312045301394164	193.131282504
1276	-28.312045301394164	193.321884342
1277	-28.312045301394164	193.479670756
1278	-28.312045301394164	193.663463298
1279	-28.312045301394164	193.848188397
1280	-28.312045301394164	194.044275248
1281	-28.312045301394164	194.235661106
1282	-28.312045301394164	194.553366473
1283	-28.312045301394164	194.757180066
1284	-28.312045301394164	194.942441151
1285	-28.312045301394164	195.116944324
1286	-28.312045301394164	195.288378695
1287	-28.312045301394164	195.498248068
1288	-28.312045301394164	195.711911535
1289	-28.312045301394164	195.934941061
1290	-28.312045301394164	196.116584814
1291	-28.312045301394164	196.317056197
1292	-28.312045301394164	196.501607101
1293	-28.312045301394164	196.665796545
1294	-28.312045301394164	196.842814858
1295	-28.312045301394164	197.061398842
1296	-28.312045301394164	197.273995469
1297	-28.312045301394164	197.498941428
1298	-28.312045301394164	197.680910764
1299	-28.312045301394164	197.890950342
1300	-28.312045301394164	198.119903363
1301	-28.312045301394164	198.319583026
1302	-28.312045301394164	198.517422662
1303	-28.312045301394164	198.72120632
1304	-28.312045301394164	198.923132561
1305	-28.312045301394164	199.149513137
1306	-28.312045301394164	199.38191414
1307	-28.312045301394164	199.679748702
1308	-28.312045301394164	199.875845531
1309	-28.312045301394164	200.161229265
1310	-28.312045301394164	200.379217392
1311	-28.312045301394164	200.636974214
1312	-28.312045301394164	200.851833383
1313	-28.312045301394164	201.015259334
1314	-28.312045301394164	201.218378427
1315	-28.312045301394164	201.406725705
1316	-28.312045301394164	201.595874394
1317	-28.312045301394164	201.772968258
1318	-28.312045301394164	201.952667354
1319	-28.312045301394164	202.125784662
1320	-28.312045301394164	202.320532119
1321	-28.312045301394164	202.496144041
1322	-28.312045301394164	202.631994681
1323	-28.312045301394164	202.752495325
1324	-28.312045301394164	202.877225693
1325	-28.312045301394164	202.999312627
1326	-28.312045301394164	203.211905548
1327	-28.312045301394164	203.34296539
1328	-28.312045301394164	203.519282931
1329	-28.312045301394164	203.689347403
1330	-28.312045301394164	203.842711367
1331	-28.312045301394164	204.010765609
1332	-28.312045301394164	204.154104365
1333	-28.312045301394164	204.307524494
1334	-28.312045301394164	204.428559128
1335	-28.312045301394164	204.561331273
1336	-28.312045301394164	204.686503829
1337	-28.312045301394164	204.815720224
1338	-28.312045301394164	204.931735127
1339	-28.312045301394164	205.076596025
1340	-28.312045301394164	205.228105422
1341	-28.312045301394164	205.399671794
1342	-28.312045301394164	205.536060415
1343	-28.312045301394164	205.694269346
1344	-28.312045301394164	205.866168998
1345	-28.312045301394164	206.01084059
1346	-28.312045301394164	206.131504596
1347	-28.312045301394164	206.246052952
1348	-28.312045301394164	206.369928024
1349	-28.312045301394164	206.484402253
1350	-28.312045301394164	206.624978974
1351	-28.312045301394164	206.732291526
1352	-28.312045301394164	206.878453898
1353	-28.312045301394164	207.004148755
1354	-28.312045301394164	207.19556683
1355	-28.312045301394164	207.314935918
1356	-28.312045301394164	207.431499065
1357	-28.312045301394164	207.553666112
1358	-28.312045301394164	207.674008526
1359	-28.312045301394164	207.798233985
1360	-28.312045301394164	207.961184391
1361	-28.312045301394164	208.08155446
1362	-28.312045301394164	208.201767725
1363	-28.312045301394164	208.312464113
1364	-28.312045301394164	208.437873586
1365	-28.312045301394164	208.559396594
1366	-28.312045301394164	208.677150028
1367	-28.312045301394164	208.791096825
1368	-28.312045301394164	208.926610194
1369	-28.312045301394164	209.100535187
1370	-28.312045301394164	209.236921527
1371	-28.312045301394164	209.390355626
1372	-28.312045301394164	209.520569296
1373	-28.312045301394164	209.676768281
1374	-28.312045301394164	209.803758911
1375	-28.312045301394164	209.931008981
1376	-28.312045301394164	210.112685235
1377	-28.312045301394164	210.254193658
1378	-28.312045301394164	210.404133873
1379	-28.312045301394164	210.549504242
1380	-28.312045301394164	210.69293765
1381	-28.312045301394164	210.865734793
1382	-28.312045301394164	211.129596716
1383	-28.312045301394164	211.245410624
1384	-28.312045301394164	211.379886519
1385	-28.312045301394164	211.498990465
1386	-28.312045301394164	211.610514209
1387	-28.312045301394164	211.737496856
1388	-28.312045301394164	211.871842461
1389	-28.312045301394164	211.982275417
1390	-28.312045301394164	212.087995123
1391	-28.312045301394164	212.198020104
1392	-28.312045301394164	212.372791554
1393	-28.312045301394164	212.500713031
1394	-28.312045301394164	212.60940261
1395	-28.312045301394164	212.739436382
1396	-28.312045301394164	212.864727539
1397	-28.312045301394164	212.984385717
1398	-28.312045301394164	213.105695472
1399	-28.312045301394164	213.226864673
1400	-28.312045301394164	213.483099923
1401	-28.312045301394164	213.599178402
1402	-28.312045301394164	213.728251963
1403	-28.312045301394164	213.887472423
1404	-28.312045301394164	214.042165233
1405	-28.312045301394164	214.171883971
1406	-28.312045301394164	214.349737053
1407	-28.312045301394164	214.494434019
1408	-28.312045301394164	214.623181712
1409	-28.312045301394164	214.742103195
1410	-28.312045301394164	214.856603654
1411	-28.312045301394164	214.977951897
1412	-28.312045301394164	215.107520959
1413	-28.312045301394164	215.233932838
1414	-28.312045301394164	215.392919518
1415	-28.312045301394164	215.512707701
1416	-28.312045301394164	215.628660452
1417	-28.312045301394164	215.820531549
1418	-28.312045301394164	215.966754933
1419	-28.312045301394164	216.132696309
1420	-28.312045301394164	216.28837784
1421	-28.312045301394164	216.454046091
1422	-28.312045301394164	216.580142366
1423	-28.312045301394164	216.743397828
1424	-28.312045301394164	217.00676596
1425	-28.312045301394164	217.178200046
1426	-28.312045301394164	217.313983974
1427	-28.312045301394164	217.48969796
1428	-28.312045301394164	217.656711877
1429	-28.312045301394164	217.816658199
1430	-28.312045301394164	218.003751613
1431	-28.312045301394164	218.149170733
1432	-28.312045301394164	218.284480826
1433	-28.312045301394164	218.442610214
1434	-28.312045301394164	218.561888356
1435	-28.312045301394164	218.699531411
1436	-28.312045301394164	218.821570163
1437	-28.312045301394164	218.966007119
1438	-28.312045301394164	219.100701114
1439	-28.312045301394164	219.267213828
1440	-28.312045301394164	219.427542181
1441	-28.312045301394164	219.589857102
1442	-28.312045301394164	219.756694543
1443	-28.312045301394164	219.902019011
1444	-28.312045301394164	220.026763919
1445	-28.312045301394164	220.153619697
1446	-28.312045301394164	220.274714773
1447	-28.312045301394164	220.42271033
1448	-28.312045301394164	220.677579957
1449	-28.312045301394164	220.854724854
1450	-28.312045301394164	221.025197872
1451	-28.312045301394164	221.202667782
1452	-28.312045301394164	221.37210076
1453	-28.312045301394164	221.482882963
1454	-28.312045301394164	221.656538822
1455	-28.312045301394164	221.810176766
1456	-28.312045301394164	221.972432672
1457	-28.312045301394164	222.096675807
1458	-28.312045301394164	222.232732003
1459	-28.312045301394164	222.376671747
1460	-28.312045301394164	222.58557321
1461	-28.312045301394164	222.719476912
1462	-28.312045301394164	222.841945593
1463	-28.312045301394164	222.964022547
1464	-28.312045301394164	223.083333761
1465	-28.312045301394164	223.211597926
1466	-28.312045301394164	223.406815511
1467	-28.312045301394164	223.529589532
1468	-28.312045301394164	223.665994689
1469	-28.312045301394164	223.804295467
1470	-28.312045301394164	223.975870677
1471	-28.312045301394164	224.117534478
1472	-28.312045301394164	224.2433314
1473	-28.312045301394164	224.371067563
1474	-28.312045301394164	224.497460626
1475	-28.312045301394164	224.613415373
1476	-28.312045301394164	224.746619728
1477	-28.312045301394164	224.861433225
1478	-28.312045301394164	225.022636261
1479	-28.312045301394164	225.151861209
1480	-28.312045301394164	225.270275787
1481	-28.312045301394164	225.400089749
1482	-28.312045301394164	225.513101993
1483	-28.312045301394164	225.630646164
1484	-28.312045301394164	225.763900981
1485	-28.312045301394164	225.893159001
1486	-28.312045301394164	226.026637335
1487	-28.312045301394164	226.169760272
1488	-28.312045301394164	226.313304013
1489	-28.312045301394164	226.436245387
1490	-28.312045301394164	226.556542757
1491	-28.312045301394164	226.684629591
1492	-28.312045301394164	226.803272818
1493	-28.312045301394164	226.931431497
1494	-28.312045301394164	227.053213375
1495	-28.312045301394164	227.190672827
1496	-28.312045301394164	227.30611183
1497	-28.312045301394164	227.437599891
1498	-28.312045301394164	227.557767255
1499	-28.312045301394164	227.699780588
1500	-28.312045301394164	227.823161584
1501	-28.312045301394164	227.941107745
1502	-28.312045301394164	228.074138759
1503	-28.312045301394164	228.227443138
1504	-28.312045301394164	228.349196221
1505	-28.312045301394164	228.480454778
1506	-28.312045301394164	228.598327668
1507	-28.312045301394164	228.720528356
1508	-28.312045301394164	228.833245808
1509	-28.312045301394164	228.9579451
1510	-28.312045301394164	229.134082458
1511	-28.312045301394164	229.26506789
1512	-28.312045301394164	229.380691923
1513	-28.312045301394164	229.496362141
1514	-28.312045301394164	229.615594382
1515	-28.312045301394164	229.743387564
1516	-28.312045301394164	229.860454481
1517	-28.312045301394164	229.976161762
1518	-28.312045301394164	230.085363093
1519	-28.312045301394164	230.206114054
1520	-28.312045301394164	230.349197361
1521	-28.312045301394164	230.479181527
1522	-28.312045301394164	230.587208536
1523	-28.312045301394164	230.700556056
1524	-28.312045301394164	230.843500806
1525	-28.312045301394164	230.976522127
1526	-28.312045301394164	231.100188507
1527	-28.312045301394164	231.22370464
1528	-28.312045301394164	231.386328323
1529	-28.312045301394164	231.52682493
1530	-28.312045301394164	231.663869564
1531	-28.312045301394164	231.842302251
1532	-28.312045301394164	231.98226886
1533	-28.312045301394164	232.119595456
1534	-28.312045301394164	232.267887516
1535	-28.312045301394164	232.460609917
1536	-28.312045301394164	232.60727834
1537	-28.312045301394164	232.730127627
1538	-28.312045301394164	232.849918946
1539	-28.312045301394164	232.983856004
1540	-28.312045301394164	233.108469767
1541	-28.312045301394164	233.228990368
1542	-28.312045301394164	233.378707636
1543	-28.312045301394164	233.505496701
1544	-28.312045301394164	233.622874376
1545	-28.312045301394164	233.753338077
1546	-28.312045301394164	233.87520691
1547	-28.312045301394164	234.04960203
1548	-28.312045301394164	234.227802933
1549	-28.312045301394164	234.361511342
1550	-28.312045301394164	234.471846509
1551	-28.312045301394164	234.692103737
1552	-28.312045301394164	234.902874022
1553	-28.312045301394164	235.077431934
1554	-28.312045301394164	235.243279227
1555	-28.312045301394164	235.430189037
1556	-28.312045301394164	235.617549873
1557	-28.312045301394164	235.798641391
1558	-28.312045301394164	235.966174757
1559	-28.312045301394164	236.166879065
1560	-28.312045301394164	236.347181714
1561	-28.312045301394164	236.538505992
1562	-28.312045301394164	236.697976484
1563	-28.312045301394164	236.856241579
1564	-28.312045301394164	237.035963197
1565	-28.312045301394164	237.211308266
1566	-28.312045301394164	237.391434724
1567	-28.312045301394164	237.554147643
1568	-28.312045301394164	237.755503116
1569	-28.312045301394164	237.951158327
1570	-28.312045301394164	238.173649302
1571	-28.312045301394164	238.353125165
1572	-28.312045301394164	238.544258997
1573	-28.312045301394164	238.749940842
1574	-28.312045301394164	238.972898523
1575	-28.312045301394164	239.171764515
1576	-28.312045301394164	239.348170436
1577	-28.312045301394164	239.533672714
1578	-28.312045301394164	239.718750766
1579	-28.312045301394164	239.967595404
1580	-28.312045301394164	240.162320623
1581	-28.312045301394164	240.375335204
1582	-28.312045301394164	240.555465654
1583	-28.312045301394164	240.76210429
1584	-28.312045301394164	240.966220943
1585	-28.312045301394164	241.154207571
1586	-28.312045301394164	241.347879065
1587	-28.312045301394164	241.526718873
1588	-28.312045301394164	241.730316932
1589	-28.312045301394164	241.928465901
1590	-28.312045301394164	242.120794581
1591	-28.312045301394164	242.312507448
1592	-28.312045301394164	242.529105434
1593	-28.312045301394164	242.724423944
1594	-28.312045301394164	242.906136121
1595	-28.312045301394164	243.105464827
1596	-28.312045301394164	243.336640477
1597	-28.312045301394164	243.611516616
1598	-28.312045301394164	243.804340227
1599	-28.312045301394164	244.00870178
1600	-28.312045301394164	244.215491803
1601	-28.312045301394164	244.42260912
1602	-28.312045301394164	244.686754146
1603	-28.312045301394164	244.870528441
1604	-28.312045301394164	245.058975788
1605	-28.312045301394164	245.247454496
1606	-28.312045301394164	245.430115197
1607	-28.312045301394164	245.61629886
1608	-28.312045301394164	245.795353633
1609	-28.312045301394164	245.982254035
1610	-28.312045301394164	246.17993088
1611	-28.312045301394164	246.374947755
1612	-28.312045301394164	246.55350275
1613	-28.312045301394164	246.730972089
1614	-28.312045301394164	246.894449072
1615	-28.312045301394164	247.070986994
1616	-28.312045301394164	247.242345529
1617	-28.312045301394164	247.408956601
1618	-28.312045301394164	247.585563232
1619	-28.312045301394164	247.756343587
1620	-28.312045301394164	247.991729573
1621	-28.312045301394164	248.176973552
1622	-28.312045301394164	248.360453911
1623	-28.312045301394164	248.569812673
1624	-28.312045301394164	248.7549945
1625	-28.312045301394164	248.922293801
1626	-28.312045301394164	249.121305763
1627	-28.312045301394164	249.328412816
1628	-28.312045301394164	249.51757462
1629	-28.312045301394164	249.748972077
1630	-28.312045301394164	249.920732886
1631	-28.312045301394164	250.097962457
1632	-28.312045301394164	250.27126736
1633	-28.312045301394164	250.440252449
1634	-28.312045301394164	250.603153818
1635	-28.312045301394164	250.782273308
1636	-28.312045301394164	250.975531124
1637	-28.312045301394164	251.180739135
1638	-28.312045301394164	251.347047148
1639	-28.312045301394164	251.538090888
1640	-28.312045301394164	251.746025297
1641	-28.312045301394164	251.925575286
1642	-28.312045301394164	252.117750868
1643	-28.312045301394164	252.330295892
1644	-28.312045301394164	252.56200211
1645	-28.312045301394164	252.728837841
1646	-28.312045301394164	253.182790705
1647	-28.312045301394164	253.419957702
1648	-28.312045301394164	253.652011741
1649	-28.312045301394164	253.899044007
1650	-28.312045301394164	254.107410055
1651	-28.312045301394164	254.34195386
1652	-28.312045301394164	254.591126932
1653	-28.312045301394164	254.828433628
1654	-28.312045301394164	255.065939038
1655	-28.312045301394164	255.28496806
1656	-28.312045301394164	255.565339475
1657	-28.312045301394164	255.820171469
1658	-28.312045301394164	256.078802403
1659	-28.312045301394164	256.533722892
1660	-28.312045301394164	256.863962905
1661	-28.312045301394164	257.753802218
1662	-28.312045301394164	258.123037452
1663	-28.312045301394164	258.371160505
1664	-28.312045301394164	258.585960944
1665	-28.312045301394164	258.831348761
1666	-28.312045301394164	259.061835043
1667	-28.312045301394164	259.28249768
1668	-28.312045301394164	259.500529428
1669	-28.312045301394164	259.723256465
1670	-28.312045301394164	259.946462182
1671	-28.312045301394164	260.168924362
1672	-28.312045301394164	260.436510244
1673	-28.312045301394164	260.724214111
1674	-28.312045301394164	260.994658962
1675	-28.312045301394164	261.22105978
1676	-28.312045301394164	261.484366616
1677	-28.312045301394164	261.851746999
1678	-28.312045301394164	262.097723259
1679	-28.312045301394164	262.343767088
1680	-28.312045301394164	262.562981424
1681	-28.312045301394164	262.761060259
1682	-28.312045301394164	262.988766828
1683	-28.312045301394164	263.200823764
1684	-28.312045301394164	263.420943288
1685	-28.312045301394164	263.621381599
1686	-28.312045301394164	263.815772397
1687	-28.312045301394164	264.016677414
1688	-28.312045301394164	264.236432298
1689	-28.312045301394164	264.4388529
1690	-28.312045301394164	264.643650083
1691	-28.312045301394164	264.841038409
1692	-28.312045301394164	265.052061576
1693	-28.312045301394164	265.307521928
1694	-28.312045301394164	265.495394231
1695	-28.312045301394164	265.694231428
1696	-28.312045301394164	266.046615337
1697	-28.312045301394164	266.31695014
1698	-28.312045301394164	266.539062789
1699	-28.312045301394164	266.850404184
1700	-28.312045301394164	267.047117111
1701	-28.312045301394164	267.224701059
1702	-28.312045301394164	267.427605473
1703	-28.312045301394164	267.636979345
1704	-28.312045301394164	267.838809793
1705	-28.312045301394164	268.061608389
1706	-28.312045301394164	268.263314819
1707	-28.312045301394164	268.473526881
1708	-28.312045301394164	268.724533707
1709	-28.312045301394164	268.995490024
1710	-28.312045301394164	269.159573982
1711	-28.312045301394164	269.649643427
1712	-28.312045301394164	269.975261421
1713	-28.312045301394164	270.214125326
1714	-28.312045301394164	270.409273061
1715	-28.312045301394164	270.603923584
1716	-28.312045301394164	270.934724671
1717	-28.312045301394164	271.141204507
1718	-28.312045301394164	271.362498353
1719	-28.312045301394164	271.546713411
1720	-28.312045301394164	271.744728098
1721	-28.312045301394164	271.964610991
1722	-28.312045301394164	272.135290136
1723	-28.312045301394164	272.338696609
1724	-28.312045301394164	272.548433126
1725	-28.312045301394164	272.738205041
1726	-28.312045301394164	272.928199049
1727	-28.312045301394164	273.115959308
1728	-28.312045301394164	273.278054418
1729	-28.312045301394164	273.469051973
1730	-28.312045301394164	273.640736945
1731	-28.312045301394164	273.827514755
1732	-28.312045301394164	274.0080643
1733	-28.312045301394164	274.181356373
1734	-28.312045301394164	274.354492784
1735	-28.312045301394164	274.502643434
1736	-28.312045301394164	274.64592403
1737	-28.312045301394164	274.82072342
1738	-28.312045301394164	275.039962846
1739	-28.312045301394164	275.206708485
1740	-28.312045301394164	275.479253372
1741	-28.312045301394164	275.760334398
1742	-28.312045301394164	276.06822838
1743	-28.312045301394164	276.276680243
1744	-28.312045301394164	276.486407352
1745	-28.312045301394164	276.613874097
1746	-28.312045301394164	276.725287222
1747	-28.312045301394164	276.836858292
1748	-28.312045301394164	277.008205709
1749	-28.312045301394164	277.143637539
1750	-28.312045301394164	277.260226345
1751	-28.312045301394164	277.365830016
1752	-28.312045301394164	277.500928566
1753	-28.312045301394164	277.625497853
1754	-28.312045301394164	277.755097136
1755	-28.312045301394164	277.888666131
1756	-28.312045301394164	278.027706455
1757	-28.312045301394164	278.142146758
1758	-28.312045301394164	278.279058821
1759	-28.312045301394164	278.404134728
1760	-28.312045301394164	278.544643595
1761	-28.312045301394164	278.663727584
1762	-28.312045301394164	278.785294498
1763	-28.312045301394164	278.896362654
1764	-28.312045301394164	279.031148166
1765	-28.312045301394164	279.147845025
1766	-28.312045301394164	279.269618064
1767	-28.312045301394164	279.391131664
1768	-28.312045301394164	279.512316546
1769	-28.312045301394164	279.659165151
1770	-28.312045301394164	279.783113493
1771	-28.312045301394164	279.920297825
1772	-28.312045301394164	280.1550144
1773	-28.312045301394164	280.353468424
1774	-28.312045301394164	280.541545143
1775	-28.312045301394164	280.747059065
1776	-28.312045301394164	280.925581273
1777	-28.312045301394164	281.054921116
1778	-28.312045301394164	281.175828881
1779	-28.312045301394164	281.30512881
1780	-28.312045301394164	281.439950244
1781	-28.312045301394164	281.552946808
1782	-28.312045301394164	281.697226104
1783	-28.312045301394164	281.823447253
1784	-28.312045301394164	282.022494282
1785	-28.312045301394164	282.202550891
1786	-28.312045301394164	282.360013719
1787	-28.312045301394164	282.508937557
1788	-28.312045301394164	282.659339916
1789	-28.312045301394164	282.816727763
1790	-28.312045301394164	282.99215437
1791	-28.312045301394164	283.153606013
1792	-28.312045301394164	283.344352395
1793	-28.312045301394164	283.510540096
1794	-28.312045301394164	283.742578455
1795	-28.312045301394164	283.958415513
1796	-28.312045301394164	284.150372709
1797	-28.312045301394164	284.351356128
1798	-28.312045301394164	284.555693448
1799	-28.312045301394164	284.801845044
1800	-28.312045301394164	284.994709424
1801	-28.312045301394164	285.184707138
1802	-28.312045301394164	285.362366067
1803	-28.312045301394164	285.521217325
1804	-28.312045301394164	285.695891272
1805	-28.312045301394164	285.895417837
1806	-28.312045301394164	286.101335174
1807	-28.312045301394164	286.280773119
1808	-28.312045301394164	286.467722558
1809	-28.312045301394164	286.635607736
1810	-28.312045301394164	286.816546155
1811	-28.312045301394164	286.979430703
1812	-28.312045301394164	287.135010739
1813	-28.312045301394164	287.294039328
1814	-28.312045301394164	287.424580577
1815	-28.312045301394164	287.572903427
1816	-28.312045301394164	287.736997078
1817	-28.312045301394164	287.952533643
1818	-28.312045301394164	288.104948514
1819	-28.312045301394164	288.27644247
1820	-28.312045301394164	288.459310722
1821	-28.312045301394164	288.644632533
1822	-28.312045301394164	288.856645278
1823	-28.312045301394164	289.062657552
1824	-28.312045301394164	289.218350772
1825	-28.312045301394164	289.378630089
1826	-28.312045301394164	289.532044231
1827	-28.312045301394164	289.726900595
1828	-28.312045301394164	289.956749681
1829	-28.312045301394164	290.145536866
1830	-28.312045301394164	290.344386892
1831	-28.312045301394164	290.51438009
1832	-28.312045301394164	290.711171989
1833	-28.312045301394164	290.845733983
1834	-28.312045301394164	291.066931466
1835	-28.312045301394164	291.295255844
1836	-28.312045301394164	291.449761629
1837	-28.312045301394164	291.566330193
1838	-28.312045301394164	291.696761108
1839	-28.312045301394164	291.837159357
1840	-28.312045301394164	291.963030974
1841	-28.312045301394164	292.074541889
1842	-28.312045301394164	292.193782398
1843	-28.312045301394164	292.308772371
1844	-28.312045301394164	292.422131579
1845	-28.312045301394164	292.533517051
1846	-28.312045301394164	292.703188657
1847	-28.312045301394164	292.811851721
1848	-28.312045301394164	292.9477571
1849	-28.312045301394164	293.067914486
1850	-28.312045301394164	293.181838475
1851	-28.312045301394164	293.288686031
1852	-28.312045301394164	293.414707326
1853	-28.312045301394164	293.525145984
1854	-28.312045301394164	293.686261496
1855	-28.312045301394164	293.811079389
1856	-28.312045301394164	293.948586452
1857	-28.312045301394164	294.089832014
1858	-28.312045301394164	294.224130577
1859	-28.312045301394164	294.345518734
1860	-28.312045301394164	294.467880217
1861	-28.312045301394164	294.593215564
1862	-28.312045301394164	294.704528906
1863	-28.312045301394164	294.829597971
1864	-28.312045301394164	294.955062468
1865	-28.312045301394164	295.077851599
1866	-28.312045301394164	295.244550482
1867	-28.312045301394164	295.351251497
1868	-28.312045301394164	295.474223662
1869	-28.312045301394164	295.580537798
1870	-28.312045301394164	295.736110137
1871	-28.312045301394164	295.902705244
1872	-28.312045301394164	296.055604782
1873	-28.312045301394164	296.208522282
1874	-28.312045301394164	296.343141011
1875	-28.312045301394164	296.476630179
1876	-28.312045301394164	296.640367743
1877	-28.312045301394164	296.885606168
1878	-28.312045301394164	297.012066514
1879	-28.312045301394164	297.118370957
1880	-28.312045301394164	297.285487225
1881	-28.312045301394164	297.394000612
1882	-28.312045301394164	297.526861423
1883	-28.312045301394164	297.65657503
1884	-28.312045301394164	297.781942308
1885	-28.312045301394164	297.901340191
1886	-28.312045301394164	298.023733891
1887	-28.312045301394164	298.143536329
1888	-28.312045301394164	298.276895777
1889	-28.312045301394164	298.43060243
1890	-28.312045301394164	298.5628671
1891	-28.312045301394164	298.682121008
1892	-28.312045301394164	298.81439366
1893	-28.312045301394164	298.944563425
1894	-28.312045301394164	299.054328396
1895	-28.312045301394164	299.1874304
1896	-28.312045301394164	299.342679151
1897	-28.312045301394164	299.484197267
1898	-28.312045301394164	299.609912081
1899	-28.312045301394164	299.756355846
1900	-28.312045301394164	299.883530079
1901	-28.312045301394164	300.013842964
1902	-28.312045301394164	300.146007849
1903	-28.312045301394164	300.251523424
1904	-28.312045301394164	300.370082547
1905	-28.312045301394164	300.490747694
1906	-28.312045301394164	300.6167898
1907	-28.312045301394164	300.726935948
1908	-28.312045301394164	300.853411404
1909	-28.312045301394164	300.970953866
1910	-28.312045301394164	301.123340512
1911	-28.312045301394164	301.242525426
1912	-28.312045301394164	301.372306031
1913	-28.312045301394164	301.516859592
1914	-28.312045301394164	301.663460447
1915	-28.312045301394164	301.790190212
1916	-28.312045301394164	301.912562244
1917	-28.312045301394164	302.041242653
1918	-28.312045301394164	302.159790087
1919	-28.312045301394164	302.282755124
1920	-28.312045301394164	302.400604352
1921	-28.312045301394164	302.523272601
1922	-28.312045301394164	302.650650395
1923	-28.312045301394164	302.773571527
1924	-28.312045301394164	302.914376611
1925	-28.312045301394164	303.046300873
1926	-28.312045301394164	303.167266514
1927	-28.312045301394164	303.291895102
1928	-28.312045301394164	303.420812713
1929	-28.312045301394164	303.540610875
1930	-28.312045301394164	303.653345147
1931	-28.312045301394164	303.782406734
1932	-28.312045301394164	303.918315819
1933	-28.312045301394164	304.042548975
1934	-28.312045301394164	304.177883872
1935	-28.312045301394164	304.326628953
1936	-28.312045301394164	304.469199939
1937	-28.312045301394164	304.606525679
1938	-28.312045301394164	304.746417593
1939	-28.312045301394164	304.875046684
1940	-28.312045301394164	305.016531159
1941	-28.312045301394164	305.157761325
1942	-28.312045301394164	305.350432979
1943	-28.312045301394164	305.490840351
1944	-28.312045301394164	305.605528119
1945	-28.312045301394164	305.730890551
1946	-28.312045301394164	305.862962494
1947	-28.312045301394164	305.985063112
1948	-28.312045301394164	306.117550729
1949	-28.312045301394164	306.240781478
1950	-28.312045301394164	306.356765875
1951	-28.312045301394164	306.463591763
1952	-28.312045301394164	306.611717896
1953	-28.312045301394164	306.729661776
1954	-28.312045301394164	306.852120763
1955	-28.312045301394164	306.973199017
1956	-28.312045301394164	307.087462274
1957	-28.312045301394164	307.203305547
1958	-28.312045301394164	307.317101242
1959	-28.312045301394164	307.463993467
1960	-28.312045301394164	307.59382539
1961	-28.312045301394164	307.725110461
1962	-28.312045301394164	307.841044111
1963	-28.312045301394164	307.958375314
1964	-28.312045301394164	308.071937513
1965	-28.312045301394164	308.220599916
1966	-28.312045301394164	308.329284647
1967	-28.312045301394164	308.45506931
1968	-28.312045301394164	308.593150277
1969	-28.312045301394164	308.722221271
1970	-28.312045301394164	308.838530111
1971	-28.312045301394164	308.948744967
1972	-28.312045301394164	309.060345117
1973	-28.312045301394164	309.185030154
1974	-28.312045301394164	309.313605078
1975	-28.312045301394164	309.43571824
1976	-28.312045301394164	309.575243232
1977	-28.312045301394164	309.696472873
1978	-28.312045301394164	309.817812278
1979	-28.312045301394164	309.931357086
1980	-28.312045301394164	310.059019694
1981	-28.312045301394164	310.181280252
1982	-28.312045301394164	310.301656594
1983	-28.312045301394164	310.435005779
1984	-28.312045301394164	310.568430514
1985	-28.312045301394164	310.694470911
1986	-28.312045301394164	310.810438772
1987	-28.312045301394164	310.944314534
1988	-28.312045301394164	311.074350303
1989	-28.312045301394164	311.219250259
1990	-28.312045301394164	311.332469484
1991	-28.312045301394164	311.451886754
1992	-28.312045301394164	311.573093873
1993	-28.312045301394164	311.684127247
1994	-28.312045301394164	311.80963736
1995	-28.312045301394164	311.932806243
1996	-28.312045301394164	312.053410378
1997	-28.312045301394164	312.168908967
1998	-28.312045301394164	312.289910815
1999	-28.312045301394164	312.404436647
2000	-28.312045301394164	312.541408581
2001	-28.312045301394164	312.657803235
2002	-28.312045301394164	312.766346557
2003	-28.312045301394164	312.877289555
2004	-28.312045301394164	313.021601068
2005	-28.312045301394164	313.159554596
2006	-28.312045301394164	313.2833219
2007	-28.312045301394164	313.39743491
2008	-28.312045301394164	313.515867164
2009	-28.312045301394164	313.631324984
2010	-28.312045301394164	313.762170433
2011	-28.312045301394164	313.890954048
2012	-28.312045301394164	314.017908756
2013	-28.312045301394164	314.166983981
2014	-28.312045301394164	314.315131781
2015	-28.312045301394164	314.470029861
2016	-28.312045301394164	314.612835197
2017	-28.312045301394164	314.747353572
2018	-28.312045301394164	314.892096438
2019	-28.312045301394164	315.032754982
2020	-28.312045301394164	315.242559638
2021	-28.312045301394164	315.35524858
2022	-28.312045301394164	315.483362499
2023	-28.312045301394164	315.598973416
2024	-28.312045301394164	315.737870336
2025	-28.312045301394164	315.921734152
2026	-28.312045301394164	316.048457644
2027	-28.312045301394164	316.211382106
2028	-28.312045301394164	316.348559026
2029	-28.312045301394164	316.463635669
2030	-28.312045301394164	316.599998346
2031	-28.312045301394164	316.705448634
2032	-28.312045301394164	316.839678203
2033	-28.312045301394164	317.086705337
2034	-28.312045301394164	317.20192567
2035	-28.312045301394164	317.323512255
2036	-28.312045301394164	317.547259375
2037	-28.312045301394164	317.661890124
2038	-28.312045301394164	317.78957839
2039	-28.312045301394164	317.913094523
2040	-28.312045301394164	318.039303697
2041	-28.312045301394164	318.161809441
2042	-28.312045301394164	318.311048028
2043	-28.312045301394164	318.448473838
2044	-28.312045301394164	318.631708157
2045	-28.312045301394164	318.774643213
2046	-28.312045301394164	318.900421603
2047	-28.312045301394164	319.060854018
2048	-28.312045301394164	319.194038416
2049	-28.312045301394164	319.31263004
2050	-28.312045301394164	319.462973955
2051	-28.312045301394164	319.597212647
2052	-28.312045301394164	319.716847732
2053	-28.312045301394164	319.822540924
2054	-28.312045301394164	319.941564188
2055	-28.312045301394164	320.053144951
2056	-28.312045301394164	320.180022112
2057	-28.312045301394164	320.293747673
2058	-28.312045301394164	320.417134086
2059	-28.312045301394164	320.529513981
2060	-28.312045301394164	320.672865851
2061	-28.312045301394164	320.801836206
2062	-28.312045301394164	320.926555455
2063	-28.312045301394164	321.046138082
2064	-28.312045301394164	321.160223152
2065	-28.312045301394164	321.28174445
2066	-28.312045301394164	321.392558583
2067	-28.312045301394164	321.52569594
2068	-28.312045301394164	321.649910279
2069	-28.312045301394164	321.83648966
2070	-28.312045301394164	321.994644992
2071	-28.312045301394164	322.130955211
2072	-28.312045301394164	322.263154878
2073	-28.312045301394164	322.39691546
2074	-28.312045301394164	322.539478748
2075	-28.312045301394164	322.74172772
2076	-28.312045301394164	322.855793689
2077	-28.312045301394164	322.970852656
2078	-28.312045301394164	323.095681383
2079	-28.312045301394164	323.207225083
2080	-28.312045301394164	323.32949448
2081	-28.312045301394164	323.481634801
2082	-28.312045301394164	323.598601933
2083	-28.312045301394164	323.716280386
2084	-28.312045301394164	323.824486722
2085	-28.312045301394164	323.945912227
2086	-28.312045301394164	324.063081779
2087	-28.312045301394164	324.178978081
2088	-28.312045301394164	324.293702627
2089	-28.312045301394164	324.407970445
2090	-28.312045301394164	324.525123176
2091	-28.312045301394164	324.662273011
2092	-28.312045301394164	324.812361762
2093	-28.312045301394164	324.937499821
2094	-28.312045301394164	325.049430971
2095	-28.312045301394164	325.165586998
2096	-28.312045301394164	325.281150304
2097	-28.312045301394164	325.405827074
2098	-28.312045301394164	325.523237249
2099	-28.312045301394164	325.635901102
2100	-28.312045301394164	325.781507533
2101	-28.312045301394164	325.94154138
2102	-28.312045301394164	326.063866656
2103	-28.312045301394164	326.220220734
2104	-28.312045301394164	326.357831859
2105	-28.312045301394164	326.506437242
2106	-28.312045301394164	326.629480396
2107	-28.312045301394164	326.775123319
2108	-28.312045301394164	326.892112404
2109	-28.312045301394164	327.037542073
2110	-28.312045301394164	327.172232647
2111	-28.312045301394164	327.317765522
2112	-28.312045301394164	327.45038628
2113	-28.312045301394164	327.568957092
2114	-28.312045301394164	327.709373872
2115	-28.312045301394164	327.870398436
2116	-28.312045301394164	327.995276485
2117	-28.312045301394164	328.143210746
2118	-28.312045301394164	328.278296467
2119	-28.312045301394164	328.410287442
2120	-28.312045301394164	328.552906609
2121	-28.312045301394164	328.686125503
2122	-28.312045301394164	328.826127465
2123	-28.312045301394164	328.948201284
2124	-28.312045301394164	329.069454019
2125	-28.312045301394164	329.202008063
2126	-28.312045301394164	329.34834007
2127	-28.312045301394164	329.481120483
2128	-28.312045301394164	329.616835131
2129	-28.312045301394164	329.739805585
2130	-28.312045301394164	329.877222842
2131	-28.312045301394164	329.994763878
2132	-28.312045301394164	330.130601119
2133	-28.312045301394164	330.263820869
2134	-28.312045301394164	330.397269838
2135	-28.312045301394164	330.532256914
2136	-28.312045301394164	330.652278308
2137	-28.312045301394164	330.79928885
2138	-28.312045301394164	330.924966315
2139	-28.312045301394164	331.095552233
2140	-28.312045301394164	331.234061418
2141	-28.312045301394164	331.379934701
2142	-28.312045301394164	331.515746853
2143	-28.312045301394164	331.700066827
2144	-28.312045301394164	331.840457093
2145	-28.312045301394164	331.982596724
2146	-28.312045301394164	332.184477063
2147	-28.312045301394164	332.314235431
2148	-28.312045301394164	332.43833288
2149	-28.312045301394164	332.558874864
2150	-28.312045301394164	332.680879118
2151	-28.312045301394164	332.829067117
2152	-28.312045301394164	332.952297581
2153	-28.312045301394164	333.071325691
2154	-28.312045301394164	333.18335406
2155	-28.312045301394164	333.306284315
2156	-28.312045301394164	333.423246315
2157	-28.312045301394164	333.544377028
2158	-28.312045301394164	333.662657609
2159	-28.312045301394164	333.791237949
2160	-28.312045301394164	333.90750716
2161	-28.312045301394164	334.052903188
2162	-28.312045301394164	334.198526439
2163	-28.312045301394164	334.318950107
2164	-28.312045301394164	334.430917464
2165	-28.312045301394164	334.538403356
2166	-28.312045301394164	334.651600059
2167	-28.312045301394164	334.758543693
2168	-28.312045301394164	334.883581968
2169	-28.312045301394164	335.002609222
2170	-28.312045301394164	335.127118924
2171	-28.312045301394164	335.271804486
2172	-28.312045301394164	335.39567243
2173	-28.312045301394164	335.604356079
2174	-28.312045301394164	335.722762959
2175	-28.312045301394164	335.848823597
2176	-28.312045301394164	335.980127484
2177	-28.312045301394164	336.104781161
2178	-28.312045301394164	336.226990401
2179	-28.312045301394164	336.35338432
2180	-28.312045301394164	336.463092271
2181	-28.312045301394164	336.603927005
2182	-28.312045301394164	336.722687123
2183	-28.312045301394164	336.845048891
2184	-28.312045301394164	336.96566329
2185	-28.312045301394164	337.085140146
2186	-28.312045301394164	337.198148113
2187	-28.312045301394164	337.361883681
2188	-28.312045301394164	337.482707912
2189	-28.312045301394164	337.596606528
2190	-28.312045301394164	337.7196149
2191	-28.312045301394164	337.863865401
2192	-28.312045301394164	337.988866898
2193	-28.312045301394164	338.098538071
2194	-28.312045301394164	338.21802633
2195	-28.312045301394164	338.345170058
2196	-28.312045301394164	338.457500346
2197	-28.312045301394164	338.570745515
2198	-28.312045301394164	338.687086571
2199	-28.312045301394164	338.825645078
2200	-28.312045301394164	338.940648736
2201	-28.312045301394164	339.069283245
2202	-28.312045301394164	339.192161042
2203	-28.312045301394164	339.315164567
2204	-28.312045301394164	339.422213403
2205	-28.312045301394164	339.536292201
2206	-28.312045301394164	339.644331184
2207	-28.312045301394164	339.774672578
2208	-28.312045301394164	339.899321408
2209	-28.312045301394164	340.019914995
2210	-28.312045301394164	340.13441973
2211	-28.312045301394164	340.290611588
2212	-28.312045301394164	340.451864516
2213	-28.312045301394164	340.611744695
2214	-28.312045301394164	340.800275861
2215	-28.312045301394164	340.959563035
2216	-28.312045301394164	341.106373151
2217	-28.312045301394164	341.312016793
2218	-28.312045301394164	341.432746087
2219	-28.312045301394164	341.564997642
2220	-28.312045301394164	341.680356247
2221	-28.312045301394164	341.802330567
2222	-28.312045301394164	341.941699039
2223	-28.312045301394164	342.086235495
2224	-28.312045301394164	342.225004404
2225	-28.312045301394164	342.336774473
2226	-28.312045301394164	342.473376349
2227	-28.312045301394164	342.596862546
2228	-28.312045301394164	342.73304105
2229	-28.312045301394164	342.887978188
2230	-28.312045301394164	342.998669159
2231	-28.312045301394164	343.113661698
2232	-28.312045301394164	343.234889629
2233	-28.312045301394164	343.368050079
2234	-28.312045301394164	343.527209528
2235	-28.312045301394164	343.648477658
2236	-28.312045301394164	343.768178316
2237	-28.312045301394164	343.894248363
2238	-28.312045301394164	344.019733102
2239	-28.312045301394164	344.135559554
2240	-28.312045301394164	344.257225682
2241	-28.312045301394164	344.379776186
2242	-28.312045301394164	344.494442002
2243	-28.312045301394164	344.614271239
2244	-28.312045301394164	344.737787087
2245	-28.312045301394164	344.892948028
2246	-28.312045301394164	345.001804959
2247	-28.312045301394164	345.12937662
2248	-28.312045301394164	345.241618813
2249	-28.312045301394164	345.364688766
2250	-28.312045301394164	345.486017622
2251	-28.312045301394164	345.600989349
2252	-28.312045301394164	345.713927752
2253	-28.312045301394164	345.828131708
2254	-28.312045301394164	345.947822673
2255	-28.312045301394164	346.08639686
2256	-28.312045301394164	346.205161824
2257	-28.312045301394164	346.325519349
2258	-28.312045301394164	346.508897358
2259	-28.312045301394164	346.659453101
2260	-28.312045301394164	346.789565561
2261	-28.312045301394164	346.939912896
2262	-28.312045301394164	347.060088813
2263	-28.312045301394164	347.186891849
2264	-28.312045301394164	347.315412888
2265	-28.312045301394164	347.42547151
2266	-28.312045301394164	347.554496034
2267	-28.312045301394164	347.675979698
2268	-28.312045301394164	347.789460359
2269	-28.312045301394164	347.898299329
2270	-28.312045301394164	348.025642341
2271	-28.312045301394164	348.158572146
2272	-28.312045301394164	348.273989197
2273	-28.312045301394164	348.400746331
2274	-28.312045301394164	348.520236016
2275	-28.312045301394164	348.654501222
2276	-28.312045301394164	348.764514229
2277	-28.312045301394164	348.89551249
2278	-28.312045301394164	349.018837037
2279	-28.312045301394164	349.132621043
2280	-28.312045301394164	349.24576044
2281	-28.312045301394164	349.363859699
2282	-28.312045301394164	349.545765173
2283	-28.312045301394164	349.692075512
2284	-28.312045301394164	349.845265851
2285	-28.312045301394164	349.973880973
2286	-28.312045301394164	350.17157692
2287	-28.312045301394164	350.325759403
2288	-28.312045301394164	350.539039126
2289	-28.312045301394164	350.657669524
2290	-28.312045301394164	350.783199878
2291	-28.312045301394164	350.908800367
2292	-28.312045301394164	351.0442972
2293	-28.312045301394164	351.176304996
2294	-28.312045301394164	351.300333166
2295	-28.312045301394164	351.432641456
2296	-28.312045301394164	351.556710965
2297	-28.312045301394164	351.712486864
2298	-28.312045301394164	351.827250469
2299	-28.312045301394164	351.945439248
2300	-28.312045301394164	352.068588744
2301	-28.312045301394164	352.178233973
2302	-28.312045301394164	352.298515662
2303	-28.312045301394164	352.424260411
2304	-28.312045301394164	352.548362707
2305	-28.312045301394164	352.661595047
2306	-28.312045301394164	352.814339777
2307	-28.312045301394164	352.934137368
2308	-28.312045301394164	353.070384295
2309	-28.312045301394164	353.179451344
2310	-28.312045301394164	353.290845653
2311	-28.312045301394164	353.430417971
2312	-28.312045301394164	353.542549545
2313	-28.312045301394164	353.665182728
2314	-28.312045301394164	353.777459702
2315	-28.312045301394164	353.908122688
2316	-28.312045301394164	354.027305321
2317	-28.312045301394164	354.154866434
2318	-28.312045301394164	354.301739557
2319	-28.312045301394164	354.442127828
2320	-28.312045301394164	354.55270875
2321	-28.312045301394164	354.660902542
2322	-28.312045301394164	354.783825955
2323	-28.312045301394164	354.922456877
2324	-28.312045301394164	355.059066165
2325	-28.312045301394164	355.178256211
2326	-28.312045301394164	355.298347169
2327	-28.312045301394164	355.46801963
2328	-28.312045301394164	355.592441807
2329	-28.312045301394164	355.761477073
2330	-28.312045301394164	355.898108883
2331	-28.312045301394164	356.024958675
2332	-28.312045301394164	356.233449881
2333	-28.312045301394164	356.383485889
2334	-28.312045301394164	356.507212425
2335	-28.312045301394164	356.630187441
2336	-28.312045301394164	356.758473274
2337	-28.312045301394164	356.875450099
2338	-28.312045301394164	357.072041574
2339	-28.312045301394164	357.249932289
2340	-28.312045301394164	357.396445903
2341	-28.312045301394164	357.546298878
2342	-28.312045301394164	357.672019393
2343	-28.312045301394164	357.796562736
2344	-28.312045301394164	357.913555527
2345	-28.312045301394164	358.041034531
2346	-28.312045301394164	358.157059412
2347	-28.312045301394164	358.284276696
2348	-28.312045301394164	358.454590914
2349	-28.312045301394164	358.596413801
2350	-28.312045301394164	359.033239364
2351	-28.312045301394164	359.241338275
2352	-28.312045301394164	359.562228764
2353	-28.312045301394164	359.744080354
2354	-28.312045301394164	359.930533151
2355	-28.312045301394164	360.117391929
2356	-28.312045301394164	360.291717485
2357	-28.312045301394164	360.488853498
2358	-28.312045301394164	360.706234366
2359	-28.312045301394164	360.922064581
2360	-28.312045301394164	361.116491872
2361	-28.312045301394164	361.351239523
2362	-28.312045301394164	361.531421861
2363	-28.312045301394164	361.739755693
2364	-28.312045301394164	361.962853358
2365	-28.312045301394164	362.117699835
2366	-28.312045301394164	362.304210792
2367	-28.312045301394164	362.472364819
2368	-28.312045301394164	362.635862614
2369	-28.312045301394164	362.815357864
2370	-28.312045301394164	362.980255779
2371	-28.312045301394164	363.137341135
2372	-28.312045301394164	363.337424498
2373	-28.312045301394164	363.496948874
2374	-28.312045301394164	363.671005012
2375	-28.312045301394164	363.832874609
2376	-28.312045301394164	363.98929198
2377	-28.312045301394164	364.172705911
2378	-28.312045301394164	364.355202679
2379	-28.312045301394164	364.574202336
2380	-28.312045301394164	364.738826556
2381	-28.312045301394164	364.922907048
2382	-28.312045301394164	365.107990801
2383	-28.312045301394164	365.287863237
2384	-28.312045301394164	365.466520867
2385	-28.312045301394164	365.637568074
2386	-28.312045301394164	365.833322784
2387	-28.312045301394164	366.009312176
2388	-28.312045301394164	366.254058806
2389	-28.312045301394164	366.452739769
2390	-28.312045301394164	366.654748973
2391	-28.312045301394164	366.84008846
2392	-28.312045301394164	367.00906186
2393	-28.312045301394164	367.202500429
2394	-28.312045301394164	367.375911959
2395	-28.312045301394164	367.5956734
2396	-28.312045301394164	367.772963697
2397	-28.312045301394164	367.989632673
2398	-28.312045301394164	368.209912138
2399	-28.312045301394164	368.421539145
2400	-28.312045301394164	368.6176565
2401	-28.312045301394164	368.886659607
2402	-28.312045301394164	369.065808177
2403	-28.312045301394164	369.256171672
2404	-28.312045301394164	369.430031092
2405	-28.312045301394164	369.627327046
2406	-28.312045301394164	369.810517459
2407	-28.312045301394164	369.992117878
2408	-28.312045301394164	370.157321988
2409	-28.312045301394164	370.338493333
2410	-28.312045301394164	370.552435056
2411	-28.312045301394164	370.732164371
2412	-28.312045301394164	370.925250844
2413	-28.312045301394164	371.128142998
2414	-28.312045301394164	371.308855619
2415	-28.312045301394164	371.492581733
2416	-28.312045301394164	371.654210992
2417	-28.312045301394164	371.84243083
2418	-28.312045301394164	372.013705546
2419	-28.312045301394164	372.194027297
2420	-28.312045301394164	372.390316853
2421	-28.312045301394164	372.596120434
2422	-28.312045301394164	372.791816414
2423	-28.312045301394164	372.995328373
2424	-28.312045301394164	373.17705395
2425	-28.312045301394164	373.387582757
2426	-28.312045301394164	373.595619801
2427	-28.312045301394164	373.777345948
2428	-28.312045301394164	373.970733199
2429	-28.312045301394164	374.356429744
2430	-28.312045301394164	374.57000768
2431	-28.312045301394164	374.834904226
2432	-28.312045301394164	375.035701476
2433	-28.312045301394164	375.250693217
2434	-28.312045301394164	375.441127416
2435	-28.312045301394164	375.637384756
2436	-28.312045301394164	375.844976761
2437	-28.312045301394164	376.053773879
2438	-28.312045301394164	376.281191073
2439	-28.312045301394164	376.608769406
2440	-28.312045301394164	376.876454216
2441	-28.312045301394164	377.145899797
2442	-28.312045301394164	377.394422843
2443	-28.312045301394164	377.669573532
2444	-28.312045301394164	377.962122365
2445	-28.312045301394164	378.162245642
2446	-28.312045301394164	378.355837309
2447	-28.312045301394164	378.554868658
2448	-28.312045301394164	378.788173139
2449	-28.312045301394164	378.987217602
2450	-28.312045301394164	379.211496431
2451	-28.312045301394164	379.452105995
2452	-28.312045301394164	379.702572559
2453	-28.312045301394164	379.91190053
2454	-28.312045301394164	380.107782394
2455	-28.312045301394164	380.299593905
2456	-28.312045301394164	380.557229559
2457	-28.312045301394164	380.85610131
2458	-28.312045301394164	381.103498787
2459	-28.312045301394164	381.332892856
2460	-28.312045301394164	381.520883475
2461	-28.312045301394164	381.685870055
2462	-28.312045301394164	381.858230712
2463	-28.312045301394164	382.037485909
2464	-28.312045301394164	382.21762035
2465	-28.312045301394164	382.453181957
2466	-28.312045301394164	382.596550078
2467	-28.312045301394164	382.733023374
2468	-28.312045301394164	382.876658347
2469	-28.312045301394164	383.010355922
2470	-28.312045301394164	383.14816519
2471	-28.312045301394164	383.281719076
2472	-28.312045301394164	383.419295133
2473	-28.312045301394164	383.55357488
2474	-28.312045301394164	383.682649581
2475	-28.312045301394164	383.81456643
2476	-28.312045301394164	383.946768663
2477	-28.312045301394164	384.13358211
2478	-28.312045301394164	384.286428335
2479	-28.312045301394164	384.437901525
2480	-28.312045301394164	384.561563344
2481	-28.312045301394164	384.704993901
2482	-28.312045301394164	384.833766683
2483	-28.312045301394164	384.978220459
2484	-28.312045301394164	385.118035681
2485	-28.312045301394164	385.250443185
2486	-28.312045301394164	385.390955759
2487	-28.312045301394164	385.531933328
2488	-28.312045301394164	385.673224505
2489	-28.312045301394164	385.820396982
2490	-28.312045301394164	385.966055586
2491	-28.312045301394164	386.105883922
2492	-28.312045301394164	386.238804034
2493	-28.312045301394164	386.375796209
2494	-28.312045301394164	386.506757408
2495	-28.312045301394164	386.654645197
2496	-28.312045301394164	386.771202928
2497	-28.312045301394164	386.901471907
2498	-28.312045301394164	387.047014475
2499	-28.312045301394164	387.159222171
2500	-28.312045301394164	387.287615201
2501	-28.312045301394164	387.400974125
